No.	ID	loglik_NUll	loglik_RES	loglik_all	log_ratio	loglik_Max1	loglik_Max2	loglik_Max3
0	0	-595.99835	-554.00929	-559.8768	41.989063	-577.64129	-547.23976	-547.6319
1	1	-802.8717	-783.2258	-788.8689	19.645903	-786.01232	-774.76078	-776.80081
2	2	-961.34614	-947.85222	-954.90888	13.493924	-952.4317	-937.78	-939.47205
3	3	-707.46653	-661.41825	-667.28486	46.048278	-688.90701	-654.50501	-655.24385
4	4	-523.9893	-487.38978	-493.22489	36.599517	-514.04439	-480.56226	-480.32772
5	5	-829.07918	-813.55746	-818.27673	15.521722	-822.09774	-802.93801	-806.73533
6	6	-718.72285	-695.00701	-703.69562	23.71584	-706.40498	-687.88369	-688.41195
7	7	-612.08009	-600.88283	-606.62455	11.197266	-608.81098	-594.55689	-594.6653
8	8	-495.52169	-472.10755	-477.99752	23.414143	-492.06835	-464.50185	-465.2181
9	9	-731.68571	-733.39161	-735.75644	-1.7058946	-728.38542	-725.56171	-726.90166
10	10	-626.36533	-614.26585	-619.77144	12.099481	-623.09337	-604.6697	-605.08257
11	11	-704.94078	-691.92664	-697.76307	13.014139	-701.79627	-684.63504	-685.79264
12	12	-769.00987	-731.95681	-737.65301	37.05306	-750.04542	-726.05477	-726.11227
13	13	-734.23202	-713.3808	-719.10479	20.851213	-731.10546	-705.34737	-706.85103
14	14	-587.94686	-533.51122	-539.41388	54.43564	-568.31157	-526.57893	-526.49316
15	15	-679.65852	-650.74677	-656.44889	28.911753	-660.10554	-644.15242	-644.65994
16	16	-590.21194	-566.53068	-572.20863	23.681255	-572.69208	-560.23055	-560.2305
17	17	-761.13627	-728.62296	-734.48131	32.513311	-743.80161	-722.57225	-722.57308
18	18	-617.75752	-595.71186	-600.30696	22.045655	-614.47358	-585.0214	-589.50659
19	19	-879.00187	-851.52809	-857.21092	27.47378	-861.62218	-845.78213	-845.78207
20	20	-464.78257	-448.73686	-454.6064	16.045709	-461.28023	-441.796	-441.77065
21	21	-800.91472	-775.39755	-781.16039	25.517166	-783.27562	-767.6442	-768.96556
22	22	-701.55066	-653.95288	-659.81605	47.597782	-683.47092	-647.36856	-647.28524
23	23	-666.5114	-655.46202	-662.6356	11.049375	-663.26869	-649.66018	-649.86
24	24	-744.55984	-707.16832	-712.86048	37.391517	-725.98643	-700.79254	-701.21996
25	25	-535.71231	-485.14846	-491.03654	50.563849	-517.35286	-478.5766	-478.23055
26	26	-885.35389	-881.48735	-886.98425	3.8665352	-882.41536	-870.14921	-873.7557
27	27	-355.7266	-321.62543	-327.49235	34.101173	-342.89074	-314.18215	-314.17807
28	28	-604.06487	-561.65774	-567.42859	42.407132	-585.75601	-555.55025	-555.55036
29	29	-494.73269	-480.88287	-486.56366	13.849816	-491.28978	-472.81548	-474.32692
30	30	-779.84241	-766.25969	-772.13536	13.582718	-776.78225	-759.91371	-759.90374
31	31	-703.65392	-688.32292	-693.86253	15.330995	-700.3006	-679.85512	-682.20151
32	32	-800.4906	-789.57522	-795.41395	10.915373	-797.44432	-781.59625	-782.28753
33	33	-781.92064	-763.35609	-769.24072	18.564548	-766.14386	-756.86429	-757.00402
34	34	-649.06218	-608.15419	-614.12297	40.907994	-631.42598	-602.08731	-602.05634
35	35	-748.59208	-744.81105	-750.74516	3.7810333	-745.479	-731.61332	-737.71691
36	36	-767.1386	-742.1698	-749.45477	24.968795	-756.06057	-731.50619	-731.65611
37	37	-567.91012	-537.50046	-543.35152	30.409667	-557.55337	-529.80344	-529.30294
38	38	-777.45578	-768.5545	-774.25445	8.901279	-774.38345	-761.22888	-762.52053
39	39	-519.44118	-515.79979	-521.28824	3.6413878	-516.05065	-502.74265	-508.93236
40	40	-655.12484	-636.57188	-642.55265	18.552962	-648.35457	-630.68622	-630.68897
41	41	-655.36157	-624.07499	-630.06106	31.286577	-636.89538	-617.51472	-617.49241
42	42	-822.72409	-799.67019	-805.21523	23.053899	-804.26638	-790.75889	-793.72163
43	43	-602.52704	-572.39103	-578.07409	30.136002	-593.98912	-566.12531	-566.12555
44	44	-815.95353	-780.04461	-786.08612	35.908921	-796.88666	-771.87185	-771.86142
45	45	-666.68614	-650.76965	-656.03256	15.916486	-656.02966	-641.22908	-641.1893
46	46	-670.10103	-644.88421	-650.75462	25.216823	-655.91589	-637.17545	-638.73513
47	47	-672.6099	-651.13621	-656.99324	21.473689	-653.24464	-642.53102	-642.53109
48	48	-554.11743	-540.56284	-546.25077	13.554585	-550.75002	-530.99564	-533.90506
49	49	-470.47297	-456.72471	-462.84183	13.748259	-466.95976	-450.05864	-449.96767
50	50	-752.7956	-724.37762	-730.20113	28.417981	-734.77609	-718.52661	-718.52615
51	51	-555.47702	-544.5351	-550.61352	10.941917	-552.12241	-534.37151	-534.36943
52	52	-612.20173	-560.55708	-566.43995	51.64465	-593.64374	-554.23991	-554.23799
53	53	-570.09044	-535.26722	-541.12183	34.823223	-559.17015	-528.44518	-528.3879
54	54	-638.23269	-593.85767	-599.72283	44.375024	-620.14391	-587.63434	-587.6387
55	55	-631.05833	-622.01997	-628.52885	9.0383621	-627.7984	-615.72798	-615.58241
56	56	-762.57075	-729.23334	-735.06354	33.337409	-744.36526	-723.42787	-723.39598
57	57	-629.70281	-604.58075	-610.507	25.122064	-614.69789	-597.68249	-598.39296
58	58	-607.99326	-585.04763	-590.93922	22.945633	-604.68088	-576.05494	-578.3481
59	59	-405.27586	-400.45339	-405.05152	4.8224651	-401.69896	-390.75926	-390.75505
60	60	-885.01939	-860.487	-866.37103	24.532387	-875.56625	-851.61091	-854.2672
61	61	-423.34687	-415.70661	-421.54057	7.6402568	-419.81664	-407.6894	-409.01497
62	62	-593.49277	-569.38262	-574.8937	24.11015	-590.13268	-560.00841	-563.04474
63	63	-549.1763	-535.62891	-541.43412	13.547397	-545.82931	-524.39837	-524.88214
64	64	-861.44962	-858.94615	-865.06383	2.5034699	-858.43623	-849.62909	-852.16345
65	65	-581.90097	-582.99715	-585.9732	-1.0961818	-578.55707	-575.65416	-575.67008
66	66	-705.98746	-669.77644	-675.33218	36.21102	-692.0135	-660.85123	-663.2694
67	67	-665.90366	-636.92341	-642.83805	28.980253	-649.45378	-630.74793	-630.29327
68	68	-785.4368	-749.59612	-755.50988	35.840676	-768.58599	-743.01889	-743.02801
69	69	-855.72465	-833.98066	-837.09156	21.743983	-831.8558	-820.16722	-828.18707
70	70	-713.78056	-705.98334	-712.60182	7.7972142	-710.66444	-696.43833	-696.39956
71	71	-497.60638	-483.69334	-489.6174	13.913033	-494.17228	-476.25258	-477.26104
72	72	-570.21363	-573.25436	-574.46124	-3.0407341	-565.81105	-564.53886	-563.05203
73	73	-585.76453	-581.70144	-586.97953	4.0630936	-582.44789	-570.96923	-574.70491
74	74	-559.47431	-537.32228	-542.85529	22.152031	-550.80974	-526.79554	-530.57688
75	75	-580.53002	-558.97476	-564.86244	21.555259	-577.18299	-552.34798	-552.32686
76	76	-615.97308	-607.03883	-612.67348	8.9342502	-612.68062	-598.2606	-600.69855
77	77	-610.36944	-572.04142	-577.86157	38.328015	-591.58924	-564.41319	-565.99706
78	78	-602.87055	-588.24752	-593.3338	14.623035	-599.6091	-579.80571	-579.51246
79	79	-454.12781	-413.5698	-419.43493	40.558006	-436.20786	-406.53532	-406.45188
80	80	-853.77666	-853.88951	-857.85984	-0.11285604	-850.79055	-844.97349	-847.91079
81	81	-588.08921	-577.97498	-583.62606	10.114234	-584.77978	-569.15458	-571.16067
82	82	-736.08431	-706.79147	-712.67491	29.292837	-717.07582	-700.25353	-700.17106
83	83	-895.60003	-872.12857	-877.82982	23.471456	-870.23368	-865.94056	-866.37735
84	84	-738.62589	-737.07037	-742.42827	1.5555216	-735.55204	-729.73529	-730.05984
85	85	-717.59942	-696.54934	-702.30952	21.050075	-714.43919	-688.2883	-688.28334
86	86	-498.55019	-467.81215	-473.67256	30.738045	-495.09411	-460.57665	-459.57077
87	87	-769.18939	-748.6273	-754.92861	20.562091	-761.63875	-738.81422	-738.81218
88	88	-564.43221	-557.90261	-562.14862	6.5296041	-561.14708	-547.3367	-547.06887
89	89	-514.85032	-485.99958	-491.67046	28.850741	-511.44936	-478.78469	-479.52345
90	90	-632.9616	-623.19725	-628.91321	9.7643506	-629.71105	-616.97337	-616.97317
91	91	-715.73945	-686.21637	-692.12826	29.523079	-700.16529	-679.08021	-679.5972
92	92	-593.24369	-580.36829	-585.93238	12.875398	-589.92651	-571.95626	-571.74674
93	93	-885.78534	-867.07764	-872.77727	18.707697	-882.80959	-861.25255	-861.25156
94	94	-454.38117	-424.42637	-430.11204	29.954793	-450.86618	-417.77844	-417.77873
95	95	-944.51388	-917.97729	-924.67662	26.536582	-928.67036	-911.27365	-912.0452
96	96	-521.41811	-511.20025	-515.39865	10.217857	-518.01571	-500.48165	-500.00899
97	97	-489.0932	-476.84296	-482.56317	12.250239	-485.65566	-468.83933	-470.31914
98	98	-504.33202	-487.61317	-494.76086	16.718847	-500.90452	-480.8447	-480.13559
99	99	-659.48941	-624.52734	-630.39536	34.962069	-643.10112	-617.90025	-617.88222
100	100	-614.35919	-598.80445	-604.5224	15.554736	-611.0517	-589.39176	-589.3667
101	101	-727.10254	-701.46968	-706.93865	25.632863	-713.7674	-692.67388	-695.38986
102	102	-559.97418	-560.74791	-564.19189	-0.77372921	-556.63973	-553.50602	-554.13505
103	103	-703.67122	-680.49389	-686.3526	23.177332	-686.93345	-674.44708	-674.41732
104	104	-658.05148	-657.6807	-660.69522	0.37078041	-654.82508	-647.11911	-648.73148
105	105	-917.821	-915.43728	-921.16545	2.3837257	-914.549	-907.89441	-908.55123
106	106	-537.24702	-518.00665	-523.5156	19.240365	-533.88179	-508.60643	-511.58856
107	107	-749.25554	-746.16546	-751.42922	3.0900723	-746.15467	-739.94207	-739.68894
108	108	-560.03138	-513.63257	-519.5619	46.398809	-541.25611	-506.69199	-506.58471
109	109	-501.54699	-480.9494	-486.79554	20.597593	-498.13552	-473.63043	-474.07547
110	110	-685.50978	-663.40764	-669.3199	22.10214	-682.2914	-656.81366	-656.79613
111	111	-802.0518	-800.181	-805.6593	1.8707996	-799.00313	-791.02742	-792.16407
112	112	-813.61516	-786.27271	-791.94302	27.34244	-797.29058	-779.23601	-780.41083
113	113	-755.08785	-736.10015	-741.95944	18.987697	-744.11514	-729.11023	-730.08777
114	114	-727.32611	-698.57582	-704.26454	28.750293	-714.2435	-692.03094	-692.56439
115	115	-489.37042	-473.26067	-479.10622	16.109748	-485.96461	-466.56647	-466.37832
116	116	-599.81743	-592.74356	-599.58003	7.0738685	-596.52085	-584.51942	-586.15192
117	117	-835.23688	-803.28307	-809.15525	31.953809	-815.49048	-797.06678	-797.32139
118	118	-650.35804	-637.01319	-642.51232	13.344857	-647.12659	-624.73376	-630.49889
119	119	-714.40303	-698.96491	-705.76326	15.438116	-711.28796	-692.92886	-692.57423
120	120	-451.77665	-427.33382	-433.01247	24.44283	-448.25176	-420.66212	-420.66219
121	121	-687.18007	-684.61712	-690.16598	2.5629496	-684.02611	-672.34024	-678.19636
122	122	-825.8277	-783.85515	-789.7384	41.97255	-806.76686	-777.60618	-777.23103
123	123	-1151.3985	-1141.6104	-1147.0307	9.7880539	-1134.7414	-1129.896	-1130.7401
124	124	-1035.4846	-1020.379	-1026.1255	15.105656	-1018.9831	-1014.5459	-1014.7989
125	125	-681.70313	-682.62067	-685.5121	-0.91754586	-678.53093	-674.12371	-674.08047
126	126	-557.85309	-526.88587	-532.76107	30.967223	-545.0307	-520.56705	-520.56445
127	127	-760.82131	-738.21385	-743.56855	22.607464	-741.32345	-726.78873	-731.89016
128	128	-659.9726	-615.70832	-621.59227	44.264279	-640.57192	-609.5018	-609.4991
129	129	-687.74994	-649.22915	-655.07539	38.520792	-673.156	-642.60891	-642.51216
130	130	-720.09292	-689.87452	-697.54027	30.218393	-703.32377	-681.07331	-683.61031
131	131	-626.63605	-597.87879	-603.58118	28.757252	-613.75156	-590.97279	-591.69231
132	132	-445.31914	-425.42848	-431.10707	19.890662	-441.78789	-416.86447	-416.86009
133	133	-810.53481	-780.505	-786.38056	30.029807	-792.31378	-774.51055	-774.49666
134	134	-603.49482	-583.39442	-589.57551	20.100404	-595.16143	-572.23089	-573.62149
135	135	-474.25201	-439.88769	-445.60352	34.364321	-460.35415	-433.29396	-433.29347
136	136	-679.54664	-644.87358	-650.78408	34.673059	-663.47422	-638.24772	-638.30086
137	137	-491.30777	-476.45773	-482.08571	14.850036	-487.89623	-467.70645	-470.02242
138	138	-840.70949	-813.27715	-818.97891	27.432341	-824.04936	-806.35494	-807.47673
139	139	-539.01571	-519.22426	-525.07147	19.791454	-535.62343	-512.01842	-512.17677
140	140	-525.08952	-505.43438	-511.27431	19.655139	-521.6908	-497.94888	-498.57697
141	141	-608.41028	-568.64552	-574.52645	39.764762	-595.61674	-562.14853	-561.87436
142	142	-563.27275	-542.047	-547.92285	21.225755	-545.96828	-535.66391	-535.33465
143	143	-654.86001	-632.19055	-638.02149	22.66946	-651.60598	-625.52442	-625.50721
144	144	-709.94932	-710.3873	-714.13472	-0.43797102	-706.54815	-697.94332	-702.4029
145	145	-655.7136	-635.40379	-641.04964	20.309806	-652.44706	-624.93771	-627.1036
146	146	-683.71946	-669.71318	-675.39365	14.00628	-669.6255	-659.37202	-663.51278
147	147	-424.75788	-406.1875	-412.07747	18.570389	-421.15531	-397.95596	-399.08329
148	148	-501.18572	-485.02116	-490.59937	16.164563	-497.76657	-474.2093	-478.55483
149	149	-627.03325	-598.51804	-604.36586	28.515207	-623.77195	-591.52031	-591.89882
150	150	-657.54746	-623.10696	-628.93154	34.440504	-640.64888	-616.9832	-616.91
151	151	-614.77289	-607.35909	-613.24188	7.4138061	-611.47584	-600.33869	-600.75588
152	152	-627.22562	-607.1478	-613.03678	20.077816	-610.94296	-600.57436	-600.52957
153	153	-654.14008	-628.56491	-634.24497	25.575168	-634.6442	-619.43924	-618.917
154	154	-649.41383	-629.76849	-635.64459	19.645335	-629.83972	-623.59266	-623.59378
155	155	-827.24029	-801.27182	-806.86916	25.968462	-811.26602	-793.60267	-795.42004
156	156	-728.73925	-706.84046	-712.69907	21.898791	-715.78269	-700.49909	-700.79331
157	157	-528.75868	-479.59041	-485.44119	49.168272	-514.814	-472.30152	-472.33364
158	158	-746.68972	-744.61856	-750.86499	2.0711564	-743.59663	-732.9645	-735.94722
159	159	-823.94407	-807.06983	-812.91781	16.874237	-804.48448	-799.73956	-800.33604
160	160	-679.00013	-664.95109	-670.78788	14.049035	-675.80209	-658.75724	-658.4067
161	161	-637.4277	-610.92411	-616.65559	26.503588	-619.52809	-603.03964	-602.58307
162	162	-758.92598	-726.70714	-732.39719	32.218836	-739.63039	-720.70696	-720.70802
163	163	-546.12177	-512.43222	-518.07769	33.689544	-527.90657	-506.04759	-506.04644
164	164	-447.73265	-409.10957	-415.00517	38.623075	-444.1908	-401.99159	-401.95218
165	165	-734.2972	-705.9091	-711.77135	28.388099	-716.60466	-699.44501	-699.35585
166	166	-719.13523	-660.37428	-666.0702	58.760958	-700.75365	-654.41904	-654.41935
167	167	-499.44575	-457.71123	-463.57873	41.734523	-480.5505	-450.74322	-450.65709
168	168	-485.94631	-451.03544	-456.9374	34.910869	-482.46652	-443.209	-444.40498
169	169	-745.62046	-725.10936	-730.77912	20.511101	-742.4766	-716.4839	-718.55802
170	170	-639.23111	-611.8728	-617.57652	27.35831	-622.61963	-605.72703	-605.72695
171	171	-660.02929	-658.15682	-662.29147	1.8724714	-656.84607	-647.5438	-646.72408
172	172	-724.11525	-713.28436	-718.60337	10.830884	-714.85387	-703.74218	-707.16957
173	173	-685.17063	-684.15447	-687.97542	1.0161654	-682.02968	-674.3604	-676.30244
174	174	-559.31507	-550.07975	-555.73347	9.2353226	-555.93654	-542.25829	-543.3729
175	175	-677.59636	-657.90952	-663.74325	19.686843	-674.41284	-651.55733	-651.3991
176	176	-649.89851	-620.00475	-625.4784	29.893753	-636.35899	-610.83663	-613.82653
177	177	-531.06941	-507.92245	-514.50682	23.146965	-527.67576	-500.17244	-501.16363
178	178	-765.35658	-721.27625	-726.9651	44.080324	-746.48801	-715.32857	-715.32634
179	179	-440.53292	-405.84292	-411.70876	34.689992	-436.98457	-398.36235	-398.65633
180	180	-680.22248	-656.27906	-662.12107	23.943417	-666.23249	-650.08806	-650.08862
181	181	-611.0662	-589.5711	-595.44139	21.495104	-607.77151	-582.73109	-583.29746
182	182	-627.49406	-613.79217	-619.52351	13.70189	-613.73724	-604.61233	-605.06789
183	183	-795.01782	-777.25531	-783.26114	17.762507	-788.27417	-769.05752	-770.04535
184	184	-797.53213	-776.496	-782.495	21.036132	-789.87072	-770.32734	-770.23756
185	185	-459.94952	-414.51702	-420.3841	45.432505	-440.8142	-406.23517	-407.33617
186	186	-682.83649	-655.64106	-661.31894	27.195426	-679.64438	-646.50553	-649.18449
187	187	-541.51654	-514.7621	-519.97567	26.754443	-538.14865	-503.22218	-508.33763
188	188	-732.29795	-694.97222	-700.85149	37.325726	-713.19455	-688.83508	-688.42149
189	189	-636.88907	-609.00705	-615.05661	27.882015	-620.82665	-600.87257	-602.88998
190	190	-833.33564	-811.83235	-817.99974	21.503293	-820.18377	-805.87611	-805.59752
191	191	-842.169	-840.66925	-845.71175	1.4997441	-839.19976	-827.42311	-832.51138
192	192	-519.05589	-484.38678	-490.27978	34.669108	-515.66136	-476.48323	-477.87214
193	193	-524.58806	-502.08782	-507.95929	22.500239	-521.19212	-494.6629	-495.19353
194	194	-625.27566	-607.44379	-613.14143	17.831869	-622.01415	-599.70716	-601.26652
195	195	-674.15356	-665.2738	-671.09803	8.8797653	-670.96016	-650.2279	-658.56122
196	196	-874.42097	-858.80229	-865.92346	15.618687	-871.4355	-847.90487	-852.82948
197	197	-592.56638	-547.578	-553.26864	44.988377	-573.01795	-541.32287	-541.32274
198	198	-808.6884	-797.22236	-803.15015	11.466039	-791.72603	-791.14583	-791.12424
199	199	-755.74208	-728.61686	-734.90705	27.125219	-743.2907	-718.859	-718.85533
200	200	-506.60121	-486.91391	-493.58526	19.687298	-503.17835	-477.14779	-479.98119
201	201	-551.19395	-518.96171	-524.83906	32.232237	-534.10848	-512.51553	-512.06779
202	202	-708.41922	-707.75726	-712.55815	0.66195916	-705.28671	-700.20308	-701.24485
203	203	-563.34211	-530.50344	-536.34848	32.838668	-547.13568	-523.90833	-523.62473
204	204	-630.94314	-595.465	-601.3647	35.478141	-614.19741	-588.26721	-588.72575
205	205	-761.56421	-755.55953	-761.09444	6.0046799	-758.48625	-743.45063	-747.74185
206	206	-498.55343	-463.80983	-469.25067	34.743605	-495.08042	-454.13389	-457.18871
207	207	-514.29367	-489.79107	-496.72269	24.502594	-510.88654	-477.81518	-483.32258
208	208	-570.75008	-538.00498	-543.86077	32.745099	-556.25649	-530.71539	-531.22915
209	209	-754.46464	-729.82219	-736.1008	24.64245	-735.57297	-724.47401	-724.47783
210	210	-549.13519	-518.17297	-524.0269	30.962219	-540.55148	-511.47815	-511.36731
211	211	-863.0819	-834.86509	-840.7371	28.216818	-844.28463	-828.52353	-828.50048
212	212	-487.64418	-464.81764	-470.69251	22.826547	-484.20614	-457.94453	-457.86753
213	213	-659.42481	-651.78889	-657.50322	7.6359214	-656.18074	-643.49775	-645.23989
214	214	-719.25606	-706.49493	-712.19566	12.76113	-716.12756	-699.5923	-699.48919
215	215	-673.24581	-662.47927	-668.66347	10.766545	-668.09561	-654.25552	-656.42107
216	216	-591.18635	-580.64444	-586.29204	10.541906	-587.85397	-572.24585	-573.45398
217	217	-838.722	-808.27408	-813.94115	30.447923	-825.9146	-800.50456	-802.42163
218	218	-809.75551	-789.12384	-795.01363	20.631678	-806.71877	-779.65043	-781.16328
219	219	-1070.9342	-1050.778	-1056.7764	20.156224	-1057.2431	-1044.8712	-1044.8829
220	220	-492.23168	-470.32333	-476.19381	21.90835	-488.78501	-463.30987	-463.05098
221	221	-606.72587	-593.74034	-599.6066	12.985526	-603.45102	-585.35549	-585.88912
222	222	-412.58488	-407.17082	-414.59955	5.4140565	-408.96804	-400.105	-400.87687
223	223	-695.25267	-662.15857	-667.84424	33.094103	-677.13588	-656.13478	-656.13428
224	224	-730.15901	-723.35351	-729.06293	6.8055067	-715.6964	-715.03701	-715.96681
225	225	-703.32914	-701.99545	-707.39493	1.3336905	-700.16242	-690.529	-694.10888
226	226	-518.0302	-477.7461	-483.46756	40.284107	-499.99269	-470.54511	-471.26826
227	227	-547.28485	-538.57477	-545.98987	8.710083	-543.92594	-531.7086	-532.14915
228	228	-510.04617	-482.03717	-487.92368	28.008994	-497.96444	-474.8602	-475.56215
229	229	-724.73511	-707.40961	-712.55828	17.325496	-721.62584	-697.88637	-701.40578
230	230	-686.72974	-678.26882	-683.68241	8.4609125	-683.57266	-668.84353	-672.09707
231	231	-869.55652	-844.33265	-850.22599	25.223865	-852.34186	-835.84708	-835.81009
232	232	-841.75292	-812.70048	-818.64507	29.05244	-829.43489	-806.4048	-806.93893
233	233	-520.29975	-488.40893	-494.27657	31.89082	-502.00318	-481.2303	-481.87519
234	234	-525.81347	-504.21739	-510.08108	21.596073	-514.25987	-497.51358	-497.48667
235	235	-438.61026	-408.80707	-414.64665	29.803191	-435.0328	-401.9948	-401.98621
236	236	-555.38181	-524.12167	-529.81514	31.260142	-537.51604	-517.84222	-517.84252
237	237	-583.75489	-553.98054	-559.66968	29.774355	-580.38816	-547.06275	-547.65287
238	238	-703.77262	-694.27892	-700.12005	9.4936987	-700.65768	-682.94799	-686.80023
239	239	-631.3026	-613.26526	-619.15124	18.037346	-622.7093	-606.81594	-606.76787
240	240	-995.7843	-990.53839	-996.20168	5.2459194	-992.91236	-982.23476	-983.4965
241	241	-578.97113	-554.70537	-560.41727	24.265768	-567.05707	-548.41297	-548.4126
242	242	-801.19984	-796.46795	-802.10529	4.7318906	-798.17554	-787.64184	-789.76118
243	243	-688.58042	-688.43742	-692.75835	0.14300428	-685.37305	-678.59203	-679.61126
244	244	-663.34124	-636.63314	-642.32554	26.708101	-648.59565	-628.11156	-630.46323
245	245	-899.95439	-889.88345	-895.78911	10.070943	-888.66652	-878.85973	-884.01303
246	246	-464.24984	-422.78881	-428.67271	41.461025	-446.22518	-416.06522	-415.59842
247	247	-685.86296	-671.63565	-677.37221	14.227301	-682.66624	-663.85213	-665.76039
248	248	-647.27297	-614.60687	-620.46947	32.666101	-630.41212	-607.98533	-607.94999
249	249	-682.33007	-672.71338	-678.20163	9.616688	-679.18541	-661.67683	-666.55996
250	250	-679.37881	-667.27884	-672.96463	12.099967	-676.22432	-660.53523	-660.96883
251	251	-681.24955	-653.70938	-659.61156	27.540167	-662.66226	-646.75595	-647.05328
252	252	-495.15025	-456.21896	-461.91542	38.931296	-475.86988	-449.69632	-449.69352
253	253	-370.95416	-354.08132	-359.93807	16.872836	-367.21582	-347.18925	-347.18243
254	254	-521.91487	-501.49835	-507.51315	20.416526	-518.48143	-494.45601	-494.87425
255	255	-446.29173	-408.8959	-414.58957	37.395835	-425.60451	-402.26116	-402.26093
256	256	-750.35797	-727.29353	-733.1437	23.064436	-742.10204	-720.73106	-721.22611
257	257	-691.66442	-677.75092	-683.55939	13.913506	-688.48915	-671.27283	-671.60406
258	258	-709.38757	-693.76243	-699.45916	15.625144	-706.24702	-685.48246	-687.67237
259	259	-659.51213	-643.41823	-649.23409	16.093896	-656.27208	-636.33851	-637.33906
260	260	-669.15936	-654.13104	-656.53211	15.028314	-665.92253	-640.68059	-647.49889
261	261	-769.05651	-750.44384	-755.91855	18.61267	-765.95847	-739.31199	-744.45523
262	262	-597.74418	-567.62303	-573.488	30.121156	-580.37338	-560.28556	-560.10719
263	263	-551.91232	-498.85746	-504.71257	53.05486	-532.89963	-492.46679	-492.4644
264	264	-755.13181	-742.41757	-748.33091	12.714241	-752.06064	-735.42375	-736.17529
265	265	-488.24009	-458.21931	-464.07771	30.020786	-477.28091	-450.83481	-451.6698
266	266	-1036.9387	-1001.9438	-1007.8014	34.994915	-1016.7322	-996.34543	-996.33995
267	267	-546.61865	-518.96778	-524.84771	27.650869	-528.76441	-511.36579	-511.35519
268	268	-711.32658	-685.66088	-691.36787	25.665698	-696.72748	-679.60501	-679.60572
269	269	-596.92132	-582.98922	-588.99098	13.932108	-593.63488	-576.83039	-576.82471
270	270	-705.24226	-703.90063	-709.22181	1.3416316	-702.07393	-691.31491	-697.85468
271	271	-829.87967	-804.03848	-809.72099	25.841192	-811.80633	-798.13915	-798.13702
272	272	-729.98741	-709.90758	-715.78857	20.079823	-719.21553	-701.72938	-701.30783
273	273	-575.59772	-549.03192	-554.90212	26.565806	-572.20333	-540.3133	-540.81085
274	274	-675.46022	-654.49619	-660.15217	20.964023	-672.21454	-643.2801	-645.98503
275	275	-657.35149	-630.89277	-636.72231	26.458716	-638.66403	-620.06703	-620.06759
276	276	-474.77034	-456.7005	-462.55795	18.069842	-471.30492	-449.90109	-449.75166
277	277	-653.87574	-630.0663	-635.74578	23.809444	-636.39347	-623.93944	-623.93981
278	278	-482.00644	-464.10422	-469.98476	17.902221	-478.52517	-455.71124	-457.17947
279	279	-514.03649	-488.45032	-494.27378	25.586173	-510.65696	-480.1941	-481.41745
280	280	-651.02405	-616.87564	-622.92164	34.148408	-636.33132	-610.08042	-610.42915
281	281	-561.6293	-554.18835	-561.1685	7.440947	-558.25204	-546.33727	-547.01658
282	282	-634.75372	-603.92143	-609.78269	30.832285	-617.00656	-597.25488	-597.24637
283	283	-506.41394	-479.25827	-485.12044	27.155677	-500.78169	-472.19971	-472.2752
284	284	-701.88249	-673.05404	-678.919	28.828446	-683.9849	-666.44731	-666.35335
285	285	-805.08628	-773.75745	-779.46377	31.328823	-788.00218	-767.89013	-767.89003
286	286	-594.91529	-548.54189	-554.40451	46.373407	-576.29837	-542.17988	-542.15716
287	287	-616.14073	-600.82955	-606.55547	15.311185	-606.31409	-593.78524	-594.38624
288	288	-611.52552	-582.73623	-588.64611	28.789291	-594.22186	-576.32953	-576.01813
289	289	-966.8455	-964.84752	-968.21568	1.9979799	-963.97078	-952.73287	-958.31921
290	290	-695.38736	-689.58552	-695.40792	5.80184	-692.21379	-682.08871	-683.10743
291	291	-628.64722	-614.33767	-620.18358	14.309557	-625.38309	-605.93921	-605.93175
292	292	-554.56187	-557.07532	-558.83401	-2.5134503	-551.22106	-545.39157	-549.89174
293	293	-606.91044	-580.63928	-586.17106	26.271163	-591.07147	-571.62647	-574.35877
294	294	-677.27536	-659.2062	-665.54805	18.069163	-664.35931	-646.21212	-652.93685
295	295	-557.12343	-543.37098	-549.21402	13.752454	-553.77254	-536.98472	-536.96692
296	296	-683.68166	-678.7331	-683.88244	4.948552	-680.53269	-665.37535	-667.61821
297	297	-515.41579	-508.50255	-514.45634	6.9132343	-512.03284	-497.97921	-498.92478
298	298	-825.21931	-826.13087	-828.62448	-0.91156474	-822.22294	-816.93072	-817.06491
299	299	-841.03696	-832.59133	-838.18002	8.4456353	-838.04758	-817.50952	-826.15356
300	300	-558.31909	-553.14852	-558.94669	5.1705758	-554.97235	-543.26524	-546.67236
301	301	-787.30416	-770.59263	-776.35389	16.711535	-777.42685	-762.81195	-764.26029
302	302	-456.34898	-442.52327	-448.34863	13.825712	-452.84444	-435.51402	-435.49861
303	303	-581.46505	-562.19088	-570.14069	19.274169	-578.13189	-553.62708	-555.73024
304	304	-549.48518	-518.31711	-524.20913	31.168063	-533.93278	-511.92679	-511.37427
305	305	-761.40411	-720.22724	-726.11607	41.176868	-742.98577	-714.16537	-714.16213
306	306	-716.30323	-683.80779	-689.23669	32.495441	-700.47124	-673.45781	-677.20025
307	307	-447.58327	-424.27096	-430.13591	23.312313	-444.03825	-415.79217	-415.79266
308	308	-600.12975	-592.44207	-598.76626	7.6876747	-596.84412	-582.22042	-583.91669
309	309	-694.9017	-679.33067	-685.28701	15.571027	-686.80195	-669.6088	-669.57262
310	310	-592.86959	-562.68113	-568.59167	30.188452	-578.86173	-556.01552	-555.95688
311	311	-671.25348	-639.41173	-646.03763	31.841748	-653.18187	-633.54225	-633.53711
312	312	-383.61101	-373.60803	-379.48296	10.002978	-379.95053	-366.55079	-365.8748
313	313	-729.06878	-689.28323	-695.15068	39.785553	-709.57029	-682.33625	-682.55508
314	314	-677.57516	-649.35986	-653.98565	28.215301	-674.32565	-636.8001	-642.73474
315	315	-618.49118	-572.47486	-578.35871	46.016325	-599.7243	-566.18296	-566.18281
316	316	-917.81398	-869.34399	-875.22621	48.469988	-898.5475	-863.47614	-863.47532
317	317	-617.93045	-590.59698	-596.29386	27.333469	-614.62487	-583.88591	-584.3372
318	318	-565.97006	-557.2851	-562.96427	8.6849622	-562.65199	-550.22682	-549.74559
319	319	-488.08944	-474.08538	-479.93194	14.004055	-484.65024	-466.39393	-467.11689
320	320	-805.9577	-776.55535	-781.83607	29.402358	-787.51137	-767.36242	-767.36564
321	321	-917.62111	-909.25814	-916.14646	8.3629679	-914.67741	-899.33812	-903.61745
322	322	-516.34609	-496.22567	-502.09051	20.120425	-503.93186	-489.83642	-489.81317
323	323	-852.16177	-851.138	-856.181	1.0237716	-849.18361	-843.95229	-843.37428
324	324	-732.08836	-709.22629	-715.21318	22.86207	-719.10664	-703.06546	-703.48687
325	325	-729.80846	-711.19859	-717.05209	18.609866	-726.63319	-704.6544	-704.65912
326	326	-703.38223	-678.2306	-683.91016	25.151624	-689.77256	-670.39058	-672.18879
327	327	-796.84397	-786.84136	-791.83316	10.002617	-793.78639	-776.4708	-779.85724
328	328	-421.44168	-396.64745	-402.5602	24.794233	-416.30559	-387.43979	-387.42816
329	329	-594.01219	-573.78856	-579.65694	20.223632	-590.69756	-567.16745	-567.071
330	330	-720.73931	-688.67099	-694.51009	32.068327	-706.28007	-680.65001	-682.59061
331	331	-720.93299	-692.02665	-697.86697	28.906335	-706.63685	-685.64289	-685.48974
332	332	-745.00095	-717.786	-723.68887	27.214957	-726.24673	-711.17535	-711.36531
333	333	-550.04369	-535.5685	-541.4468	14.475182	-546.65087	-528.99995	-529.17533
334	334	-772.21162	-758.44056	-763.85342	13.771068	-762.28499	-747.43845	-752.44259
335	335	-681.05074	-678.50254	-683.61058	2.5482062	-677.87826	-664.1433	-672.40371
336	336	-1097.8797	-1094.7865	-1101.206	3.09316	-1093.9345	-1080.3269	-1088.225
337	337	-648.18896	-630.73006	-635.49041	17.4589	-644.95079	-619.74161	-624.16031
338	338	-632.19411	-623.38227	-629.09139	8.8118398	-628.8996	-614.38533	-616.69674
339	339	-724.45019	-709.85728	-715.55949	14.592912	-721.3325	-702.99107	-702.84172
340	340	-712.98318	-716.02245	-717.23298	-3.0392719	-709.85368	-706.52645	-708.84233
341	341	-564.27206	-527.70147	-533.56111	36.570588	-544.71718	-520.29761	-520.25774
342	342	-723.21804	-684.43982	-690.13938	38.77822	-705.23388	-678.45945	-678.45803
343	343	-635.37074	-626.60515	-630.84615	8.7655932	-632.12142	-615.91996	-615.845
344	344	-511.30326	-479.58305	-485.44521	31.720213	-507.87069	-471.83856	-472.60722
345	345	-837.67432	-839.24642	-841.75824	-1.5721059	-834.39964	-828.58273	-830.94955
346	346	-624.42204	-608.40614	-614.52541	16.015898	-621.18188	-602.11088	-602.15182
347	347	-575.85515	-556.19536	-562.61791	19.659799	-558.07571	-546.35179	-546.3423
348	348	-764.12731	-731.10432	-736.98796	33.022991	-745.32142	-725.05788	-725.05677
349	349	-592.03207	-564.97689	-570.82139	27.055179	-579.4047	-558.21401	-558.67704
350	350	-934.47578	-910.22908	-916.12393	24.246703	-916.74538	-903.44948	-903.90379
351	351	-817.84314	-794.70466	-800.58952	23.138485	-799.78242	-788.5796	-788.77907
352	352	-473.93639	-458.97923	-463.62351	14.957163	-470.47706	-451.40533	-451.41135
353	353	-655.3407	-613.62396	-619.50302	41.716739	-637.49096	-607.47145	-607.46071
354	354	-435.90577	-426.27914	-432.16436	9.6266312	-432.40417	-418.28495	-418.55374
355	355	-609.26917	-585.00703	-590.7045	24.262143	-606.002	-578.09481	-578.83721
356	356	-682.90119	-657.74298	-663.01984	25.158212	-666.66492	-646.01075	-651.62018
357	357	-721.58306	-691.61452	-697.26537	29.968548	-710.12974	-685.40034	-685.5467
358	358	-569.05621	-539.4599	-545.30815	29.596313	-561.0057	-533.2064	-532.91909
359	359	-666.53298	-647.3956	-656.40269	19.137378	-663.29845	-637.0666	-641.19781
360	360	-567.60329	-544.44015	-550.30483	23.16314	-549.4262	-538.08268	-538.08221
361	361	-857.71308	-846.51853	-851.23691	11.19455	-844.33866	-834.3498	-838.11568
362	362	-659.51313	-632.24874	-638.12601	27.264393	-656.20267	-625.23687	-625.56638
363	363	-810.79103	-806.37939	-812.08876	4.4116379	-807.8567	-798.39373	-798.56483
364	364	-568.86168	-534.87435	-540.75361	33.987335	-551.05482	-528.42009	-528.42092
365	365	-1127.1305	-1095.2668	-1101.1892	31.86377	-1110.739	-1088.8229	-1089.567
366	366	-725.42363	-707.87712	-713.74151	17.546513	-712.82953	-700.00819	-701.37613
367	367	-899.34995	-875.91423	-881.74854	23.435715	-893.85909	-870.18714	-870.18259
368	368	-675.06827	-663.02351	-667.29602	12.044762	-671.88829	-655.63231	-655.63276
369	369	-874.38062	-851.42963	-857.13134	22.950989	-863.5972	-845.45521	-845.61904
370	370	-784.4364	-773.94934	-779.92578	10.487055	-776.05428	-765.18785	-767.7729
371	371	-783.82904	-776.18328	-781.61498	7.6457626	-780.74979	-764.29161	-770.16228
372	372	-754.27615	-735.23983	-741.13023	19.03631	-746.03399	-727.6298	-728.87176
373	373	-662.01626	-644.05182	-649.96284	17.964443	-658.78916	-635.25702	-635.87338
374	374	-684.48479	-672.63868	-678.36831	11.846112	-681.29718	-663.29485	-666.36996
375	375	-533.1286	-502.83573	-508.6577	30.292871	-516.90094	-496.4574	-496.36403
376	376	-700.29805	-688.50866	-691.99967	11.789397	-696.62729	-679.05147	-679.04984
377	377	-888.33665	-871.49618	-876.9363	16.840466	-871.20482	-861.53399	-863.72624
378	378	-489.46067	-467.52398	-473.23347	21.936691	-485.97467	-460.05436	-460.99512
379	379	-621.41132	-620.00577	-625.0319	1.405547	-618.12927	-609.56819	-613.04643
380	380	-697.62084	-667.68228	-673.40749	29.938558	-679.18735	-661.6808	-661.68054
381	381	-568.93484	-547.05726	-552.91078	21.877581	-565.60734	-540.65299	-540.3621
382	382	-588.60174	-574.70569	-580.37047	13.896047	-585.25045	-566.08264	-566.04305
383	383	-577.61157	-569.02436	-576.77006	8.5872127	-574.26902	-561.9482	-562.34119
384	384	-678.09098	-648.74164	-654.67429	29.349338	-662.33229	-642.03784	-642.16528
385	385	-710.63239	-707.94367	-713.88902	2.6887195	-707.44292	-694.47686	-700.35595
386	386	-725.58847	-718.71988	-724.10998	6.8685888	-722.45273	-706.47421	-706.29905
387	387	-708.50437	-658.69598	-662.3789	49.808388	-690.04064	-647.26333	-652.70464
388	388	-590.28545	-578.43653	-583.83483	11.848917	-586.93999	-569.14545	-569.14557
389	389	-854.00195	-852.04942	-856.99053	1.9525293	-843.26909	-839.10535	-842.20895
390	390	-537.63371	-486.09808	-491.76067	51.535636	-517.68023	-479.67171	-479.67209
391	391	-729.12121	-696.00026	-701.87027	33.120953	-709.83593	-689.43546	-689.41379
392	392	-510.38076	-478.65534	-484.50326	31.72542	-499.85269	-471.71199	-471.65374
393	393	-478.22562	-447.35413	-453.21318	30.871491	-465.63444	-439.7043	-440.23024
394	394	-611.79474	-602.32033	-607.99511	9.4744165	-608.49826	-594.7732	-595.99172
395	395	-844.42823	-823.99377	-829.89272	20.434464	-837.10048	-817.47344	-817.68881
396	396	-812.91522	-811.16837	-815.85062	1.746848	-809.87291	-799.80449	-802.27398
397	397	-636.69794	-626.71819	-631.96021	9.9797492	-633.46579	-617.76688	-620.19941
398	398	-717.07945	-712.78397	-718.64103	4.295485	-713.93438	-704.08201	-706.81876
399	399	-974.19216	-966.14465	-971.55008	8.0475071	-964.36455	-957.35987	-960.39765
400	400	-456.81087	-416.99092	-422.84606	39.819954	-453.30233	-409.87082	-409.82606
401	401	-514.5499	-501.88266	-507.50328	12.667246	-511.1812	-495.47054	-495.4564
402	402	-628.79418	-603.06641	-608.92506	25.727768	-610.71115	-596.93904	-596.88411
403	403	-485.31476	-463.83134	-469.71717	21.483419	-469.41031	-456.45484	-457.02496
404	404	-478.04601	-455.79705	-461.51654	22.24896	-474.59813	-449.28542	-449.28662
405	405	-842.10204	-832.33409	-838.16656	9.7679527	-828.85464	-824.38284	-824.95822
406	406	-624.93049	-601.59743	-607.31009	23.333059	-608.08214	-595.48322	-595.48341
407	407	-712.9333	-689.94939	-695.4798	22.983912	-696.21255	-680.91506	-682.83779
408	408	-555.81951	-527.7455	-533.61908	28.074017	-544.03692	-520.68416	-520.88439
409	409	-786.26543	-761.51007	-767.19216	24.755368	-768.61546	-754.56176	-755.62622
410	410	-826.73812	-805.20419	-812.66451	21.533936	-823.66615	-797.3301	-798.68671
411	411	-758.06046	-739.81208	-745.53371	18.248383	-754.98129	-730.54967	-733.38901
412	412	-711.92989	-702.32842	-708.15054	9.6014726	-708.7685	-691.90494	-694.68118
413	413	-541.80049	-535.78233	-541.43617	6.0181606	-538.44688	-527.76436	-529.38862
414	414	-779.13304	-768.95485	-774.6554	10.178197	-771.11255	-762.57018	-762.95962
415	415	-591.05316	-539.67121	-545.52648	51.381951	-572.53764	-532.76074	-532.74911
416	416	-695.11146	-672.98357	-678.83978	22.12789	-691.90978	-666.40702	-666.37211
417	417	-581.25549	-557.19635	-561.37313	24.059144	-564.07777	-545.22575	-550.84893
418	418	-928.47584	-918.18505	-923.52107	10.290798	-916.52822	-910.43361	-910.56827
419	419	-422.39287	-404.99447	-410.6449	17.398405	-418.84971	-397.5815	-398.24655
420	420	-734.31728	-729.51748	-735.15473	4.7997999	-731.19122	-717.45945	-718.11874
421	421	-606.30005	-548.36221	-554.26975	57.937842	-587.79693	-541.96953	-541.97423
422	422	-597.94817	-534.42442	-540.09378	63.523752	-579.32514	-528.1117	-528.11234
423	423	-724.11995	-720.85257	-727.2998	3.2673854	-720.97568	-714.20236	-714.76971
424	424	-617.88144	-604.54312	-610.08491	13.338317	-614.65434	-593.77805	-598.42908
425	425	-569.17302	-537.95088	-543.6855	31.222136	-565.80238	-529.91643	-531.58683
426	426	-665.60145	-634.34852	-640.04359	31.252929	-646.40028	-628.23923	-628.2384
427	427	-671.72881	-642.43369	-648.3205	29.295124	-660.19082	-635.86405	-635.85926
428	428	-616.41876	-601.10736	-606.83426	15.311401	-613.10718	-594.40571	-594.41358
429	429	-752.07374	-734.26915	-740.00579	17.804588	-748.93396	-726.33018	-727.85596
430	430	-671.93121	-653.43341	-659.25313	18.497802	-661.90898	-644.86401	-647.40775
431	431	-899.3157	-872.54463	-878.26294	26.771075	-884.06451	-866.76691	-866.76719
432	432	-870.6397	-857.18475	-862.54823	13.454948	-867.6555	-847.06044	-851.31155
433	433	-614.62932	-590.64224	-596.67976	23.987079	-603.7785	-584.5672	-584.57353
434	434	-563.01058	-535.99891	-541.87692	27.011667	-555.33657	-529.14221	-529.50785
435	435	-870.80949	-839.56248	-845.15848	31.247013	-850.90043	-832.25969	-833.84425
436	436	-655.26135	-612.82902	-618.66608	42.432334	-637.70298	-606.03043	-606.02723
437	437	-429.12712	-398.97717	-404.64864	30.149954	-425.52813	-388.44018	-391.90733
438	438	-464.87223	-449.28643	-455.14618	15.5858	-461.38011	-442.67766	-442.34342
439	439	-575.29924	-559.76751	-565.79197	15.531724	-571.94023	-553.58494	-553.55825
440	440	-708.26559	-689.28328	-694.84704	18.982306	-685.1822	-681.39231	-683.22919
441	441	-703.05781	-669.24578	-675.15555	33.812033	-685.29277	-662.92622	-662.61686
442	442	-656.13453	-644.64853	-650.50493	11.485999	-647.03385	-634.88847	-634.85591
443	443	-646.27422	-630.43085	-636.28241	15.843369	-643.07425	-624.26781	-623.89593
444	444	-603.00539	-581.3883	-587.25443	21.617092	-585.70566	-569.27895	-572.13921
445	445	-545.95214	-526.96967	-532.83461	18.982467	-536.07111	-520.25363	-520.24529
446	446	-659.37613	-640.0988	-645.96042	19.277332	-656.15917	-632.95402	-633.64261
447	447	-772.78063	-744.63604	-750.52098	28.144588	-755.09022	-737.59231	-737.49273
448	448	-848.40617	-837.06209	-842.92775	11.344083	-843.30011	-829.06468	-831.1971
449	449	-599.73227	-571.60501	-577.46993	28.127268	-596.39619	-563.78606	-564.85948
450	450	-749.50347	-736.59578	-741.99593	12.90769	-739.73156	-726.25625	-726.96516
451	451	-626.65835	-584.55728	-590.45402	42.101068	-607.81384	-578.28713	-578.29317
452	452	-653.94344	-646.3449	-651.78842	7.5985442	-650.6924	-636.4493	-636.98321
453	453	-675.50992	-649.24243	-657.77076	26.267494	-663.96134	-640.69474	-643.21551
454	454	-751.50171	-739.95184	-745.87021	11.549873	-745.90458	-732.78381	-732.71544
455	455	-790.89389	-763.89689	-769.58555	26.997	-771.83392	-757.97077	-757.97094
456	456	-1061.7455	-1040.3253	-1045.5026	21.42019	-1042.6155	-1031.0768	-1034.731
457	457	-825.87722	-827.287	-830.07139	-1.409778	-822.864	-818.71704	-817.92932
458	458	-392.56904	-365.62074	-371.45287	26.948303	-387.99828	-355.10619	-358.35045
459	459	-696.55359	-664.74121	-670.57387	31.812373	-683.50719	-658.81236	-658.81124
460	460	-628.37492	-600.88544	-606.76312	27.489486	-625.10482	-593.6511	-594.17826
461	461	-701.69345	-690.52865	-696.36958	11.1648	-698.55648	-684.04539	-684.04667
462	462	-663.6485	-637.5907	-644.12978	26.057798	-644.00733	-626.52252	-625.00894
463	463	-493.1904	-467.99986	-474.02428	25.190546	-489.77424	-458.3334	-458.33165
464	464	-686.95708	-667.00662	-672.91965	19.950457	-683.76423	-660.49017	-660.69447
465	465	-586.84939	-561.98379	-567.81529	24.865596	-576.49428	-555.74439	-555.73062
466	466	-1027.4562	-1014.5589	-1020.4034	12.897319	-1015.5478	-1007.9959	-1008.0426
467	467	-842.67014	-839.40618	-846.01638	3.2639632	-839.67457	-828.75624	-833.63453
468	468	-830.4054	-803.53572	-809.39509	26.869678	-814.58477	-797.19847	-797.11864
469	469	-743.99966	-744.33854	-746.88199	-0.33887836	-740.91037	-729.79857	-734.68338
470	470	-649.41949	-645.11294	-649.42648	4.3065566	-646.18723	-637.32855	-637.33453
471	471	-866.26404	-851.30606	-857.13122	14.957978	-863.27094	-843.93705	-845.55394
472	472	-811.18082	-789.36774	-795.04276	21.813089	-803.10442	-782.87517	-783.44033
473	473	-567.25871	-537.06028	-542.90539	30.198427	-563.87665	-530.16942	-530.22551
474	474	-643.29265	-633.21921	-640.89387	10.07344	-632.98613	-625.33855	-625.40136
475	475	-607.86002	-600.21183	-606.06159	7.6481857	-604.56412	-590.53039	-593.92817
476	476	-590.31993	-529.71643	-535.59471	60.603495	-571.39766	-523.31887	-523.31185
477	477	-652.67159	-646.44059	-651.52142	6.2309932	-649.45251	-634.88015	-640.4299
478	478	-627.75509	-592.06041	-597.95772	35.694689	-609.69692	-585.81739	-585.45148
479	479	-816.33691	-790.07603	-795.93633	26.260874	-802.02096	-782.50317	-782.46003
480	480	-729.99137	-717.81723	-723.70607	12.174133	-726.87281	-709.65559	-709.81543
481	481	-605.99375	-587.70614	-593.5737	18.287601	-602.69443	-579.21065	-579.65473
482	482	-628.4345	-620.11439	-626.61926	8.3201152	-625.20105	-611.63652	-611.61066
483	483	-732.4085	-698.25026	-704.17735	34.15824	-718.55578	-691.9369	-691.67162
484	484	-923.30976	-907.8439	-913.5382	15.465864	-908.24656	-899.5604	-899.72291
485	485	-573.05797	-534.61959	-540.49421	38.438378	-559.43191	-527.43137	-527.77664
486	486	-731.74087	-724.71699	-730.09401	7.0238809	-728.59087	-714.44873	-716.79139
487	487	-645.40666	-635.4975	-641.70341	9.9091586	-642.16609	-626.57239	-626.57221
488	488	-659.52115	-618.91371	-624.58157	40.607447	-641.16823	-612.21297	-612.77613
489	489	-833.57701	-812.84853	-818.66268	20.728476	-817.42913	-806.88234	-806.87756
490	490	-919.77664	-908.8664	-914.54554	10.910236	-911.1905	-902.41958	-903.10029
491	491	-516.208	-513.68029	-519.57596	2.527706	-512.77889	-506.85133	-507.35116
492	492	-572.06981	-557.73585	-563.4207	14.333966	-568.74457	-551.09705	-551.37829
493	493	-336.68832	-332.08038	-337.81382	4.6079369	-332.84672	-322.48188	-322.20113
494	494	-750.17596	-724.41203	-729.80768	25.763932	-737.89895	-712.21979	-717.86291
495	495	-785.58946	-760.30041	-765.91402	25.289049	-765.08741	-746.95324	-754.41161
496	496	-823.54486	-802.6764	-808.52515	20.868462	-807.10227	-795.84105	-795.8439
497	497	-503.93916	-452.97651	-458.85503	50.962657	-483.84317	-446.34194	-445.91185
498	498	-584.86139	-560.908	-566.77788	23.953393	-581.53728	-554.05843	-554.55766
499	499	-586.80117	-555.12528	-560.95594	31.675885	-571.01564	-548.50756	-548.2918
