No.	ID	loglik_NUll	loglik_RES	loglik_all	log_ratio	loglik_Max1	loglik_Max2	loglik_Max3
0	0	-1295.2921	-1240.7421	-1253.616	54.549959	-1276.0156	-1233.153	-1234.4425
1	1	-1481.5058	-1423.191	-1436.2719	58.314777	-1463.0647	-1416.7836	-1417.3585
2	2	-1782.8214	-1742.4723	-1755.5494	40.349107	-1763.6861	-1736.9273	-1736.9263
3	3	-1501.3851	-1467.4766	-1480.5487	33.908486	-1482.8906	-1459.2946	-1459.3214
4	4	-1440.5464	-1425.4787	-1438.9241	15.067696	-1437.0763	-1413.9098	-1414.2064
5	5	-1741.4764	-1709.1576	-1722.0248	32.318764	-1724.2932	-1703.4935	-1703.4719
6	6	-1389.039	-1287.1205	-1300.2319	101.91843	-1370.5743	-1281.208	-1281.2081
7	7	-1348.0318	-1272.3314	-1285.6003	75.700474	-1329.292	-1265.967	-1265.9663
8	8	-1136.05	-1084.9039	-1098.1323	51.146113	-1117.1836	-1078.4508	-1078.452
9	9	-1206.2615	-1167.3383	-1180.3769	38.92323	-1202.697	-1157.1793	-1157.182
10	10	-1131.6411	-1113.9882	-1125.3807	17.652903	-1127.9957	-1100.1843	-1102.7693
11	11	-1052.1553	-978.53929	-991.63052	73.616034	-1033.5111	-968.13865	-968.07354
12	12	-2119.887	-2082.6008	-2095.6968	37.28617	-2100.949	-2076.8156	-2077.2069
13	13	-1853.3105	-1811.5715	-1822.9186	41.738974	-1834.5858	-1805.6767	-1805.692
14	14	-1325.5936	-1265.7805	-1278.72	59.813077	-1307.449	-1258.6563	-1259.7594
15	15	-987.72525	-910.073	-923.26936	77.652254	-968.97725	-903.00851	-903.34767
16	16	-1464.7191	-1409.6917	-1422.9295	55.027429	-1441.7464	-1403.5559	-1403.5897
17	17	-1654.8109	-1618.3313	-1631.3282	36.479618	-1641.4165	-1607.5788	-1608.2329
18	18	-1660.9035	-1633.154	-1646.0563	27.749434	-1642.5998	-1626.8167	-1626.753
19	19	-1109.5616	-1045.9324	-1059.1669	63.629211	-1090.505	-1039.4177	-1039.416
20	20	-2060.8358	-2062.9749	-2063.9112	-2.1390965	-2057.6984	-2050.6778	-2053.6627
21	21	-1231.961	-1173.2083	-1186.4454	58.752677	-1213.7959	-1166.8829	-1166.8812
22	22	-1368.5634	-1306.4776	-1319.5907	62.085876	-1350.3514	-1300.5369	-1300.5421
23	23	-1327.011	-1255.9894	-1269.1144	71.021601	-1308.5921	-1250.0328	-1250.0319
24	24	-1449.3419	-1385.935	-1399.171	63.40687	-1431.1361	-1379.0385	-1378.9989
25	25	-1370.3072	-1322.9503	-1336.0491	47.356971	-1358.0998	-1316.9616	-1316.9609
26	26	-1244.2966	-1162.2125	-1175.4483	82.084035	-1225.7412	-1156.1308	-1156.115
27	27	-1770.9975	-1717.414	-1730.4043	53.583535	-1752.9148	-1710.5392	-1711.8095
28	28	-1317.9346	-1271.3236	-1280.8153	46.611051	-1314.3641	-1264.4397	-1264.4411
29	29	-1107.3668	-1026.7886	-1039.9016	80.578208	-1088.7874	-1020.491	-1020.4903
30	30	-1590.666	-1551.3365	-1564.5806	39.329549	-1587.285	-1545.1536	-1545.334
31	31	-1706.0439	-1691.6707	-1701.5239	14.373229	-1702.7114	-1679.9999	-1685.6406
32	32	-1413.3469	-1326.0235	-1339.1252	87.323447	-1394.9376	-1320.0994	-1320.0997
33	33	-1526.4046	-1477.6838	-1490.9186	48.720838	-1508.2797	-1471.6024	-1471.602
34	34	-1388.8003	-1337.7519	-1350.9936	51.048396	-1370.337	-1331.0656	-1331.5062
35	35	-1111.312	-1021.4359	-1034.5671	89.876164	-1092.2773	-1015.1752	-1015.1764
36	36	-1208.5165	-1143.0407	-1156.0517	65.47585	-1188.5592	-1135.032	-1136.6354
37	37	-1799.3266	-1771.8119	-1784.4171	27.514779	-1781.9259	-1762.9913	-1764.1453
38	38	-1650.0166	-1536.3888	-1549.4889	113.62781	-1631.7464	-1530.818	-1530.818
39	39	-1536.8095	-1442.5514	-1455.6363	94.258119	-1518.2441	-1436.8312	-1436.831
40	40	-1251.8226	-1195.1406	-1208.2572	56.681914	-1233.4359	-1189.1118	-1189.113
41	41	-1413.9269	-1362.9293	-1376.0185	50.99765	-1393.7704	-1356.4192	-1356.8267
42	42	-1777.612	-1772.8308	-1780.7417	4.7811851	-1774.3669	-1763.5805	-1766.593
43	43	-2017.9854	-1992.1163	-2003.9993	25.869141	-2000.4872	-1985.3734	-1986.2746
44	44	-1294.5606	-1248.0877	-1261.3397	46.472906	-1274.5359	-1241.3462	-1241.2836
45	45	-2258.0389	-2202.0842	-2215.2082	55.954643	-2238.4903	-2196.8911	-2196.8912
46	46	-1391.315	-1337.9632	-1351.0485	53.35185	-1372.4951	-1332.0282	-1332.0137
47	47	-1552.4079	-1471.6676	-1484.9583	80.740234	-1534.1342	-1465.6081	-1465.6089
48	48	-1546.0519	-1511.4523	-1524.1548	34.599642	-1542.6393	-1505.4289	-1505.4292
49	49	-1665.4557	-1628.7827	-1641.4528	36.673036	-1647.0762	-1620.0783	-1622.8539
50	50	-1322.9566	-1262.4412	-1275.6763	60.515422	-1304.6258	-1255.4171	-1255.3747
51	51	-1638.5799	-1633.1874	-1643.1305	5.3924848	-1635.2228	-1622.2931	-1627.2466
52	52	-1498.4255	-1431.7242	-1444.7308	66.701333	-1479.7846	-1424.0831	-1425.101
53	53	-1125.5998	-1101.622	-1114.5528	23.977874	-1121.9647	-1090.1512	-1090.1645
54	54	-1496.9222	-1448.1448	-1461.3971	48.777383	-1478.8237	-1442.0655	-1442.0667
55	55	-1657.3489	-1625.6855	-1638.7145	31.66335	-1639.4558	-1619.9345	-1619.9342
56	56	-1736.9205	-1655.7427	-1668.8411	81.177853	-1718.2139	-1650.2129	-1650.2153
57	57	-1703.05	-1646.3287	-1659.4463	56.721223	-1684.887	-1640.6849	-1640.7057
58	58	-1227.364	-1164.4428	-1177.701	62.92119	-1208.3825	-1158.0248	-1158.0253
59	59	-1977.8039	-1949.0388	-1961.6117	28.765067	-1974.6	-1936.5001	-1941.9573
60	60	-1432.6428	-1375.8594	-1389.1285	56.783411	-1414.146	-1368.9193	-1368.8603
61	61	-1899.4857	-1866.5564	-1879.627	32.929211	-1877.7466	-1858.0376	-1860.7496
62	62	-1439.2538	-1409.348	-1422.2978	29.905848	-1435.8072	-1400.8156	-1402.7762
63	63	-1522.5726	-1491.0236	-1503.8325	31.549029	-1507.8338	-1483.209	-1485.1638
64	64	-1895.9876	-1867.4652	-1877.6869	28.522353	-1875.8313	-1861.2592	-1861.8285
65	65	-1284.4059	-1256.6505	-1267.9745	27.755315	-1280.8865	-1250.5752	-1250.5723
66	66	-939.93909	-916.6466	-929.48198	23.292486	-936.11643	-907.11094	-909.42077
67	67	-1966.0778	-1906.4704	-1919.5764	59.607434	-1947.9237	-1901.0609	-1901.0615
68	68	-1262.3368	-1224.0774	-1237.1989	38.25941	-1258.7793	-1217.9647	-1217.9617
69	69	-1192.9712	-1152.0824	-1163.5344	40.888771	-1189.3573	-1145.7664	-1145.7348
70	70	-1480.65	-1435.0648	-1447.8932	45.585213	-1465.9149	-1427.8809	-1429.0796
71	71	-1652.9638	-1596.7776	-1609.8998	56.186192	-1634.3425	-1591.1803	-1591.1816
72	72	-1949.3477	-1896.7163	-1909.9705	52.631426	-1931.5968	-1890.0096	-1889.9703
73	73	-1318.5871	-1233.2632	-1246.3534	85.323905	-1300.1532	-1227.212	-1227.216
74	74	-1397.5918	-1331.0945	-1344.1727	66.497388	-1379.0139	-1325.1614	-1325.1603
75	75	-1431.5619	-1386.0767	-1397.1496	45.485285	-1412.7571	-1376.8929	-1376.8837
76	76	-1426.7362	-1378.5879	-1391.6929	48.148281	-1407.8271	-1372.7196	-1372.7169
77	77	-1171.7767	-1117.2823	-1130.3877	54.494326	-1152.3434	-1111.0837	-1111.0817
78	78	-1436.3873	-1357.338	-1370.4124	79.049275	-1417.8164	-1351.5421	-1351.5435
79	79	-1933.0896	-1888.0803	-1901.1879	45.009254	-1914.2733	-1882.6175	-1882.6167
80	80	-1857.3874	-1803.4381	-1816.5489	53.94925	-1838.6789	-1797.9581	-1797.9583
81	81	-1291.9534	-1225.7305	-1238.9587	66.222897	-1273.1854	-1219.4057	-1219.3927
82	82	-1173.1505	-1127.2579	-1140.4749	45.892635	-1154.3499	-1120.3238	-1120.316
83	83	-1120.387	-1053.0696	-1066.3843	67.317373	-1100.8427	-1045.7397	-1045.6933
84	84	-1081.8172	-1025.1525	-1038.2546	56.664688	-1062.8018	-1018.9231	-1018.9216
85	85	-1208.1899	-1146.2384	-1159.3239	61.951426	-1188.7396	-1140.1159	-1140.1162
86	86	-1169.5689	-1052.8112	-1066.0972	116.75763	-1150.8819	-1046.0272	-1046.0203
87	87	-1492.7171	-1450.7881	-1464.0352	41.929029	-1473.6416	-1444.1995	-1444.1884
88	88	-1360.0637	-1278.539	-1291.8034	81.524701	-1341.629	-1272.2404	-1272.2397
89	89	-1530.1383	-1481.2144	-1490.5395	48.923844	-1526.705	-1470.8655	-1475.1942
90	90	-899.22406	-827.06818	-840.34875	72.155881	-879.34765	-819.63935	-819.63927
91	91	-1326.4552	-1265.2621	-1278.5101	61.193014	-1307.681	-1258.0501	-1258.0492
92	92	-1063.0803	-986.22062	-999.43801	76.859656	-1044.0581	-979.57904	-979.58606
93	93	-1091.8617	-1032.2404	-1045.5014	59.621377	-1088.1873	-1025.0632	-1025.0636
94	94	-1548.1451	-1486.9002	-1500.1614	61.244892	-1529.9851	-1480.8016	-1480.8038
95	95	-1765.1656	-1721.7421	-1734.697	43.423425	-1745.4988	-1714.5479	-1716.1503
96	96	-1234.539	-1193.7674	-1205.3026	40.771644	-1230.9847	-1187.6524	-1187.6504
97	97	-1678.2358	-1640.2898	-1653.5413	37.946	-1660.1702	-1633.0713	-1632.9728
98	98	-1552.1845	-1519.1514	-1530.437	33.03311	-1532.5627	-1510.8321	-1513.2974
99	99	-1345.9059	-1263.2488	-1276.5004	82.657101	-1327.1551	-1256.8989	-1256.8798
100	100	-1216.4421	-1160.6065	-1173.7248	55.835537	-1197.6325	-1154.5243	-1154.5244
101	101	-1400.4651	-1338.6688	-1351.9547	61.796276	-1382.1922	-1331.4909	-1331.4633
102	102	-1358.6371	-1268.0476	-1281.3203	90.589507	-1339.9724	-1261.6793	-1261.6786
103	103	-1987.4826	-1961.4402	-1973.5821	26.042394	-1968.775	-1955.7392	-1955.9696
104	104	-1325.8446	-1273.9495	-1287.1802	51.895157	-1307.3336	-1267.7102	-1267.7117
105	105	-1554.251	-1510.5513	-1523.774	43.699738	-1535.7354	-1504.5224	-1504.5186
106	106	-1373.5089	-1339.9213	-1352.0632	33.587624	-1369.9714	-1330.554	-1333.9422
107	107	-1181.9776	-1126.5087	-1139.0825	55.468854	-1163.2316	-1120.0784	-1120.0772
108	108	-1857.9325	-1820.6702	-1833.7578	37.26234	-1834.2857	-1814.9988	-1814.9137
109	109	-758.32821	-663.09279	-676.30731	95.23542	-738.44776	-655.66633	-655.65576
110	110	-1434.9721	-1404.8845	-1418.3008	30.087566	-1431.5177	-1394.7344	-1395.6664
111	111	-1856.6692	-1814.399	-1825.0155	42.270193	-1835.6756	-1802.7453	-1808.5802
112	112	-1143.8986	-1051.7862	-1065.0179	92.112455	-1125.0353	-1044.2386	-1044.2268
113	113	-1678.6458	-1642.3626	-1655.4847	36.283181	-1659.9754	-1635.6209	-1636.6117
114	114	-1691.9335	-1653.9323	-1667.1454	38.001169	-1672.6543	-1648.0777	-1648.0729
115	115	-1335.5623	-1276.561	-1289.8132	59.001289	-1315.8686	-1269.6198	-1269.5915
116	116	-1440.5752	-1397.1806	-1410.2786	43.394639	-1422.705	-1390.6276	-1390.615
117	117	-1257.588	-1236.5577	-1248.3088	21.030324	-1254.0199	-1226.6542	-1228.4496
118	118	-1225.5272	-1157.3086	-1170.4046	68.218652	-1206.9307	-1151.2163	-1151.2186
119	119	-1298.5275	-1239.4802	-1252.7118	59.047333	-1278.93	-1233.2165	-1233.1979
120	120	-1184.3865	-1114.4174	-1127.6602	69.969102	-1165.0445	-1107.3116	-1107.2978
121	121	-1450.1855	-1420.3786	-1429.8156	29.80687	-1446.7364	-1412.1754	-1413.0603
122	122	-1318.3974	-1243.148	-1256.1273	75.249324	-1299.5802	-1236.1161	-1237.1695
123	123	-1117.5664	-1078.5852	-1091.8099	38.981132	-1113.942	-1071.7376	-1071.7403
124	124	-1445.2665	-1390.1576	-1403.2479	55.108917	-1427.0352	-1384.3589	-1384.3589
125	125	-1017.9438	-925.86948	-939.05877	92.074284	-998.29896	-919.0505	-919.05175
126	126	-1452.8621	-1431.4174	-1441.9216	21.444711	-1449.4292	-1422.4237	-1422.3446
127	127	-1250.7146	-1184.2791	-1197.5135	66.435468	-1232.2555	-1177.8835	-1177.8874
128	128	-1187.663	-1106.7841	-1119.6468	80.878888	-1169.1736	-1097.2871	-1099.3904
129	129	-1282.3124	-1206.8198	-1219.9257	75.492625	-1263.6762	-1200.802	-1200.8018
130	130	-1233.7428	-1169.8821	-1183.1197	63.860686	-1215.2745	-1163.4804	-1163.4797
131	131	-1468.0794	-1412.0179	-1424.9116	56.061456	-1449.4003	-1401.4012	-1406.2035
132	132	-1434.1394	-1390.3978	-1403.4628	43.741573	-1416.0481	-1382.1639	-1384.3077
133	133	-1285.3537	-1230.3089	-1243.4193	55.044745	-1267.0687	-1224.3383	-1224.3387
134	134	-2255.668	-2248.5429	-2261.7678	7.1250537	-2241.8955	-2232.4783	-2238.8981
135	135	-1169.2887	-1077.5784	-1090.6533	91.710316	-1150.7079	-1071.3864	-1071.3865
136	136	-1406.3325	-1343.5087	-1356.7535	62.823852	-1386.1253	-1337.3439	-1337.3472
137	137	-2386.9748	-2386.3863	-2389.7498	0.58847725	-2383.9748	-2374.7837	-2381.1457
138	138	-1770.2482	-1751.9371	-1763.371	18.311079	-1753.1275	-1745.5208	-1745.4733
139	139	-1796.0961	-1743.0019	-1756.279	53.094138	-1777.8132	-1737.0775	-1737.0767
140	140	-1175.5601	-1121.562	-1134.8161	53.998066	-1156.71	-1114.6863	-1114.6203
141	141	-850.28119	-788.21236	-801.46744	62.068833	-846.3598	-780.79783	-780.80335
142	142	-1230.4345	-1163.8134	-1176.8014	66.621114	-1211.9768	-1155.3021	-1157.3355
143	143	-1294.4609	-1220.4479	-1233.4145	74.01295	-1275.1638	-1212.3089	-1214.0898
144	144	-1635.9108	-1587.4125	-1600.5824	48.49832	-1617.2967	-1581.754	-1581.7552
145	145	-924.52726	-833.14818	-846.38973	91.379079	-904.86388	-825.64172	-825.59015
146	146	-970.78306	-887.65144	-900.76729	83.131624	-951.22271	-880.66768	-881.08776
147	147	-1842.9209	-1821.0276	-1834.4207	21.893303	-1839.6516	-1809.2925	-1809.94
148	148	-1658.4498	-1614.6158	-1627.9229	43.833915	-1639.875	-1608.6592	-1608.6609
149	149	-1576.779	-1530.7457	-1543.8468	46.033324	-1556.4304	-1522.1608	-1522.1135
150	150	-1133.1203	-1056.5693	-1069.6987	76.550932	-1129.4495	-1050.304	-1050.3039
151	151	-2393.9984	-2362.2111	-2375.2826	31.787286	-2376.781	-2352.0111	-2356.6428
152	152	-1461.1211	-1406.3651	-1419.4324	54.755979	-1457.6294	-1399.5703	-1399.545
153	153	-1113.3635	-1063.285	-1075.8044	50.07854	-1109.7337	-1056.8386	-1056.8248
154	154	-1412.5117	-1362.2003	-1375.2823	50.311383	-1393.9749	-1354.1874	-1354.8436
155	155	-1412.9554	-1370.7504	-1383.4589	42.204995	-1409.4535	-1361.9315	-1364.6178
156	156	-1293.1796	-1242.1025	-1255.3672	51.077008	-1274.7411	-1235.8158	-1235.8107
157	157	-1396.5084	-1321.8527	-1335.12	74.655685	-1378.0611	-1314.7336	-1314.7064
158	158	-1619.4411	-1570.5696	-1583.5499	48.871514	-1598.9442	-1564.3961	-1564.9693
159	159	-1236.1959	-1164.9447	-1178.2173	71.251164	-1217.7047	-1157.7643	-1157.6749
160	160	-1206.8732	-1146.3471	-1159.5861	60.526095	-1187.4832	-1139.3291	-1139.2987
161	161	-1495.5565	-1461.2543	-1474.0747	34.302195	-1492.0998	-1454.3844	-1454.6151
162	162	-1233.6803	-1194.5435	-1207.3789	39.13677	-1230.1178	-1186.6378	-1188.4114
163	163	-1503.4303	-1471.8807	-1484.7124	31.549598	-1500.0164	-1464.1587	-1465.9217
164	164	-1451.182	-1411.1579	-1424.628	40.024076	-1432.6597	-1398.1707	-1400.4599
165	165	-1933.2115	-1904.1969	-1916.6207	29.014593	-1914.289	-1898.0419	-1897.842
166	166	-1286.5265	-1226.9209	-1240.1794	59.605586	-1267.5432	-1219.7413	-1219.7142
167	167	-1259.4919	-1189.1029	-1202.174	70.38898	-1240.648	-1183.0304	-1183.0306
168	168	-1782.2996	-1749.2812	-1762.3862	33.018378	-1764.0942	-1743.6301	-1743.6299
169	169	-1374.8427	-1328.1148	-1341.3533	46.727838	-1356.8456	-1321.4323	-1321.4233
170	170	-1909.059	-1844.6869	-1857.7752	64.372067	-1891.1783	-1839.2406	-1839.2393
171	171	-1755.8376	-1694.6489	-1707.97	61.188712	-1737.9994	-1687.8155	-1687.8147
172	172	-1414.2574	-1343.153	-1356.4111	71.104397	-1396.0641	-1336.1351	-1336.0787
173	173	-1533.1147	-1469.318	-1482.4165	63.796717	-1514.9723	-1463.5984	-1463.5987
174	174	-1285.255	-1213.6766	-1226.7924	71.578457	-1266.4712	-1207.6351	-1207.6359
175	175	-1550.4514	-1509.7064	-1522.9656	40.744978	-1529.425	-1501.0551	-1501.0506
176	176	-1390.8129	-1314.4736	-1327.5715	76.339321	-1372.4334	-1307.5521	-1307.4736
177	177	-1050.8765	-988.77363	-1002.018	62.102843	-1047.175	-981.59027	-981.57992
178	178	-1252.8082	-1181.2965	-1194.5449	71.511698	-1233.2832	-1174.0654	-1174.0444
179	179	-1432.1802	-1372.0128	-1385.2696	60.167493	-1417.9221	-1365.8276	-1365.8297
180	180	-1173.1712	-1095.095	-1106.2976	78.076208	-1154.6361	-1087.9671	-1087.8142
181	181	-1212.5709	-1128.9924	-1142.2621	83.578525	-1193.6871	-1122.4926	-1122.4904
182	182	-1276.8295	-1228.7292	-1241.8235	48.10035	-1273.2982	-1218.8549	-1218.8585
183	183	-1328.4548	-1243.122	-1256.1323	85.332752	-1310.2057	-1234.9536	-1236.7048
184	184	-1656.4554	-1591.7265	-1604.8066	64.728961	-1638.4339	-1586.0502	-1586.0503
185	185	-1289.4045	-1216.2442	-1229.4984	73.160339	-1270.6586	-1209.9063	-1209.9031
186	186	-1332.5517	-1275.5902	-1288.6942	56.961466	-1314.02	-1269.6396	-1269.6404
187	187	-1678.3515	-1612.995	-1626.2523	65.356485	-1659.3745	-1606.3225	-1606.3034
188	188	-1838.8491	-1800.875	-1813.9835	37.974124	-1820.709	-1795.1368	-1795.1994
189	189	-1196.9282	-1137.577	-1150.8362	59.351266	-1193.3443	-1131.2436	-1131.2437
190	190	-2142.4307	-2089.7932	-2102.8933	52.637482	-2124.4548	-2084.4822	-2084.4818
191	191	-1098.3096	-976.15897	-989.39217	122.15067	-1079.1393	-968.39766	-968.39693
192	192	-1129.212	-1068.753	-1082.0145	60.459035	-1110.6817	-1061.4934	-1061.527
193	193	-1575.8948	-1518.1948	-1531.2788	57.700019	-1557.8963	-1512.4549	-1512.4557
194	194	-994.45003	-926.71097	-939.80754	67.739055	-974.84339	-920.27977	-920.27931
195	195	-1195.2721	-1109.5041	-1122.5895	85.767943	-1176.6333	-1103.3676	-1103.3687
196	196	-1443.7414	-1401.2589	-1414.3878	42.482561	-1425.0152	-1394.6581	-1395.4042
197	197	-1361.3645	-1306.5358	-1319.5032	54.828704	-1343.1205	-1299.6463	-1300.5838
198	198	-1913.9733	-1879.6779	-1892.5757	34.295378	-1895.906	-1874.1266	-1874.1253
199	199	-1935.0124	-1885.0768	-1898.3316	49.935645	-1915.7565	-1879.2261	-1879.1933
200	200	-1859.1969	-1806.6212	-1819.7295	52.575737	-1841.2935	-1801.1259	-1801.1255
201	201	-1942.0935	-1911.6827	-1921.6934	30.410708	-1923.2454	-1906.2294	-1906.2286
202	202	-1120.8894	-1037.3877	-1050.6544	83.501681	-1102.5712	-1030.8616	-1030.8583
203	203	-1699.8826	-1632.6579	-1645.574	67.224698	-1681.0557	-1625.6554	-1627.0396
204	204	-1420.5977	-1349.3151	-1362.5907	71.282624	-1402.0734	-1343.0852	-1343.0854
205	205	-1709.1479	-1649.4079	-1662.6744	59.740009	-1691.2969	-1643.4742	-1643.4765
206	206	-1098.0124	-1025.1758	-1038.431	72.836582	-1079.2688	-1018.215	-1018.0538
207	207	-1173.3323	-1095.5097	-1108.6172	77.822554	-1154.463	-1089.3758	-1089.3775
208	208	-1928.3255	-1899.252	-1910.1465	29.073471	-1914.9568	-1893.464	-1893.4113
209	209	-1551.5954	-1509.3269	-1522.5546	42.268481	-1544.9016	-1502.3463	-1502.6747
210	210	-1606.6326	-1607.8543	-1610.8781	-1.2217724	-1603.2887	-1593.8365	-1597.5809
211	211	-1788.0669	-1727.3324	-1740.6058	60.734477	-1767.7435	-1721.3681	-1721.3677
212	212	-1408.8792	-1356.4742	-1369.5601	52.404986	-1389.5633	-1349.6298	-1349.7579
213	213	-1139.012	-1050.7805	-1063.7672	88.231449	-1120.4168	-1042.4165	-1044.2277
214	214	-1797.6309	-1715.7411	-1729.029	81.889802	-1779.2602	-1709.6422	-1709.6244
215	215	-1385.6045	-1327.0022	-1340.0757	58.60234	-1367.3285	-1321.0988	-1321.099
216	216	-1262.2283	-1186.0594	-1198.8189	76.168878	-1243.3634	-1177.7818	-1180.0081
217	217	-1282.8648	-1228.5634	-1241.817	54.301489	-1264.0662	-1222.3917	-1222.3906
218	218	-1509.7777	-1453.6577	-1466.7327	56.119928	-1491.3377	-1447.8098	-1447.8091
219	219	-1050.5629	-1017.7671	-1030.5358	32.795815	-1046.8728	-1009.3544	-1011.4009
220	220	-1275.6377	-1223.4144	-1236.605	52.223331	-1256.3518	-1216.405	-1216.377
221	221	-1407.6399	-1350.4231	-1363.6641	57.216766	-1388.9921	-1342.8854	-1342.8798
222	222	-1107.2087	-1039.1458	-1052.372	68.062891	-1088.1674	-1032.61	-1032.5883
223	223	-1181.7667	-1116.0229	-1129.2671	65.743858	-1163.3262	-1108.4477	-1108.4126
224	224	-1689.3602	-1644.312	-1657.4563	45.048191	-1670.8852	-1638.735	-1638.7349
225	225	-1044.7999	-1020.3906	-1032.4934	24.409342	-1041.091	-1009.8488	-1013.2052
226	226	-1107.6761	-1054.5763	-1067.6631	53.099807	-1089.1209	-1048.1962	-1048.2276
227	227	-1946.3016	-1910.3826	-1923.6421	35.919028	-1927.4501	-1904.6606	-1904.6508
228	228	-1520.7847	-1477.6466	-1489.9156	43.1381	-1502.7678	-1470.2901	-1471.5858
229	229	-1554.3777	-1503.8362	-1516.2033	50.541458	-1535.8669	-1495.3277	-1498.083
230	230	-1217.9021	-1162.2442	-1175.3332	55.657902	-1199.1435	-1155.2801	-1155.2527
231	231	-1063.9804	-954.97583	-968.26268	109.00459	-1044.774	-948.14386	-948.14504
232	232	-1146.9089	-1085.1312	-1098.2027	61.777721	-1127.5599	-1078.9308	-1078.9301
233	233	-1705.1877	-1654.8261	-1668.0451	50.361601	-1687.4127	-1648.7916	-1648.7917
234	234	-1777.1854	-1769.9312	-1778.4658	7.2541705	-1773.9085	-1764.1538	-1763.9386
235	235	-1278.9442	-1231.8011	-1244.8954	47.143098	-1260.3695	-1225.6931	-1225.6916
236	236	-1955.517	-1917.0905	-1929.503	38.426529	-1937.1204	-1908.1031	-1911.5901
237	237	-1446.947	-1356.9828	-1370.073	89.964217	-1428.5406	-1351.1457	-1351.1455
238	238	-1792.3312	-1733.5187	-1746.6249	58.812505	-1774.3929	-1727.9755	-1727.9752
239	239	-1123.6312	-1059.8459	-1072.9439	63.785287	-1104.5419	-1053.6007	-1053.5993
240	240	-1845.2328	-1800.882	-1810.066	44.350741	-1826.8339	-1792.9273	-1794.0991
241	241	-966.91509	-869.56446	-882.66534	97.350631	-947.43159	-861.39739	-862.70144
242	242	-1195.8014	-1121.9611	-1135.1778	73.840339	-1176.4834	-1114.6324	-1114.5951
243	243	-1443.6916	-1352.3319	-1365.413	91.359683	-1425.3836	-1346.4824	-1346.4823
244	244	-1363.3428	-1330.7201	-1343.8251	32.622687	-1359.8491	-1324.7197	-1324.7225
245	245	-1615.3462	-1550.2866	-1563.5483	65.059604	-1597.008	-1543.4497	-1543.3966
246	246	-1194.2843	-1126.5881	-1139.7025	67.696165	-1175.4669	-1120.4675	-1120.4671
247	247	-1797.7966	-1763.0327	-1776.3056	34.763893	-1779.2674	-1757.1205	-1757.1139
248	248	-1270.074	-1169.0565	-1182.3243	101.01745	-1251.0185	-1162.513	-1162.4992
249	249	-1406.7871	-1348.0395	-1361.3049	58.747639	-1388.3984	-1341.8393	-1341.8411
250	250	-1257.4417	-1182.3568	-1195.5964	75.084958	-1238.6422	-1175.9581	-1175.8148
251	251	-1250.3084	-1190.8405	-1203.9254	59.467908	-1231.4763	-1184.7999	-1184.8027
252	252	-1675.0274	-1595.5478	-1608.8354	79.479631	-1656.9557	-1589.5317	-1589.4761
253	253	-1290.5743	-1263.1755	-1276.0533	27.398753	-1287.0155	-1255.8955	-1257.0535
254	254	-1957.8319	-1911.3391	-1924.2861	46.492834	-1938.9283	-1904.604	-1905.8633
255	255	-1588.3453	-1518.137	-1531.3825	70.208326	-1568.9826	-1512.2047	-1512.2107
256	256	-2226.7307	-2200.55	-2212.5951	26.180635	-2208.2798	-2194.9787	-2194.9749
257	257	-1573.1912	-1491.09	-1502.5792	82.101218	-1554.9583	-1485.3846	-1485.3848
258	258	-1220.5479	-1169.4318	-1182.6748	51.116069	-1201.3032	-1162.6078	-1162.5877
259	259	-919.10823	-842.15044	-855.40964	76.957791	-899.90416	-835.27409	-835.27536
260	260	-992.4927	-903.29378	-916.54109	89.198921	-972.75536	-895.11791	-894.93207
261	261	-1397.5875	-1330.003	-1343.2672	67.584488	-1378.7595	-1322.8485	-1322.8439
262	262	-1456.4504	-1442.627	-1454.5266	13.823434	-1452.998	-1431.7538	-1436.1316
263	263	-1251.651	-1195.5441	-1208.1676	56.106932	-1232.8819	-1185.9988	-1188.5171
264	264	-1547.1701	-1465.7321	-1478.8352	81.437982	-1528.8685	-1460.0061	-1460.0057
265	265	-1559.0313	-1508.0357	-1517.9798	50.99561	-1540.4194	-1496.4143	-1502.3181
266	266	-1847.0608	-1826.4757	-1835.9222	20.585097	-1837.2475	-1818.0101	-1818.0455
267	267	-1455.799	-1404.9264	-1417.3889	50.872635	-1452.315	-1399.029	-1399.0302
268	268	-1349.8775	-1332.5042	-1345.0937	17.373341	-1346.363	-1326.0912	-1325.9036
269	269	-1556.7458	-1489.2876	-1502.5212	67.458181	-1538.8099	-1482.3686	-1482.3625
270	270	-1298.7257	-1265.4703	-1276.1615	33.255407	-1295.1522	-1256.7752	-1257.9373
271	271	-1112.4702	-994.28805	-1007.4233	118.18218	-1093.6047	-987.90297	-987.9017
272	272	-1642.5872	-1590.3297	-1603.5851	52.257479	-1624.3374	-1584.3035	-1584.2968
273	273	-1119.6871	-1032.3817	-1045.4656	87.305353	-1100.6786	-1026.1513	-1026.1528
274	274	-1564.7349	-1508.8817	-1521.9863	55.853276	-1545.9389	-1503.1508	-1503.1506
275	275	-1352.0022	-1304.3369	-1317.451	47.665293	-1333.1761	-1296.6769	-1297.0526
276	276	-1335.5989	-1277.7554	-1290.8146	57.843522	-1315.8908	-1269.7834	-1270.9364
277	277	-1584.3848	-1523.7455	-1536.9434	60.639247	-1566.3501	-1517.8011	-1518.0399
278	278	-1158.9974	-1092.1117	-1103.6445	66.885678	-1139.4154	-1081.7657	-1085.872
279	279	-1153.1938	-1126.0642	-1139.156	27.12965	-1149.5642	-1119.6834	-1119.8148
280	280	-709.09369	-650.26894	-663.49901	58.82475	-705.05642	-641.08621	-641.07865
281	281	-1006.9188	-910.42407	-923.54755	96.494773	-987.65279	-903.89991	-903.90614
282	282	-1318.2134	-1294.5981	-1307.2758	23.615255	-1314.6856	-1282.6281	-1283.9784
283	283	-2047.7444	-2019.6378	-2028.9548	28.106579	-2031.5866	-2012.5234	-2012.5227
284	284	-1192.4226	-1108.9828	-1122.0939	83.439766	-1173.8956	-1102.8768	-1102.878
285	285	-1715.4573	-1689.753	-1702.8625	25.704277	-1707.3469	-1683.9886	-1683.9878
286	286	-1179.4426	-1129.9569	-1143.0625	49.485698	-1160.3615	-1123.762	-1123.7629
287	287	-1685.5748	-1621.1541	-1634.3856	64.420697	-1667.6505	-1615.1034	-1615.102
288	288	-1631.2912	-1560.9056	-1574.0089	70.385532	-1613.1214	-1555.2926	-1555.2876
289	289	-1716.4779	-1639.5242	-1652.7813	76.953733	-1698.4458	-1633.5867	-1633.5892
290	290	-1429.3996	-1390.5066	-1403.5157	38.89299	-1414.5116	-1381.8971	-1384.6055
291	291	-1653.8025	-1616.2745	-1629.4029	37.528012	-1635.7516	-1610.5727	-1610.5739
292	292	-1586.465	-1541.4617	-1551.6263	45.003365	-1568.0038	-1535.4829	-1535.4862
293	293	-1370.4779	-1292.2598	-1305.353	78.218029	-1352.3261	-1286.2688	-1286.2702
294	294	-1417.5279	-1395.2315	-1407.0845	22.296467	-1414.092	-1384.309	-1385.9907
295	295	-1142.4101	-1072.6023	-1085.1315	69.807832	-1123.6779	-1064.0465	-1066.4152
296	296	-1171.8318	-1110.9621	-1124.0679	60.869675	-1153.3062	-1104.7421	-1104.7398
297	297	-1055.4132	-1032.62	-1043.8556	22.793191	-1051.7254	-1025.5884	-1025.715
298	298	-1138.7965	-1098.2389	-1111.3622	40.557529	-1120.179	-1092.0378	-1092.0379
299	299	-1220.4155	-1145.1273	-1158.3498	75.288244	-1201.936	-1138.7135	-1138.719
300	300	-1159.8481	-1073.2189	-1086.339	86.629187	-1140.8637	-1067.0429	-1067.0416
301	301	-1975.8086	-1963.4764	-1974.9309	12.332239	-1972.6361	-1950.3507	-1957.3241
302	302	-1311.3586	-1252.067	-1265.1628	59.291627	-1292.4549	-1244.677	-1245.7857
303	303	-1416.8148	-1358.8986	-1372.0319	57.916179	-1398.144	-1353.0223	-1353.0199
304	304	-1648.6931	-1611.6922	-1624.8474	37.000923	-1630.7399	-1606.0122	-1606.0138
305	305	-993.83256	-895.96844	-909.19699	97.86412	-974.61373	-888.94437	-888.94574
306	306	-1828.5416	-1736.9755	-1750.0725	91.566083	-1810.4827	-1731.5488	-1731.5483
307	307	-1267.572	-1203.4386	-1216.6956	64.13342	-1249.2458	-1197.0878	-1197.0849
308	308	-1158.8647	-1114.6561	-1127.8833	44.20863	-1140.1375	-1108.2607	-1108.2668
309	309	-2030.204	-1989.142	-2002.1699	41.061943	-2012.4495	-1981.2419	-1982.466
310	310	-1514.0854	-1473.6215	-1486.8568	40.463869	-1495.2217	-1467.5876	-1467.5803
311	311	-1297.2517	-1249.0145	-1262.2474	48.237167	-1279.106	-1242.1275	-1242.0859
312	312	-1271.6508	-1238.2305	-1251.446	33.420315	-1268.0521	-1231.9225	-1231.9257
313	313	-1496.6868	-1449.9239	-1463.0335	46.762899	-1478.5809	-1444.0946	-1444.0948
314	314	-1848.5989	-1805.4198	-1818.3224	43.179121	-1830.5995	-1798.4136	-1799.8931
315	315	-1646.5593	-1616.3452	-1629.1667	30.214096	-1643.21	-1610.3716	-1610.362
316	316	-1447.7529	-1361.4235	-1374.5269	86.329401	-1429.6083	-1355.6351	-1355.6357
317	317	-1044.3936	-968.53739	-981.61995	75.856245	-1025.7058	-962.12701	-962.1673
318	318	-1005.9557	-934.71517	-947.9873	71.240552	-986.99973	-928.01422	-928.01567
319	319	-1255.8594	-1177.9652	-1191.0804	77.894219	-1237.1919	-1171.8994	-1171.8994
320	320	-1002.5317	-952.54579	-965.6845	49.985873	-998.8026	-944.40512	-945.43844
321	321	-983.83958	-931.2227	-944.45669	52.616885	-980.05675	-924.14847	-924.53615
322	322	-1324.2147	-1268.1073	-1281.3489	56.107437	-1320.6836	-1261.8585	-1261.8456
323	323	-1379.1248	-1303.7824	-1317.0072	75.34245	-1358.9852	-1297.5268	-1297.5231
324	324	-1421.056	-1322.3398	-1335.4664	98.716243	-1402.3597	-1316.4701	-1316.4703
325	325	-1595.241	-1576.755	-1589.9716	18.486022	-1583.3884	-1569.6062	-1570.3197
326	326	-1060.6589	-990.05791	-1002.6572	70.60101	-1048.5851	-981.52537	-983.69921
327	327	-1196.4127	-1134.6753	-1147.8097	61.737373	-1178.1085	-1128.6063	-1128.6058
328	328	-1195.2351	-1132.5628	-1145.8022	62.67226	-1173.9783	-1125.3972	-1125.4014
329	329	-1393.5713	-1332.1602	-1345.2492	61.411035	-1374.9642	-1324.7719	-1324.8925
330	330	-2056.4676	-2010.0289	-2021.39	46.43868	-2038.6798	-1998.7604	-2004.6597
331	331	-1563.8409	-1525.9833	-1538.9507	37.857623	-1546.0322	-1520.2351	-1520.235
332	332	-1130.9694	-1089.7774	-1102.9046	41.191922	-1127.3546	-1083.5622	-1083.5622
333	333	-1451.7593	-1380.229	-1393.5118	71.530296	-1432.6162	-1373.0527	-1373.051
334	334	-1195.6935	-1153.1235	-1166.0336	42.569961	-1176.9299	-1144.7368	-1146.7023
335	335	-1446.7677	-1418.0902	-1431.1457	28.677496	-1443.3118	-1411.6596	-1411.5055
336	336	-1597.9391	-1549.7123	-1562.9599	48.226768	-1579.6429	-1543.4143	-1543.6489
337	337	-1930.5675	-1873.3477	-1886.4444	57.219826	-1912.7321	-1867.9457	-1867.9457
338	338	-1282.1244	-1231.9357	-1245.0623	50.188659	-1263.0744	-1225.923	-1225.9222
339	339	-1141.0495	-1063.4657	-1076.5683	77.58383	-1122.3608	-1057.2596	-1057.261
340	340	-1596.1755	-1525.4069	-1538.5088	70.768629	-1576.6266	-1519.7704	-1519.7709
341	341	-1698.8008	-1638.9407	-1652.0564	59.860054	-1680.9073	-1632.8795	-1633.3432
342	342	-1429.453	-1371.4782	-1384.6945	57.974717	-1411.1235	-1364.5588	-1364.5684
343	343	-1175.0318	-1102.222	-1115.5117	72.809772	-1156.3782	-1095.7195	-1095.6987
344	344	-1279.3824	-1225.0796	-1238.3235	54.30279	-1259.9012	-1218.7964	-1218.7958
345	345	-1476.0194	-1420.2135	-1433.483	55.805904	-1456.833	-1414.0372	-1414.0363
346	346	-996.34413	-923.38031	-936.60249	72.963821	-977.40216	-916.6817	-916.84053
347	347	-1702.1705	-1687.8788	-1699.0173	14.291736	-1698.8592	-1680.8915	-1682.0485
348	348	-1206.7184	-1159.3377	-1172.5953	47.380712	-1203.1528	-1152.9938	-1152.9877
349	349	-1326.689	-1293.7482	-1306.9762	32.940715	-1323.1709	-1284.8548	-1287.009
350	350	-1261.0829	-1184.9308	-1198.0217	76.152062	-1242.2643	-1178.8923	-1178.8918
351	351	-1802.7252	-1755.5042	-1768.7436	47.220999	-1784.5464	-1749.6038	-1749.5983
352	352	-1385.2205	-1309.9636	-1323.0724	75.256881	-1366.4563	-1304.0087	-1304.0105
353	353	-2053.0448	-2018.7363	-2031.6691	34.308506	-2034.7297	-2012.4965	-2013.3113
354	354	-1270.3452	-1199.1579	-1212.3988	71.187259	-1251.7478	-1192.8174	-1192.8217
355	355	-1829.822	-1771.2673	-1784.5367	58.554784	-1811.9238	-1765.3316	-1765.3294
356	356	-1002.1623	-937.54296	-950.78041	64.619357	-998.41333	-930.96734	-930.96499
357	357	-1666.1116	-1602.8875	-1612.4707	63.224069	-1648.0599	-1596.9285	-1596.9287
358	358	-1221.1587	-1153.956	-1167.2032	67.202689	-1201.8197	-1146.8098	-1146.7845
359	359	-1831.6194	-1774.2146	-1787.2898	57.40478	-1813.7292	-1768.6781	-1768.6774
360	360	-1373.0569	-1307.9415	-1321.0713	65.115418	-1354.7107	-1302.0954	-1302.0956
361	361	-1089.3731	-960.66342	-973.75842	128.70973	-1070.2339	-954.1264	-954.12486
362	362	-1966.3484	-1938.5968	-1949.6955	27.751615	-1948.0793	-1931.6	-1931.9117
363	363	-1479.3741	-1421.9961	-1435.2304	57.377964	-1459.1386	-1415.1267	-1415.1348
364	364	-1465.5659	-1415.9158	-1429.0276	49.650158	-1446.9762	-1408.2903	-1409.243
365	365	-1350.7088	-1298.187	-1311.3994	52.521842	-1332.0796	-1292.2609	-1292.2585
366	366	-1635.7983	-1615.6189	-1628.5091	20.179465	-1632.4272	-1607.2523	-1607.9406
367	367	-1217.448	-1138.0482	-1151.132	79.399762	-1198.3934	-1131.9351	-1131.9346
368	368	-1532.3875	-1462.5297	-1475.6333	69.857829	-1513.8967	-1456.7446	-1456.7447
369	369	-1527.7092	-1480.0411	-1491.9357	47.66803	-1508.4446	-1474.1777	-1474.1749
370	370	-1369.0716	-1316.567	-1329.8451	52.504588	-1350.4817	-1310.335	-1310.3423
371	371	-1326.8666	-1277.5002	-1289.233	49.366407	-1307.9505	-1267.8436	-1271.132
372	372	-1852.5855	-1793.2102	-1806.4678	59.375304	-1834.1406	-1787.2088	-1787.2328
373	373	-1086.5776	-1029.3953	-1042.508	57.18224	-1082.8943	-1023.0821	-1023.0827
374	374	-1657.3329	-1617.4747	-1630.6866	39.858206	-1638.2271	-1610.6831	-1610.8532
375	375	-1426.2851	-1372.904	-1385.219	53.381176	-1407.3196	-1363.5344	-1366.7831
376	376	-1140.2029	-1077.1218	-1090.3438	63.08109	-1121.2983	-1070.5754	-1070.5755
377	377	-989.07564	-898.62131	-911.70904	90.454336	-967.6369	-892.01576	-892.14582
378	378	-1375.0364	-1312.6687	-1325.108	62.36769	-1354.8205	-1304.116	-1306.7206
379	379	-1499.5832	-1455.0828	-1468.1939	44.500371	-1481.0597	-1449.3223	-1449.3234
380	380	-1654.5667	-1599.6793	-1612.6241	54.887354	-1635.1647	-1591.5894	-1593.4359
381	381	-1217.8011	-1167.0051	-1176.5968	50.795978	-1214.2207	-1160.4374	-1160.4377
382	382	-1409.2551	-1363.0915	-1376.2032	46.163567	-1391.072	-1357.2362	-1357.2349
383	383	-1601.0909	-1555.4203	-1568.6732	45.670612	-1581.049	-1549.4992	-1549.5022
384	384	-1291.3679	-1239.3603	-1252.4245	52.007618	-1287.8227	-1229.7117	-1232.5509
385	385	-1727.5232	-1679.1484	-1692.4064	48.374886	-1709.3085	-1673.2339	-1673.2301
386	386	-1444.0453	-1384.4324	-1397.6953	59.612925	-1426.0336	-1378.2985	-1378.2985
387	387	-1736.6973	-1698.6088	-1710.0677	38.088545	-1718.9308	-1692.6971	-1692.677
388	388	-1521.459	-1460.2071	-1473.4867	61.251998	-1503.0867	-1453.4035	-1454.1059
389	389	-1128.9501	-1069.7009	-1082.9255	59.249221	-1109.6092	-1063.2575	-1063.2581
390	390	-1556.7123	-1435.2732	-1448.3719	121.43903	-1538.2981	-1429.5799	-1429.5797
391	391	-1388.8355	-1374.5912	-1383.3463	14.244304	-1385.3281	-1362.1692	-1367.8781
392	392	-1420.6973	-1369.9713	-1383.0692	50.725984	-1402.1209	-1364.0699	-1364.0697
393	393	-1429.8037	-1390.2442	-1400.1222	39.559517	-1417.9257	-1383.3609	-1384.2107
394	394	-1690.8619	-1607.5534	-1620.6619	83.308479	-1672.5212	-1602.017	-1602.0163
395	395	-1399.1971	-1341.6423	-1354.8823	57.554894	-1380.8522	-1333.9766	-1334.7358
396	396	-1463.6967	-1429.7858	-1439.6844	33.910894	-1460.2464	-1417.0089	-1422.6147
397	397	-1308.0679	-1272.2901	-1285.3831	35.77783	-1304.5686	-1266.2562	-1266.2571
398	398	-1468.8276	-1417.8952	-1430.9958	50.932422	-1450.7146	-1412.0984	-1412.0977
399	399	-1314.5482	-1282.48	-1294.1726	32.068212	-1310.9544	-1274.9739	-1276.2477
400	400	-1549.8373	-1504.9795	-1518.0123	44.857766	-1531.6041	-1493.4394	-1495.5823
401	401	-1136.7717	-1068.2913	-1081.1924	68.480394	-1117.3041	-1061.7253	-1061.7259
402	402	-1493.2283	-1398.9796	-1412.2533	94.248707	-1475.0824	-1392.6055	-1392.5993
403	403	-1271.0728	-1211.3998	-1224.6476	59.672971	-1252.4234	-1204.4853	-1204.4618
404	404	-1084.8402	-1050.0294	-1063.1171	34.81084	-1081.1764	-1043.7049	-1043.7048
405	405	-1531.9994	-1476.3047	-1489.5597	55.694745	-1512.9536	-1469.3318	-1469.3061
406	406	-1610.1006	-1556.2519	-1569.4907	53.84875	-1591.2859	-1550.261	-1550.262
407	407	-1398.6175	-1339.4922	-1352.6014	59.125308	-1379.9209	-1332.8356	-1332.8527
408	408	-1364.7592	-1289.3965	-1302.7209	75.362637	-1346.5688	-1283.0628	-1283.0705
409	409	-1146.2881	-1079.0031	-1092.2993	67.284989	-1127.55	-1072.1393	-1072.0951
410	410	-1193.1407	-1094.5398	-1107.7976	98.600898	-1174.4937	-1086.9296	-1086.8581
411	411	-2035.5606	-2007.8156	-2020.9196	27.745003	-2016.4524	-2001.897	-2001.7392
412	412	-1764.5867	-1690.3061	-1703.6209	74.280587	-1746.4001	-1683.1632	-1683.1473
413	413	-1820.0824	-1788.4589	-1801.6824	31.623541	-1807.5135	-1782.6177	-1782.6208
414	414	-1582.8775	-1544.5221	-1557.754	38.355344	-1564.5142	-1538.5263	-1538.5264
415	415	-1913.2849	-1875.505	-1888.5785	37.779877	-1894.4143	-1868.677	-1869.7171
416	416	-1197.4445	-1134.0854	-1147.3395	63.35913	-1193.8107	-1126.7647	-1126.989
417	417	-1993.5032	-1969.9792	-1983.1999	23.524011	-1975.2919	-1964.2673	-1964.2601
418	418	-1365.4177	-1345.4234	-1356.8599	19.994395	-1361.9032	-1338.196	-1338.2382
419	419	-1531.8415	-1485.0483	-1498.1412	46.79316	-1513.4755	-1478.7697	-1479.2689
420	420	-1880.5717	-1824.1076	-1837.3641	56.464087	-1862.7202	-1818.2804	-1818.2824
421	421	-1654.9229	-1599.3924	-1612.6281	55.530456	-1636.9099	-1593.0704	-1593.3675
422	422	-1417.7352	-1329.4109	-1342.4985	88.324303	-1399.3319	-1323.5634	-1323.5621
423	423	-1260.7669	-1193.4145	-1206.5096	67.352389	-1242.3783	-1187.4308	-1187.4306
424	424	-1477.8107	-1423.8153	-1436.9044	53.995429	-1459.5512	-1417.8824	-1417.8486
425	425	-1430.1618	-1385.5988	-1398.2731	44.562998	-1411.9656	-1376.4392	-1378.9306
426	426	-1046.8563	-960.18107	-973.25921	86.675191	-1026.8452	-953.82851	-953.82946
427	427	-1614.8041	-1563.2752	-1576.1972	51.528915	-1595.0589	-1555.0867	-1557.2289
428	428	-1163.2048	-1105.5045	-1118.7433	57.700339	-1143.8358	-1099.0651	-1099.0704
429	429	-1568.0076	-1527.403	-1540.2861	40.60464	-1548.6859	-1519.2032	-1521.4401
430	430	-1388.1079	-1347.0349	-1359.419	41.073006	-1384.5839	-1340.8545	-1340.836
431	431	-1446.4886	-1403.4822	-1416.6135	43.006404	-1426.7869	-1397.6133	-1397.6149
432	432	-1300.0126	-1239.1261	-1252.3775	60.886476	-1278.6741	-1232.8242	-1232.8231
433	433	-1431.7371	-1391.4283	-1404.663	40.308841	-1414.1119	-1384.8461	-1385.3622
434	434	-1638.5434	-1588.4161	-1601.5552	50.127279	-1615.2181	-1582.8058	-1582.8069
435	435	-1705.9659	-1631.7244	-1645.0026	74.241545	-1687.891	-1625.6867	-1625.6849
436	436	-854.70537	-774.49759	-787.60589	80.207785	-835.65031	-767.7297	-767.72943
437	437	-1373.7368	-1296.3815	-1309.4727	77.355315	-1353.2886	-1290.4539	-1290.4558
438	438	-1493.7179	-1450.3093	-1463.4291	43.408603	-1474.8917	-1444.4678	-1444.4694
439	439	-1420.9702	-1368.7306	-1381.9707	52.239535	-1402.8309	-1362.6275	-1362.6159
440	440	-1456.3667	-1382.1588	-1395.2776	74.207938	-1438.1004	-1376.3678	-1376.3697
441	441	-1278.1944	-1227.3726	-1240.6053	50.821828	-1274.6313	-1220.6078	-1220.613
442	442	-1547.02	-1477.2808	-1490.5693	69.739182	-1528.8667	-1469.528	-1469.4798
443	443	-1569.9703	-1527.0521	-1540.2775	42.918139	-1552.0898	-1521.0359	-1521.032
444	444	-1368.0014	-1317.0431	-1329.5808	50.958367	-1349.6598	-1307.9059	-1310.8411
445	445	-1366.9921	-1299.204	-1312.3156	67.788057	-1346.7567	-1293.2779	-1293.2779
446	446	-1006.8018	-923.37535	-936.63121	83.426419	-985.17147	-915.97614	-915.95988
447	447	-1802.7519	-1762.2463	-1775.4441	40.505535	-1782.4208	-1756.395	-1756.39
448	448	-1153.7452	-1091.0769	-1102.8184	62.668342	-1134.463	-1084.8633	-1084.8629
449	449	-1591.0251	-1531.729	-1544.828	59.296095	-1572.9911	-1525.9986	-1525.3729
450	450	-1598.0031	-1563.8322	-1575.0612	34.170941	-1584.2893	-1553.3915	-1557.9798
451	451	-1103.0216	-1027.5404	-1040.6465	75.481167	-1084.0834	-1021.3045	-1021.3017
452	452	-1158.6278	-1065.406	-1078.515	93.221827	-1139.737	-1059.2509	-1059.2517
453	453	-1374.4838	-1317.9818	-1331.2174	56.502055	-1355.8948	-1311.157	-1311.0618
454	454	-1184.4072	-1137.4221	-1150.4908	46.985099	-1180.8209	-1131.2501	-1131.2496
455	455	-1348.691	-1254.5788	-1267.7234	94.112207	-1330.2128	-1248.6246	-1248.6248
456	456	-1592.741	-1526.6863	-1539.9584	66.054679	-1574.7108	-1520.422	-1520.43
457	457	-1600.1962	-1538.0587	-1551.3118	62.137569	-1582.0049	-1531.2397	-1531.989
458	458	-1253.4969	-1171.6778	-1184.7745	81.819045	-1234.979	-1165.6024	-1165.6018
459	459	-1076.5469	-1003.625	-1016.4362	72.921915	-1057.3811	-994.58399	-994.62436
460	460	-1943.1683	-1919.225	-1932.333	23.943286	-1924.5364	-1910.453	-1910.4526
461	461	-1102.5521	-1004.1437	-1017.4247	98.408399	-1083.868	-997.40446	-997.39979
462	462	-1276.7126	-1229.5578	-1242.352	47.154722	-1258.9462	-1223.4448	-1223.404
463	463	-1235.075	-1159.6598	-1172.9053	75.415182	-1216.4629	-1152.4146	-1152.382
464	464	-1004.444	-985.98553	-997.02628	18.458495	-1000.7137	-966.15628	-974.27928
465	465	-1570.6871	-1523.9272	-1534.9282	46.759859	-1551.541	-1513.3332	-1518.1595
466	466	-1164.5162	-1112.0378	-1125.3011	52.478373	-1160.9096	-1105.6569	-1105.6576
467	467	-1296.5485	-1231.3533	-1244.5761	65.195226	-1277.6608	-1225.1428	-1225.1424
468	468	-1370.7429	-1259.4366	-1272.5104	111.30635	-1352.1411	-1253.5105	-1253.5111
469	469	-1129.0007	-1052.6968	-1065.9514	76.303856	-1110.5144	-1046.2196	-1046.2074
470	470	-1360.5817	-1290.3428	-1303.612	70.238863	-1342.2507	-1284.0147	-1284.0133
471	471	-999.19793	-902.75595	-915.86967	96.441984	-979.19588	-896.19885	-896.19899
472	472	-1706.8209	-1697.4908	-1708.4206	9.3300665	-1703.4874	-1684.3404	-1686.2918
473	473	-1841.2582	-1833.2211	-1841.9544	8.0370784	-1838.0624	-1814.4358	-1824.724
474	474	-1538.7098	-1494.341	-1507.5679	44.368771	-1520.1274	-1487.3805	-1487.4104
475	475	-1312.8325	-1235.5886	-1248.7005	77.243936	-1293.9914	-1229.6546	-1229.6544
476	476	-2095.1509	-2057.8479	-2070.846	37.303028	-2076.5086	-2051.5472	-2052.4533
477	477	-1411.4726	-1365.7061	-1378.9577	45.766577	-1393.1996	-1359.571	-1359.5661
478	478	-1353.8054	-1292.3431	-1305.4463	61.462246	-1333.9971	-1286.4554	-1286.4583
479	479	-1330.1712	-1282.8062	-1296.0774	47.365088	-1309.7454	-1276.7061	-1276.7045
480	480	-1214.6401	-1155.1563	-1168.4076	59.483739	-1194.5441	-1148.8294	-1148.8225
481	481	-1229.2871	-1205.7532	-1218.3219	23.533907	-1225.7308	-1194.8188	-1199.4466
482	482	-777.89129	-727.58616	-740.85539	50.305138	-773.89858	-719.56021	-720.13391
483	483	-1663.0709	-1605.3001	-1618.5749	57.770854	-1644.9969	-1599.2881	-1599.1811
484	484	-1321.9431	-1309.5839	-1318.4199	12.359174	-1318.4322	-1300.251	-1300.2547
485	485	-1383.0283	-1300.1982	-1313.32	82.830149	-1364.7785	-1294.3118	-1294.3119
486	486	-1899.7006	-1833.8719	-1846.9764	65.828729	-1881.8074	-1828.4308	-1828.4307
487	487	-1361.8079	-1357.3901	-1360.982	4.4178074	-1358.2949	-1348.7373	-1348.7375
488	488	-1671.7692	-1615.576	-1628.5469	56.193209	-1653.7109	-1607.7693	-1609.6127
489	489	-1565.8728	-1518.5986	-1531.694	47.274282	-1547.9861	-1512.8898	-1512.8898
490	490	-1253.8666	-1225.7174	-1238.9433	28.14919	-1250.2876	-1218.9808	-1218.9676
491	491	-1502.4261	-1431.1993	-1444.4504	71.226808	-1483.8626	-1425.0615	-1425.0559
492	492	-1431.6301	-1332.5174	-1345.7696	99.112646	-1413.4369	-1326.1831	-1326.1841
493	493	-1380.1311	-1318.234	-1331.329	61.897169	-1361.7838	-1312.3744	-1312.373
494	494	-1173.7766	-1115.0222	-1127.919	58.754395	-1154.998	-1105.8964	-1108.0002
495	495	-1072.1182	-973.08383	-986.17262	99.034413	-1053.3273	-966.65775	-966.65769
496	496	-1828.2792	-1780.5562	-1793.7814	47.723053	-1810.5798	-1773.7138	-1773.6846
497	497	-1622.208	-1607.4857	-1621.0043	14.722322	-1618.8555	-1598.2623	-1600.8727
498	498	-2085.3283	-2043.128	-2056.3643	42.200212	-2065.7184	-2037.1282	-2037.1386
499	499	-1445.8417	-1388.7076	-1401.795	57.134123	-1427.6785	-1379.0394	-1382.7576
