No.	ID	loglik_NUll	loglik_RES	loglik_all	log_ratio	loglik_Max1	loglik_Max2	loglik_Max3
0	0	-962.03374	-958.17801	-961.33261	3.8557332	-958.27827	-947.44864	-947.44884
1	1	-809.59533	-795.15551	-798.43877	14.439823	-805.61784	-782.63439	-784.51367
2	2	-1621.7807	-1610.1525	-1613.3726	11.628183	-1618.442	-1599.5556	-1599.8711
3	3	-1683.0133	-1684.8957	-1686.8605	-1.8823837	-1679.7319	-1674.8696	-1674.8804
4	4	-1792.7923	-1794.4151	-1796.5456	-1.6227957	-1789.5421	-1785.0445	-1785.0284
5	5	-948.99596	-917.3487	-920.63153	31.647262	-945.2161	-907.69238	-907.69317
6	6	-1409.1873	-1395.7885	-1398.8595	13.398766	-1405.71	-1386.7128	-1386.7124
7	7	-1634.3857	-1615.09	-1618.3399	19.295705	-1629.5019	-1604.9383	-1604.8911
8	8	-1248.3139	-1250.8328	-1252.5623	-2.5189287	-1244.7427	-1240.7028	-1239.6715
9	9	-887.81464	-869.61494	-872.99442	18.199702	-883.95896	-856.98342	-858.38985
10	10	-1202.2423	-1194.6178	-1197.6843	7.6245116	-1198.7086	-1185.4193	-1185.4188
11	11	-664.76376	-661.23798	-663.84289	3.5257763	-660.69536	-647.17824	-650.93127
12	12	-1148.5714	-1132.7591	-1136.025	15.81228	-1144.9751	-1122.6327	-1122.5491
13	13	-962.3355	-936.11872	-939.17788	26.216786	-958.58052	-926.73133	-926.73108
14	14	-1467.3384	-1463.9974	-1467.0346	3.3409993	-1463.9144	-1449.1395	-1453.0966
15	15	-1520.597	-1521.6011	-1524.2395	-1.0040713	-1517.2379	-1506.439	-1512.0236
16	16	-1125.2177	-1109.2529	-1112.2859	15.964765	-1121.6151	-1099.9958	-1099.9967
17	17	-1361.111	-1351.5087	-1354.5468	9.602245	-1357.6157	-1341.3349	-1341.2778
18	18	-1293.0505	-1283.8852	-1286.9927	9.1652648	-1289.5333	-1271.9932	-1274.2889
19	19	-1339.1501	-1327.0384	-1330.145	12.111733	-1335.6411	-1316.5695	-1316.9829
20	20	-1944.8623	-1946.1295	-1948.4792	-1.2672321	-1941.5709	-1931.8104	-1936.517
21	21	-799.64453	-756.47906	-760.26763	43.165465	-795.69755	-743.95853	-743.95861
22	22	-1064.762	-1022.355	-1025.9196	42.406999	-1061.1153	-1011.7233	-1011.721
23	23	-1162.9902	-1144.2884	-1147.7443	18.701802	-1159.4188	-1133.3086	-1133.3103
24	24	-1361.8331	-1351.3164	-1355.6431	10.516766	-1358.3127	-1337.1701	-1340.198
25	25	-855.44482	-837.54634	-841.82103	17.898489	-851.5624	-825.9673	-825.96899
26	26	-1638.9714	-1630.5157	-1634.0041	8.4557366	-1635.6433	-1620.4529	-1620.4489
27	27	-1614.6684	-1606.1993	-1609.6535	8.4691195	-1611.3173	-1596.0624	-1596.0588
28	28	-824.16682	-813.11456	-816.5361	11.052259	-820.29387	-802.81774	-802.81784
29	29	-920.1699	-912.09589	-915.66015	8.0740097	-916.38466	-901.26474	-901.26059
30	30	-1206.6705	-1179.7515	-1182.9914	26.918974	-1203.0638	-1169.7934	-1169.7856
31	31	-958.61624	-944.89014	-948.25217	13.726092	-954.86003	-934.85913	-934.99901
32	32	-817.25795	-806.14744	-809.22064	11.110513	-813.32599	-796.42388	-796.42397
33	33	-1270.9485	-1255.5677	-1258.9294	15.380856	-1267.3977	-1244.6726	-1244.6693
34	34	-1182.0486	-1168.0318	-1171.3096	14.016807	-1178.4614	-1158.6978	-1158.6857
35	35	-1120.5981	-1110.6837	-1113.7499	9.9143966	-1116.9728	-1101.3112	-1101.2552
36	36	-1123.0043	-1098.4524	-1101.6983	24.55189	-1119.3726	-1088.375	-1088.3445
37	37	-1174.8105	-1166.5183	-1169.2898	8.2922049	-1171.2404	-1155.3127	-1155.2591
38	38	-1211.3488	-1207.2472	-1210.3125	4.1016189	-1207.8209	-1196.9166	-1198.0016
39	39	-1254.8674	-1250.1179	-1253.1697	4.7495702	-1251.3426	-1239.8862	-1240.9186
40	40	-1381.107	-1373.2842	-1376.284	7.822881	-1377.6359	-1364.1403	-1364.1426
41	41	-843.14974	-827.67061	-830.74557	15.479133	-839.26027	-818.05631	-818.05594
42	42	-1334.3898	-1336.9779	-1338.6277	-2.5881105	-1330.8981	-1326.8046	-1329.304
43	43	-1156.7899	-1140.9746	-1144.3069	15.815221	-1153.215	-1130.3134	-1130.3131
44	44	-1069.5273	-1067.6899	-1070.8954	1.8373512	-1065.8797	-1056.9769	-1056.9867
45	45	-1383.7284	-1383.4297	-1386.4905	0.29865458	-1380.2497	-1372.3378	-1374.2249
46	46	-855.07178	-828.74009	-831.79866	26.33169	-851.20766	-819.22237	-819.22261
47	47	-1435.1334	-1407.5165	-1410.5326	27.616907	-1431.6604	-1398.5409	-1398.5412
48	48	-1186.0321	-1158.5975	-1161.3836	27.434632	-1182.4393	-1146.3668	-1149.4534
49	49	-815.27728	-803.99609	-807.03881	11.28119	-811.34098	-794.33853	-794.34014
50	50	-1478.9013	-1481.3939	-1483.0499	-2.4926142	-1475.4513	-1470.522	-1470.3274
51	51	-985.76123	-983.01596	-987.26797	2.7452653	-982.04006	-967.9228	-972.10487
52	52	-891.30412	-875.98763	-879.16826	15.316487	-887.48222	-865.22135	-865.2246
53	53	-1142.0798	-1139.0676	-1142.1027	3.0122048	-1138.4739	-1129.7264	-1129.7283
54	54	-1453.8848	-1435.1727	-1438.2344	18.712095	-1450.4467	-1425.6366	-1425.6313
55	55	-1005.7877	-984.0266	-987.37328	21.761112	-1002.083	-973.7595	-973.75656
56	56	-722.61251	-703.09148	-706.16807	19.52103	-718.6312	-693.37094	-693.37138
57	57	-1615.4125	-1605.1783	-1608.2287	10.234191	-1612.0825	-1593.751	-1596.2743
58	58	-1003.6092	-1000.8179	-1003.8854	2.7913143	-999.89884	-991.34552	-991.34664
59	59	-1545.2572	-1526.7206	-1530.1684	18.536578	-1541.878	-1516.7477	-1516.7498
60	60	-956.79324	-926.75891	-929.81609	30.03433	-953.01099	-917.36701	-917.36808
61	61	-1271.868	-1274.463	-1276.0874	-2.5950421	-1268.2757	-1261.1958	-1264.7393
62	62	-950.61579	-951.35023	-954.03996	-0.73444057	-946.86501	-940.95832	-941.76996
63	63	-1394.7351	-1383.1485	-1386.2267	11.586595	-1391.3032	-1373.6331	-1373.6344
64	64	-1454.2648	-1445.7649	-1448.7666	8.4998556	-1450.8342	-1436.1696	-1436.2374
65	65	-1412.9009	-1398.0273	-1401.086	14.873607	-1409.4188	-1388.7644	-1388.7589
66	66	-1535.9888	-1538.4604	-1540.2362	-2.4716579	-1532.5924	-1527.8184	-1529.8593
67	67	-781.91164	-761.03783	-764.39928	20.873813	-777.95979	-750.42612	-750.4264
68	68	-795.55854	-786.70333	-789.77242	8.8552133	-791.6465	-776.97465	-776.97748
69	69	-1328.1876	-1313.9637	-1317.179	14.223826	-1324.6643	-1304.4337	-1304.4298
70	70	-1040.3964	-991.25596	-994.31114	49.140426	-1029.2343	-982.04591	-982.04635
71	71	-1076.5889	-1077.314	-1080.5388	-0.72509524	-1072.928	-1065.6824	-1066.3883
72	72	-671.55343	-649.72487	-652.76909	21.828558	-667.48297	-639.87752	-639.87845
73	73	-1104.5908	-1100.7802	-1104.0613	3.8106227	-1100.9618	-1090.2946	-1090.5837
74	74	-682.70057	-650.09412	-653.15548	32.606446	-678.60497	-640.2255	-640.22728
75	75	-1403.4071	-1406.154	-1407.6456	-2.7469318	-1399.9306	-1399.9103	-1399.9071
76	76	-813.17616	-801.20897	-804.67453	11.96719	-809.23505	-789.59385	-789.59221
77	77	-1160.8902	-1159.6904	-1162.9735	1.1997279	-1157.2773	-1148.6767	-1149.6938
78	78	-1234.4268	-1224.3772	-1227.4228	10.049578	-1230.8799	-1214.1093	-1215.1465
79	79	-1032.3324	-1035.0575	-1036.5851	-2.7251233	-1028.6095	-1027.9032	-1027.856
80	80	-1159.6448	-1148.3987	-1151.658	11.246054	-1156.0739	-1138.5328	-1138.5392
81	81	-1407.3216	-1385.0059	-1388.7613	22.315694	-1403.8417	-1373.9282	-1373.9258
82	82	-1817.2149	-1800.466	-1803.7664	16.748832	-1813.6246	-1789.4136	-1789.9698
83	83	-1248.2142	-1242.489	-1245.5285	5.7252446	-1244.69	-1232.4155	-1233.2552
84	84	-1342.6313	-1322.5186	-1325.5939	20.112707	-1339.1199	-1313.4875	-1313.49
85	85	-974.02427	-955.96877	-959.02243	18.055501	-970.25883	-946.5302	-946.52838
86	86	-1097.7027	-1076.5957	-1080.2351	21.106997	-1094.0578	-1064.5406	-1064.5172
87	87	-995.05691	-957.6801	-961.07431	37.376811	-991.29709	-946.67506	-946.67392
88	88	-980.67082	-958.44195	-961.77618	22.228876	-976.95131	-948.20786	-948.20777
89	89	-792.75841	-786.33278	-789.39222	6.4256309	-788.84185	-776.00363	-776.59965
90	90	-987.59084	-988.93833	-991.22643	-1.3474894	-983.84589	-974.26447	-975.75483
91	91	-1063.2662	-1058.6798	-1061.9927	4.5864728	-1059.605	-1046.7011	-1048.5485
92	92	-1006.5471	-991.58722	-994.83128	14.959881	-1002.8357	-979.78684	-981.38539
93	93	-907.84604	-882.00094	-885.33168	25.8451	-904.02397	-872.09947	-872.09962
94	94	-710.28343	-690.03318	-693.08981	20.250255	-706.24629	-680.29004	-680.29208
95	95	-1053.0135	-1017.7724	-1021.0391	35.241073	-1041.0145	-1008.0686	-1008.0586
96	96	-1189.1954	-1180.9445	-1183.9707	8.2508643	-1185.6468	-1168.3471	-1170.9466
97	97	-1164.9639	-1163.6022	-1166.9306	1.3616792	-1161.369	-1153.945	-1153.9453
98	98	-1258.698	-1242.9244	-1245.9712	15.773589	-1255.1773	-1233.3806	-1233.2892
99	99	-1033.396	-1006.867	-1009.9322	26.529075	-1029.7027	-997.30579	-997.3034
100	100	-1214.8134	-1217.285	-1218.8354	-2.4716567	-1211.2596	-1200.4935	-1207.8636
101	101	-930.88019	-917.77457	-920.84861	13.105617	-927.08786	-907.85479	-908.2751
102	102	-663.53142	-638.29616	-641.36005	25.235264	-659.46109	-628.17704	-628.43609
103	103	-1409.8252	-1397.4123	-1400.4752	12.41285	-1406.3574	-1388.3596	-1388.3596
104	104	-796.1283	-781.0769	-784.58883	15.051393	-792.1964	-768.29177	-768.26122
105	105	-1195.4054	-1194.9943	-1198.0783	0.41101743	-1191.8068	-1185.648	-1185.6472
106	106	-1248.0119	-1243.9303	-1249.3865	4.0815789	-1244.4586	-1231.9913	-1232.7697
107	107	-1407.9181	-1410.9816	-1412.1635	-3.0635463	-1404.4388	-1402.0472	-1401.0684
108	108	-777.35573	-773.12286	-776.08604	4.232869	-773.37957	-760.9803	-763.35925
109	109	-1352.8704	-1329.8368	-1332.9273	23.033609	-1339.507	-1320.8902	-1320.8904
110	110	-1216.9913	-1218.8644	-1220.8545	-1.8730869	-1213.4345	-1207.7069	-1207.5689
111	111	-1610.1468	-1611.6951	-1613.9524	-1.548353	-1606.796	-1602.3243	-1602.5388
112	112	-1177.0697	-1164.5677	-1167.6387	12.502052	-1173.5102	-1155.376	-1155.3755
113	113	-1554.3572	-1541.7669	-1546.103	12.590258	-1550.9315	-1529.4289	-1530.7775
114	114	-981.14098	-966.17823	-969.231	14.96275	-977.42192	-956.7528	-956.75454
115	115	-1023.79	-1020.3322	-1024.0718	3.4577426	-1020.1206	-1008.9445	-1008.9452
116	116	-1068.1262	-1059.3861	-1062.445	8.7400828	-1064.4476	-1049.9964	-1049.9962
117	117	-1099.2665	-1071.9435	-1075.0143	27.323007	-1095.6083	-1062.7236	-1062.7249
118	118	-719.38811	-716.32974	-719.59111	3.0583747	-715.36445	-704.98991	-704.99025
119	119	-1007.9677	-998.14743	-1001.202	9.8202597	-1004.2658	-988.74114	-988.74245
120	120	-1198.8186	-1199.9389	-1203.2728	-1.1203094	-1195.2382	-1179.5467	-1190.5622
121	121	-965.09107	-949.4359	-952.48887	15.655172	-961.34419	-940.03101	-940.03104
122	122	-1449.19	-1440.9138	-1443.9648	8.2761886	-1445.7704	-1427.9123	-1431.3595
123	123	-832.71228	-821.49598	-824.90405	11.2163	-828.81684	-810.65753	-810.65337
124	124	-1282.1378	-1276.8275	-1279.8866	5.3103354	-1278.5923	-1267.6386	-1267.6381
125	125	-1014.0549	-997.6611	-1000.732	16.393762	-1010.3493	-988.29374	-988.29373
126	126	-1211.5014	-1194.9278	-1198.1642	16.573594	-1207.9371	-1185.5527	-1185.4639
127	127	-1245.509	-1236.7846	-1240.4995	8.7244413	-1241.9509	-1225.2431	-1225.4399
128	128	-1238.7458	-1241.8239	-1242.9871	-3.0781219	-1235.1698	-1226.8303	-1230.4171
129	129	-951.21704	-947.87166	-950.91545	3.3453731	-947.43081	-938.26865	-938.26856
130	130	-647.08346	-630.34158	-633.41346	16.741882	-642.96031	-620.14933	-620.41153
131	131	-1157.689	-1155.0094	-1158.1156	2.6795903	-1154.0914	-1143.6813	-1144.5959
132	132	-1040.8031	-1027.9946	-1030.7785	12.80852	-1037.115	-1016.8338	-1016.8169
133	133	-1099.6379	-1092.0764	-1095.1298	7.5614728	-1096.0427	-1082.7659	-1082.7675
134	134	-1458.4155	-1449.5823	-1452.655	8.8332265	-1454.9747	-1438.7372	-1439.7893
135	135	-1287.3371	-1289.3569	-1291.4129	-2.0198081	-1283.825	-1279.5673	-1279.5501
136	136	-1300.5903	-1293.5499	-1296.6618	7.0403865	-1297.0571	-1284.3803	-1284.3786
137	137	-867.87817	-852.62369	-855.70121	15.254486	-863.99364	-843.02304	-843.02299
138	138	-1071.4145	-1060.9234	-1063.9605	10.491134	-1067.7661	-1049.9111	-1051.6061
139	139	-1422.8747	-1415.0241	-1418.3732	7.8506762	-1419.4227	-1403.39	-1403.968
140	140	-847.41162	-803.9461	-807.2308	43.465521	-843.51974	-794.08207	-794.08033
141	141	-1332.0937	-1313.1478	-1316.6499	18.945929	-1322.7487	-1303.0114	-1303.0044
142	142	-966.83747	-961.36087	-964.44759	5.4766056	-963.11012	-951.87219	-951.87156
143	143	-1216.7278	-1219.455	-1220.9979	-2.7271734	-1213.189	-1206.6256	-1212.0772
144	144	-981.78344	-978.59782	-981.65663	3.1856168	-978.04316	-969.07943	-969.07841
145	145	-1161.0385	-1155.515	-1160.5028	5.523521	-1157.4667	-1143.3229	-1143.324
146	146	-942.79337	-934.11881	-937.21425	8.6745644	-939.0153	-924.63733	-924.63697
147	147	-861.3995	-858.4412	-861.53343	2.9583079	-857.52954	-848.76476	-848.76801
148	148	-815.43743	-789.54657	-792.62224	25.890854	-811.47868	-779.15795	-779.91693
149	149	-659.34047	-661.90695	-663.56614	-2.5664842	-655.25006	-653.68428	-653.68623
150	150	-937.00529	-928.29185	-931.64784	8.7134379	-933.22708	-918.04818	-918.04657
151	151	-1541.998	-1529.4959	-1533.3984	12.502118	-1538.6167	-1517.9022	-1517.9021
152	152	-1530.6771	-1533.4177	-1534.9187	-2.7405961	-1527.2726	-1524.0095	-1523.8307
153	153	-899.6224	-899.69322	-902.52527	-0.070815103	-895.8194	-887.5778	-890.06931
154	154	-1593.8948	-1592.0657	-1595.1316	1.8290588	-1590.5544	-1578.1827	-1583.0267
155	155	-1028.4185	-1006.9023	-1009.9407	21.516243	-1024.6935	-997.54132	-997.54122
156	156	-2133.742	-2120.2781	-2123.366	13.463881	-2117.913	-2109.272	-2109.9315
157	157	-1364.4311	-1365.4889	-1368.1107	-1.0577759	-1360.9888	-1354.5934	-1355.5362
158	158	-1428.5736	-1431.3565	-1432.8022	-2.7828985	-1425.139	-1424.9682	-1423.8426
159	159	-899.27272	-899.03985	-902.03381	0.23286931	-895.43638	-887.02597	-888.56365
160	160	-1550.3677	-1548.2508	-1551.0408	2.1169155	-1546.9522	-1536.864	-1536.8054
161	161	-1053.3976	-1037.1898	-1040.658	16.207805	-1049.7171	-1026.5029	-1026.5001
162	162	-1127.367	-1129.9099	-1131.5728	-2.5428655	-1123.7405	-1116.1048	-1121.0007
163	163	-1218.0322	-1215.6136	-1218.6928	2.4186181	-1214.437	-1206.343	-1206.3431
164	164	-1044.9928	-1025.682	-1028.746	19.310773	-1041.3192	-1016.38	-1016.3801
165	165	-1338.4659	-1323.4134	-1326.4859	15.052533	-1334.9329	-1313.7667	-1313.7685
166	166	-1109.3465	-1111.1469	-1113.3226	-1.8004399	-1105.6988	-1101.1818	-1102.0003
167	167	-1000.3677	-992.5022	-995.53859	7.8654551	-996.66211	-982.41034	-983.08787
168	168	-1026.1055	-1002.3102	-1005.4102	23.79529	-1022.4151	-991.41197	-991.36201
169	169	-655.53315	-629.91693	-632.95585	25.616221	-651.45769	-620.04764	-620.04762
170	170	-1125.5367	-1112.709	-1116.1385	12.827642	-1121.9013	-1100.8742	-1100.8719
171	171	-965.49681	-936.24026	-939.5459	29.256555	-961.74133	-925.95045	-925.83026
172	172	-603.0054	-597.56675	-600.62532	5.4386455	-598.81959	-587.51633	-587.51629
173	173	-857.4711	-837.01841	-840.37957	20.452687	-853.67109	-826.60173	-826.59691
174	174	-1025.229	-1018.2401	-1021.2859	6.9889047	-1021.4942	-1008.7619	-1008.762
175	175	-1608.2609	-1600.9863	-1604.7041	7.2745697	-1604.9431	-1589.0928	-1589.3931
176	176	-1038.5101	-1030.8057	-1034.7881	7.7044257	-1034.8221	-1016.9361	-1018.5083
177	177	-979.23715	-979.83479	-982.70389	-0.59764252	-975.47532	-969.50288	-969.49835
178	178	-1043.6274	-1036.5711	-1039.9625	7.0563317	-1039.9546	-1027.3484	-1027.3338
179	179	-809.87339	-774.32603	-777.6394	35.547359	-805.91527	-763.85896	-763.85772
180	180	-1123.4808	-1096.8558	-1099.902	26.624951	-1119.8514	-1087.6486	-1087.6489
181	181	-961.00939	-929.68392	-933.93585	31.325467	-957.23202	-917.19204	-917.19086
182	182	-1343.6073	-1342.6779	-1345.7053	0.92948671	-1340.0804	-1331.27	-1333.4435
183	183	-773.25176	-775.45469	-777.37782	-2.2029334	-769.27139	-766.17109	-766.1716
184	184	-1638.6347	-1630.7861	-1633.8195	7.8486645	-1635.3125	-1618.8671	-1621.3682
185	185	-1055.183	-1052.7131	-1056.0362	2.469869	-1051.5162	-1042.8886	-1042.8743
186	186	-1125.8392	-1096.8678	-1099.9118	28.971355	-1122.2207	-1087.6966	-1087.697
187	187	-1536.5011	-1524.9437	-1527.9644	11.557426	-1533.1005	-1515.6425	-1515.9203
188	188	-793.5872	-763.80389	-766.86561	29.783314	-789.63235	-754.21083	-754.21071
189	189	-931.69432	-922.78357	-925.5514	8.9107545	-927.89207	-911.35747	-911.33234
190	190	-881.38043	-883.08281	-885.33547	-1.7023769	-877.50582	-871.79294	-873.61797
191	191	-1332.2025	-1331.1665	-1334.202	1.0359797	-1328.6688	-1318.1617	-1321.3912
192	192	-1018.3972	-1010.8364	-1013.9069	7.5607778	-1014.6749	-1001.4002	-1001.4006
193	193	-1553.0833	-1550.7286	-1553.7915	2.354742	-1549.6789	-1540.7893	-1541.6218
194	194	-1576.4427	-1558.6232	-1561.7032	17.819523	-1573.0584	-1549.7431	-1549.742
195	195	-1376.1653	-1370.1406	-1372.8445	6.0247147	-1372.6449	-1355.3991	-1360.9357
196	196	-1317.109	-1295.5713	-1298.8231	21.537631	-1313.5825	-1286.0307	-1286.0256
197	197	-1079.7794	-1077.5484	-1080.3028	2.2309453	-1076.0906	-1066.8289	-1066.8305
198	198	-1139.4667	-1129.9172	-1133.0006	9.5494705	-1135.8923	-1120.6833	-1120.6833
199	199	-1462.8755	-1465.5949	-1466.9136	-2.7194334	-1459.4253	-1456.2383	-1459.2177
200	200	-1210.8108	-1206.6686	-1209.7339	4.1422244	-1207.2272	-1197.3606	-1197.3591
201	201	-1526.361	-1503.3326	-1506.5392	23.028399	-1519.2317	-1494.1626	-1494.1521
202	202	-990.1262	-979.66258	-982.95462	10.463617	-986.38687	-968.68644	-968.68523
203	203	-943.30644	-914.55926	-917.60033	28.747186	-939.54691	-905.15238	-905.15337
204	204	-527.28368	-516.00848	-519.07193	11.275198	-522.88934	-505.73001	-505.7302
205	205	-1323.7775	-1292.4844	-1295.8393	31.293047	-1320.2463	-1281.8667	-1281.7186
206	206	-1369.0278	-1361.2293	-1364.5079	7.7985133	-1365.5264	-1351.606	-1351.6035
207	207	-1485.6427	-1475.9302	-1480.1764	9.7124333	-1482.198	-1463.8402	-1465.731
208	208	-1004.7355	-988.04696	-992.887	16.688565	-1001.0159	-975.50523	-975.74225
209	209	-1650.7301	-1653.7712	-1654.9802	-3.0410709	-1647.395	-1645.6317	-1645.9677
210	210	-1688.227	-1683.0683	-1686.1525	5.1586223	-1684.9375	-1674.1845	-1674.1845
211	211	-1551.6987	-1554.457	-1555.9192	-2.758357	-1548.2945	-1545.262	-1547.7436
212	212	-958.93662	-943.95917	-947.01132	14.977448	-955.1866	-934.51115	-934.51197
213	213	-1285.5995	-1271.3452	-1275.2501	14.254205	-1282.0541	-1260.518	-1260.5149
214	214	-1412.7608	-1402.7504	-1405.8321	10.010384	-1409.3104	-1393.693	-1393.6927
215	215	-1313.7704	-1314.5801	-1317.2281	-0.80970702	-1310.2388	-1303.8797	-1305.2855
216	216	-940.69843	-883.31934	-886.42246	57.379081	-936.91799	-874.05606	-874.05527
217	217	-755.65861	-742.49771	-745.54959	13.160905	-751.68006	-732.80928	-732.80685
218	218	-1508.0763	-1492.1704	-1495.4362	15.905955	-1504.6442	-1483.1989	-1483.1759
219	219	-901.83884	-871.39259	-874.45313	30.446252	-898.00118	-861.92678	-861.92722
220	220	-1115.7881	-1099.2646	-1102.4814	16.523512	-1112.1489	-1089.5997	-1089.5944
221	221	-1611.6295	-1601.8849	-1604.9447	9.7446495	-1608.2815	-1591.0409	-1592.8765
222	222	-907.42116	-910.13339	-911.6246	-2.7122337	-903.59578	-902.37938	-904.01355
223	223	-750.98528	-753.53914	-755.21974	-2.5538601	-746.98977	-745.93444	-745.93418
224	224	-975.30261	-943.67217	-946.75236	31.630435	-971.54443	-934.32983	-934.3281
225	225	-1496.3102	-1489.9195	-1493.5472	6.3906534	-1492.8886	-1477.8426	-1477.8347
226	226	-1398.8154	-1380.964	-1384.0494	17.851334	-1395.2946	-1371.9543	-1371.9556
227	227	-1468.3354	-1441.8726	-1444.9402	26.462815	-1464.9034	-1432.9506	-1432.95
228	228	-1018.9361	-1017.545	-1020.8792	1.3911155	-1015.1958	-1007.5549	-1007.5585
229	229	-916.6224	-907.32631	-910.38507	9.2960935	-912.82954	-897.79292	-897.79639
230	230	-918.64499	-916.65919	-919.74985	1.9857925	-914.86761	-907.07571	-907.07588
231	231	-1182.6671	-1165.4686	-1168.5497	17.198444	-1179.1136	-1156.3151	-1156.317
232	232	-1168.5772	-1171.6517	-1172.8401	-3.0745786	-1164.9997	-1157.903	-1160.7389
233	233	-1035.7545	-1030.6366	-1033.96	5.1178748	-1032.0576	-1019.7108	-1020.5444
234	234	-1121.9703	-1093.253	-1096.3039	28.71733	-1118.339	-1084.0275	-1084.0293
235	235	-1150.6876	-1141.6906	-1144.7693	8.9969793	-1147.0925	-1132.4365	-1132.4362
236	236	-934.62909	-926.0479	-929.12717	8.5811882	-930.84587	-916.54909	-916.54995
237	237	-1389.6703	-1390.6447	-1393.056	-0.97443697	-1386.2179	-1380.5716	-1380.5618
238	238	-1705.251	-1706.7768	-1708.6642	-1.5257692	-1701.9539	-1691.2024	-1697.1253
239	239	-1242.9249	-1242.4558	-1245.6871	0.46905719	-1239.3616	-1231.4283	-1231.7821
240	240	-1084.9649	-1087.0446	-1088.8742	-2.0796953	-1081.307	-1076.2781	-1076.3704
241	241	-1515.6796	-1497.2752	-1500.3759	18.404414	-1512.2776	-1488.1197	-1488.1212
242	242	-775.7611	-735.75284	-738.79575	40.008258	-771.7896	-726.17364	-726.17514
243	243	-1110.5189	-1083.6813	-1086.5968	26.837606	-1106.8611	-1070.3388	-1073.9154
244	244	-1079.7685	-1059.5623	-1062.8749	20.206183	-1076.1306	-1048.1887	-1048.1624
245	245	-1117.2204	-1100.8672	-1103.42	16.353235	-1113.5875	-1086.6213	-1090.85
246	246	-1667.8522	-1647.1996	-1650.2628	20.65261	-1658.2837	-1638.3044	-1638.2903
247	247	-1013.3169	-998.80095	-1001.8968	14.515904	-1009.6096	-988.52976	-989.42955
248	248	-1192.1894	-1192.2045	-1195.0521	-0.015170764	-1188.5917	-1180.0147	-1182.8859
249	249	-945.22955	-914.93224	-918.76766	30.297317	-941.44295	-902.81134	-902.80739
250	250	-1443.2025	-1445.3951	-1447.1243	-2.1926096	-1439.7378	-1433.3024	-1434.8977
251	251	-903.02457	-885.59187	-888.8811	17.432704	-899.1906	-873.27945	-875.28012
252	252	-1080.4168	-1069.6244	-1072.6952	10.792321	-1076.7612	-1060.3004	-1060.3003
253	253	-1010.8685	-1013.3872	-1015.0862	-2.5187576	-1007.1335	-1000.1277	-1002.4082
254	254	-696.26823	-690.27579	-693.31552	5.9924404	-692.20088	-680.08439	-680.37333
255	255	-1281.4259	-1276.9587	-1280.2054	4.4671446	-1277.8988	-1264.8357	-1266.558
256	256	-1273.1986	-1246.942	-1249.7102	26.256523	-1269.6722	-1236.366	-1236.0437
257	257	-825.3235	-804.11434	-808.38944	21.209165	-821.39314	-792.49418	-792.49704
258	258	-1504.3946	-1498.7368	-1501.8068	5.6577941	-1501.0119	-1489.093	-1489.013
259	259	-1180.9629	-1178.8037	-1181.6008	2.1591933	-1177.3164	-1167.5664	-1167.4684
260	260	-1037.251	-1019.1206	-1022.1852	18.130395	-1033.5785	-1007.5009	-1008.3716
261	261	-1159.5914	-1154.6532	-1157.7397	4.9381771	-1155.9911	-1145.3423	-1145.3423
262	262	-1470.3354	-1467.1499	-1470.5025	3.1855039	-1466.937	-1455.8019	-1455.7728
263	263	-1527.4459	-1529.535	-1531.3611	-2.0891208	-1524.0625	-1519.8944	-1519.8912
264	264	-1036.9728	-1030.0603	-1033.3908	6.912517	-1033.284	-1018.1105	-1020.2349
265	265	-1493.6743	-1489.7498	-1493.0731	3.9245187	-1490.2638	-1479.0785	-1479.0753
266	266	-1004.5328	-995.41874	-999.71395	9.1140525	-1000.8217	-983.37918	-983.70285
267	267	-1046.384	-1047.9057	-1050.1602	-1.5217144	-1042.7229	-1037.7805	-1037.7751
268	268	-1128.2709	-1124.8131	-1127.8476	3.4577889	-1124.6389	-1115.4104	-1115.411
269	269	-1325.2575	-1316.3363	-1319.4302	8.9211628	-1321.733	-1301.9052	-1306.7439
270	270	-1380.0418	-1369.8783	-1371.9443	10.163466	-1376.5378	-1354.759	-1359.696
271	271	-726.33359	-728.04101	-730.38548	-1.7074189	-722.29668	-716.02166	-717.00567
272	272	-1140.6631	-1117.4334	-1120.6453	23.229709	-1137.0731	-1108.2172	-1108.1894
273	273	-1781.7598	-1777.2677	-1779.8441	4.4921053	-1778.4742	-1763.99	-1766.677
274	274	-1393.0725	-1391.1897	-1394.2389	1.8827934	-1389.6112	-1381.305	-1381.3066
275	275	-1132.7018	-1127.2537	-1130.2784	5.4480923	-1129.0759	-1117.1744	-1117.1896
276	276	-781.29589	-764.57591	-767.66329	16.719982	-777.37348	-754.98168	-754.98184
277	277	-1201.4504	-1196.9991	-1200.2464	4.4512745	-1197.8796	-1187.2429	-1187.2426
278	278	-1358.2549	-1356.087	-1358.8913	2.1679247	-1354.7501	-1345.4732	-1345.4803
279	279	-1248.8382	-1248.5936	-1251.6614	0.24461178	-1245.3229	-1234.7661	-1238.7005
280	280	-923.95	-896.05242	-900.58862	27.897579	-920.12384	-883.64172	-883.64466
281	281	-1257.5644	-1252.9266	-1256.4525	4.6378124	-1254.0057	-1234.6646	-1243.4079
282	282	-1355.9524	-1338.0633	-1341.1146	17.889106	-1347.5478	-1328.2121	-1328.3325
283	283	-1013.8946	-983.4997	-986.7506	30.394904	-1010.1882	-973.73442	-973.72867
284	284	-1509.5313	-1499.8984	-1502.9655	9.6329512	-1506.1412	-1488.6083	-1490.8974
285	285	-896.57203	-891.98163	-895.07539	4.5903984	-892.74374	-882.37448	-882.37469
286	286	-1304.2755	-1301.0193	-1303.7952	3.256208	-1300.7073	-1288.8422	-1291.7778
287	287	-743.05551	-720.925	-723.97957	22.130505	-739.0084	-711.18043	-711.17854
288	288	-934.00752	-918.02631	-921.32676	15.981213	-930.25395	-907.92327	-907.90047
289	289	-1182.12	-1175.893	-1178.9804	6.2270278	-1178.5392	-1166.6283	-1166.6276
290	290	-1266.9297	-1244.3972	-1247.4418	22.532469	-1263.3602	-1232.7906	-1235.3304
291	291	-1178.8427	-1169.8713	-1172.9472	8.9713448	-1175.2334	-1158.491	-1160.5789
292	292	-1487.1848	-1489.7545	-1491.446	-2.5696776	-1483.7903	-1476.8794	-1480.7108
293	293	-743.68344	-722.1266	-725.17063	21.556837	-739.66408	-712.3894	-712.38839
294	294	-1020.7346	-1010.946	-1014.2181	9.788584	-1017.0189	-999.99887	-999.99724
295	295	-1606.95	-1605.8166	-1610.5107	1.1333823	-1603.5975	-1592.1206	-1595.9054
296	296	-1322.8165	-1306.1148	-1309.1886	16.701655	-1319.3457	-1297.0292	-1297.0294
297	297	-1446.8756	-1438.9824	-1442.084	7.8931308	-1443.4576	-1429.9634	-1429.9635
298	298	-1458.1032	-1460.6915	-1461.4783	-2.5882674	-1454.6541	-1445.8876	-1451.5754
299	299	-1272.4364	-1252.371	-1255.4395	20.065416	-1268.8664	-1242.768	-1242.7734
300	300	-622.99983	-564.19097	-567.28992	58.80886	-618.84896	-554.25334	-554.25463
301	301	-1154.063	-1137.6693	-1140.9003	16.393685	-1150.4725	-1128.0156	-1128.0261
302	302	-1276.8089	-1279.2177	-1281.0786	-2.4088226	-1273.2866	-1270.842	-1270.8467
303	303	-1078.531	-1072.5287	-1075.5584	6.0022977	-1074.864	-1062.0837	-1063.1222
304	304	-1199.6124	-1182.4436	-1185.503	17.168832	-1196.0637	-1173.3082	-1173.3081
305	305	-1123.7884	-1111.3072	-1114.7887	12.481157	-1120.1946	-1096.4321	-1099.7537
306	306	-1271.4857	-1266.0371	-1270.03	5.4486533	-1267.9806	-1253.8014	-1253.8014
307	307	-1090.6872	-1093.2603	-1094.946	-2.5731777	-1087.0409	-1084.0643	-1085.2246
308	308	-1249.8541	-1252.3166	-1254.1015	-2.4624718	-1246.2852	-1242.6538	-1244.0345
309	309	-1667.8457	-1662.1431	-1665.1769	5.7026689	-1664.5439	-1653.143	-1653.1045
310	310	-1323.189	-1295.325	-1298.4101	27.864038	-1319.6764	-1286.2615	-1286.224
311	311	-1149.6993	-1138.6561	-1141.727	11.043199	-1146.1094	-1124.4466	-1129.41
312	312	-1672.8331	-1649.8331	-1652.901	23.000032	-1661.0988	-1640.8553	-1640.8376
313	313	-1645.569	-1633.6201	-1636.9237	11.948874	-1642.2023	-1617.8059	-1623.8825
314	314	-990.19139	-992.94032	-994.42696	-2.7489251	-986.43899	-985.46339	-985.43911
315	315	-1172.0796	-1165.0969	-1167.8501	6.9827562	-1168.4822	-1152.2156	-1154.0944
316	316	-1191.3448	-1182.7385	-1185.82	8.60622	-1187.7611	-1173.4729	-1173.4758
317	317	-1214.0201	-1197.2873	-1200.3179	16.732755	-1210.4738	-1187.7158	-1187.6991
318	318	-1162.1643	-1164.4293	-1166.2484	-2.2650559	-1158.5816	-1149.286	-1154.7236
319	319	-1726.3138	-1716.7989	-1720.0746	9.5148384	-1723.0352	-1705.5563	-1706.0167
320	320	-710.99899	-710.73499	-713.59304	0.2639951	-706.96285	-698.02402	-700.89031
321	321	-1727.2877	-1729.7358	-1731.3058	-2.4480848	-1724.0062	-1716.8617	-1719.1742
322	322	-996.98122	-973.7092	-976.72652	23.272025	-993.2454	-964.33727	-964.33605
323	323	-1445.5306	-1440.8152	-1443.8862	4.7154427	-1442.0733	-1428.2939	-1430.7612
324	324	-750.46629	-745.68875	-748.78187	4.7775321	-746.48206	-735.74969	-735.91564
325	325	-1245.8242	-1245.4655	-1248.2407	0.35865718	-1242.2496	-1232.4023	-1233.6029
326	326	-919.80293	-907.43208	-911.1228	12.370843	-915.99985	-895.16977	-895.46783
327	327	-1100.4433	-1069.0144	-1072.2541	31.428919	-1096.8244	-1059.8462	-1059.8277
328	328	-1124.7438	-1103.0144	-1106.0583	21.729349	-1121.1011	-1092.7307	-1093.7706
329	329	-922.62004	-906.33172	-909.40722	16.288317	-918.83054	-896.86401	-896.86391
330	330	-958.87234	-961.28066	-962.98461	-2.4083282	-955.11108	-951.2527	-952.08528
331	331	-1082.5213	-1079.924	-1081.4934	2.5972838	-1078.8587	-1063.5121	-1069.3003
332	332	-650.40807	-653.14716	-654.64577	-2.7390954	-646.28948	-646.70726	-646.70723
333	333	-1600.8113	-1594.8702	-1597.6404	5.9410791	-1597.4489	-1584.0567	-1584.0076
334	334	-842.48799	-816.13229	-820.52506	26.355706	-838.59493	-804.95263	-804.95193
335	335	-783.57944	-759.06555	-762.44858	24.513898	-779.58215	-748.43063	-748.43125
336	336	-1002.7498	-992.8068	-995.86706	9.9430486	-999.03659	-983.373	-983.37337
337	337	-832.72359	-824.37561	-827.42024	8.3479796	-828.82907	-814.68954	-814.69099
338	338	-840.18245	-834.30198	-837.39382	5.8804725	-836.26732	-824.59237	-824.59155
339	339	-1022.2416	-1021.5542	-1024.6268	0.68735245	-1018.5521	-1007.3988	-1012.0802
340	340	-1034.6361	-1036.6794	-1038.5267	-2.043362	-1030.9529	-1025.2002	-1025.2594
341	341	-843.62016	-821.90269	-825.23555	21.717472	-839.72598	-811.51201	-811.5092
342	342	-1313.6281	-1267.9807	-1271.0676	45.64738	-1310.1079	-1259.0646	-1259.0647
343	343	-1071.451	-1062.951	-1065.9961	8.4999398	-1067.8063	-1052.9311	-1053.6041
344	344	-1411.4595	-1400.3717	-1403.4888	11.087737	-1407.9774	-1391.2864	-1391.2863
345	345	-909.5177	-891.6096	-895.03715	17.9081	-905.68097	-880.38451	-880.38524
346	346	-1516.2484	-1513.9671	-1517.1307	2.2813131	-1512.8737	-1503.3778	-1503.3366
347	347	-1700.6682	-1700.5126	-1703.2706	0.15566267	-1697.3526	-1690.2837	-1690.511
348	348	-739.55203	-726.16032	-729.21689	13.391707	-735.531	-715.80151	-716.39389
349	349	-956.02956	-929.124	-932.57612	26.905556	-952.22784	-918.01256	-917.93928
350	350	-1853.0301	-1844.9231	-1847.9824	8.1069684	-1849.8027	-1836.1445	-1836.1454
351	351	-1080.5926	-1046.8835	-1052.554	33.70907	-1076.9241	-1037.1325	-1036.9301
352	352	-1665.2612	-1668.3253	-1669.538	-3.0641062	-1661.9732	-1648.0172	-1658.506
353	353	-1249.2535	-1243.5234	-1246.5662	5.7300255	-1245.7009	-1233.8428	-1233.8412
354	354	-996.05262	-984.08722	-987.13642	11.965399	-992.3316	-973.78045	-973.74581
355	355	-1672.9749	-1671.9799	-1673.5002	0.99499787	-1669.6664	-1655.4103	-1662.4186
356	356	-929.68932	-913.35895	-916.6458	16.330367	-925.86912	-903.1345	-903.12085
357	357	-1312.8772	-1315.2624	-1316.982	-2.3851998	-1309.3614	-1305.3938	-1305.3856
358	358	-1099.7152	-1085.3327	-1088.3824	14.382574	-1096.0925	-1076.0221	-1076.0241
359	359	-1112.415	-1087.894	-1090.9452	24.52102	-1108.7649	-1078.6781	-1078.6802
360	360	-1337.0332	-1336.2793	-1339.0611	0.75385636	-1333.5115	-1325.878	-1325.7127
361	361	-983.1742	-975.18562	-978.26293	7.9885783	-979.40623	-965.67499	-965.67619
362	362	-1993.6032	-1988.7239	-1992.1063	4.8793112	-1990.4282	-1979.0488	-1979.0504
363	363	-996.1915	-993.08183	-996.22024	3.1096656	-992.46016	-982.34303	-982.33777
364	364	-1255.9709	-1239.7516	-1243.0854	16.219336	-1252.4438	-1228.9172	-1228.9185
365	365	-1060.4527	-1006.707	-1009.7896	53.745707	-1052.6195	-997.56419	-997.56339
366	366	-1010.7724	-1005.329	-1007.8244	5.443385	-1007.0478	-992.19369	-995.84014
367	367	-647.46618	-627.94595	-631.02228	19.520231	-643.34534	-618.01962	-618.0204
368	368	-1122.5209	-1092.5708	-1095.6295	29.950083	-1118.9062	-1083.4156	-1083.4157
369	369	-819.51012	-800.04715	-803.07454	19.462971	-815.55656	-790.36412	-790.36415
370	370	-936.79428	-915.4311	-918.5033	21.363186	-933.00982	-905.99374	-905.99386
371	371	-1387.9505	-1380.5408	-1383.8258	7.4096346	-1384.5445	-1370.235	-1370.231
372	372	-1076.2457	-1053.9082	-1056.9846	22.337422	-1072.5823	-1043.534	-1043.3755
373	373	-981.68676	-971.75468	-974.90388	9.9320853	-977.99177	-961.25148	-961.24873
374	374	-1535.1835	-1533.6543	-1539.2621	1.5292087	-1531.8168	-1523.5514	-1523.9154
375	375	-1057.9819	-1058.1726	-1060.7494	-0.19074077	-1054.3282	-1047.6302	-1047.6108
376	376	-689.2776	-661.60837	-664.67228	27.669226	-685.24439	-651.81638	-651.8174
377	377	-1938.1648	-1940.9077	-1942.3915	-2.7428223	-1934.9824	-1926.7192	-1934.8904
378	378	-1077.5425	-1063.5776	-1067.3439	13.964916	-1073.8806	-1053.1003	-1052.3754
379	379	-864.90188	-864.12014	-868.98022	0.78173776	-861.03124	-853.35633	-853.31879
380	380	-1013.4575	-1015.9429	-1017.5884	-2.4853945	-1009.7534	-1006.9641	-1006.9646
381	381	-1271.3613	-1269.8374	-1272.9122	1.5239186	-1267.8123	-1260.0067	-1260.0029
382	382	-1111.6539	-1103.7389	-1107.0992	7.9150251	-1108.0321	-1092.605	-1092.937
383	383	-754.66282	-756.89737	-758.75064	-2.2345496	-750.66297	-747.01148	-746.99778
384	384	-1183.0955	-1163.221	-1166.4785	19.874451	-1179.5192	-1153.5474	-1153.5374
385	385	-890.82407	-870.3599	-873.43908	20.464166	-886.96793	-860.806	-860.80649
386	386	-884.0074	-864.07051	-867.14218	19.936895	-880.15656	-854.53921	-854.53943
387	387	-1411.7021	-1408.2567	-1411.086	3.4453753	-1408.236	-1397.9619	-1397.5938
388	388	-1071.688	-1057.7238	-1060.541	13.964231	-1068.0131	-1041.8853	-1046.1364
389	389	-1107.2963	-1078.0677	-1081.0917	29.228692	-1103.6688	-1068.3839	-1068.3824
390	390	-976.46463	-961.90349	-964.97744	14.561136	-972.73508	-952.4828	-952.4826
391	391	-1308.2323	-1277.8593	-1280.8956	30.373012	-1290.7083	-1267.8067	-1267.6697
392	392	-1345.3597	-1346.5712	-1348.9227	-1.2114912	-1341.885	-1338.0198	-1338.0195
393	393	-1350.5238	-1344.7261	-1350.3213	5.7977017	-1346.9978	-1333.9517	-1333.8205
394	394	-1394.2291	-1396.4278	-1398.4542	-2.1986914	-1390.7304	-1381.716	-1386.3287
395	395	-1120.6477	-1097.1056	-1100.2099	23.54208	-1117.0275	-1086.4757	-1086.4333
396	396	-1036.2864	-1005.0452	-1008.2908	31.241181	-1032.6025	-995.71483	-995.69619
397	397	-675.60423	-669.17772	-672.22903	6.4265107	-671.53048	-659.24288	-659.24289
398	398	-778.13803	-768.48809	-771.55093	9.6499389	-774.17074	-758.70958	-758.71113
399	399	-1166.7707	-1146.5433	-1149.5889	20.227324	-1163.1664	-1136.6747	-1136.5803
400	400	-1292.1801	-1285.6063	-1288.6612	6.5737583	-1288.7219	-1274.1978	-1276.469
401	401	-1413.2274	-1412.7692	-1415.8243	0.45817551	-1409.7743	-1402.0293	-1403.5786
402	402	-1614.811	-1605.684	-1608.7399	9.1270572	-1611.492	-1596.6819	-1596.6745
403	403	-743.99955	-744.28433	-747.09885	-0.28477665	-740.00151	-732.57728	-734.39836
404	404	-1392.8898	-1385.1735	-1388.383	7.7162411	-1389.4092	-1374.2641	-1374.2748
405	405	-622.96241	-623.492	-626.27461	-0.52959014	-618.80058	-612.25986	-612.747
406	406	-1039.5017	-1007.1334	-1010.24	32.368265	-1035.8055	-996.01529	-995.79482
407	407	-1214.3721	-1207.7098	-1210.6741	6.6623294	-1210.806	-1191.4106	-1197.9999
408	408	-867.86614	-823.36177	-826.45444	44.504371	-859.60336	-813.93569	-813.93699
409	409	-1032.7981	-1022.2872	-1026.0693	10.510926	-1029.1073	-1010.8708	-1010.8707
410	410	-1891.6698	-1884.6437	-1884.9291	7.0260964	-1879.538	-1868.7245	-1875.8088
411	411	-647.63849	-643.43328	-646.49161	4.205207	-643.51935	-632.75956	-633.44012
412	412	-1077.0545	-1066.6242	-1069.794	10.430306	-1073.3796	-1052.08	-1055.1016
413	413	-1351.2746	-1338.0041	-1341.2994	13.270469	-1347.8267	-1328.4697	-1328.4642
414	414	-1126.007	-1126.1606	-1129.1773	-0.1536366	-1122.3938	-1116.1363	-1116.1191
415	415	-1589.1377	-1571.78	-1574.842	17.357767	-1585.7738	-1562.9044	-1562.9039
416	416	-1181.1434	-1176.0479	-1179.1126	5.095501	-1177.5531	-1165.97	-1166.7512
417	417	-1003.0205	-953.22722	-956.97464	49.793232	-999.26252	-941.52548	-941.52413
418	418	-893.50556	-855.86888	-858.97252	37.636681	-889.64825	-846.43959	-846.44033
419	419	-861.0972	-814.68307	-817.96357	46.414127	-857.19474	-804.52286	-804.5261
420	420	-986.97423	-985.41969	-989.0695	1.554543	-983.25813	-973.98818	-973.93846
421	421	-1551.5373	-1554.2839	-1555.7841	-2.7465445	-1548.1504	-1540.8108	-1547.793
422	422	-998.98335	-950.96309	-954.42184	48.020258	-995.2422	-939.97024	-939.96859
423	423	-1470.1136	-1461.4655	-1464.5362	8.6481047	-1458.8309	-1451.9933	-1452.1558
424	424	-1315.5733	-1295.9083	-1299.1137	19.664938	-1312.0375	-1286.3175	-1286.3091
425	425	-996.16684	-991.02191	-994.09651	5.1449281	-992.45376	-981.52201	-981.52067
426	426	-1292.2343	-1266.8469	-1270.9543	25.387412	-1288.697	-1256.7305	-1256.726
427	427	-1384.6906	-1372.9405	-1376.2092	11.750168	-1381.2067	-1362.1381	-1362.1199
428	428	-1087.3622	-1068.6991	-1072.0257	18.663047	-1083.6817	-1056.9662	-1056.9574
429	429	-1022.0763	-1024.7996	-1026.3165	-2.7232656	-1018.3371	-1016.3151	-1016.1804
430	430	-1138.8954	-1123.0845	-1125.8229	15.810844	-1135.3081	-1110.5061	-1110.6781
431	431	-948.22708	-931.75093	-935.12502	16.476144	-944.41213	-920.35519	-920.68641
432	432	-1103.7594	-1096.7928	-1099.8454	6.9666123	-1100.1561	-1087.4659	-1087.4656
433	433	-804.00833	-764.93772	-767.99473	39.070603	-800.03621	-755.36343	-755.36366
434	434	-1537.0021	-1537.2134	-1540.375	-0.21130709	-1533.5901	-1526.2875	-1526.4298
435	435	-1372.0006	-1374.0582	-1376.0764	-2.0576903	-1368.5046	-1361.8041	-1365.2148
436	436	-1255.9548	-1245.0824	-1248.9223	10.872404	-1252.4468	-1234.132	-1234.1355
437	437	-1445.5697	-1444.8521	-1448.4554	0.71754152	-1442.1228	-1430.7353	-1433.6039
438	438	-2317.0151	-2302.4625	-2305.5264	14.552593	-2306.6364	-2293.4217	-2293.8549
439	439	-1252.8687	-1252.4533	-1255.5432	0.4153891	-1249.3323	-1243.1406	-1243.1403
440	440	-1199.8273	-1180.0275	-1183.2652	19.799732	-1196.2406	-1170.3607	-1170.3666
441	441	-1075.981	-1065.6046	-1068.8966	10.376388	-1072.3304	-1055.4205	-1055.4193
442	442	-947.10398	-932.96333	-936.2413	14.140646	-943.31317	-922.77897	-922.77193
443	443	-1256.2206	-1240.3038	-1243.3696	15.916807	-1252.6369	-1230.3939	-1230.3961
444	444	-1066.7854	-1060.5316	-1063.3212	6.2538462	-1063.1145	-1047.7176	-1049.0485
445	445	-1096.3025	-1097.9588	-1099.2642	-1.6562542	-1092.665	-1083.1874	-1088.5378
446	446	-1187.1872	-1182.1241	-1185.4311	5.0630803	-1183.6291	-1171.2095	-1171.4812
447	447	-890.48245	-876.10322	-879.40991	14.379233	-886.64701	-865.77796	-865.776
448	448	-1317.5538	-1302.6079	-1305.7321	14.945851	-1314.0478	-1291.0463	-1292.5948
449	449	-1461.8638	-1464.5113	-1466.0935	-2.6474893	-1458.4045	-1456.4258	-1456.3414
450	450	-1673.1342	-1674.7061	-1677.0176	-1.571869	-1669.8187	-1662.5476	-1664.0765
451	451	-729.98803	-732.72336	-734.23071	-2.7353245	-725.94423	-726.36176	-726.36184
452	452	-1081.9964	-1043.5612	-1046.6162	38.435223	-1078.3307	-1034.3921	-1034.3921
453	453	-1179.151	-1174.3938	-1177.4241	4.7571918	-1175.5664	-1164.2818	-1164.2766
454	454	-1588.771	-1588.5107	-1591.273	0.26022465	-1585.4049	-1576.0792	-1578.1684
455	455	-934.83176	-931.36728	-934.16125	3.4644819	-931.06546	-919.40893	-919.40136
456	456	-1034.6625	-1037.7625	-1038.9441	-3.1000302	-1030.9572	-1023.1091	-1025.6138
457	457	-1383.7502	-1369.0948	-1372.1182	14.655422	-1380.2888	-1360.0447	-1360.0452
458	458	-1350.1475	-1322.2963	-1325.3818	27.851225	-1346.5973	-1312.5851	-1312.5493
459	459	-992.62425	-993.72081	-996.13056	-1.0965571	-988.87182	-983.86396	-984.15856
460	460	-914.93098	-917.95825	-919.1549	-3.0272712	-911.08423	-907.94135	-907.85003
461	461	-1278.2028	-1274.8311	-1277.8939	3.3717496	-1274.6388	-1263.3704	-1265.0762
462	462	-1185.8382	-1158.7267	-1161.9286	27.111519	-1182.2453	-1149.2204	-1149.2059
463	463	-1143.7873	-1129.9741	-1133.0122	13.813167	-1140.1708	-1120.7113	-1120.7115
464	464	-1453.6147	-1451.8744	-1455.0422	1.7403396	-1450.1423	-1441.5177	-1441.5181
465	465	-1578.9951	-1571.4878	-1574.5331	7.5072835	-1575.6006	-1562.4999	-1562.4971
466	466	-1079.7241	-1069.0205	-1072.2841	10.703591	-1076.0686	-1059.0757	-1059.0658
467	467	-1191.7603	-1194.4841	-1195.981	-2.72383	-1188.1697	-1188.5873	-1188.5876
468	468	-1105.1091	-1092.921	-1095.997	12.188177	-1101.4975	-1082.1144	-1082.043
469	469	-1042.7452	-1043.8884	-1046.5072	-1.1432787	-1039.0413	-1033.0011	-1032.9938
470	470	-899.69831	-861.01586	-864.34422	38.682455	-895.83552	-850.71586	-850.68545
471	471	-815.94971	-763.82477	-767.64383	52.12494	-811.99865	-752.7154	-752.71384
472	472	-1025.4409	-1022.8642	-1025.9517	2.5766966	-1021.7319	-1013.3662	-1013.3664
473	473	-1237.4284	-1218.4203	-1221.4985	19.008075	-1233.8731	-1209.2891	-1209.2885
474	474	-1308.2677	-1308.6534	-1311.3965	-0.38563393	-1304.7484	-1299.2381	-1299.4231
475	475	-1170.776	-1155.5869	-1158.374	15.189054	-1167.197	-1144.9075	-1144.7209
476	476	-899.55329	-879.1338	-882.19465	20.419487	-895.70886	-869.61459	-869.61508
477	477	-895.0446	-885.90989	-888.99355	9.1347084	-891.18944	-876.29105	-876.29109
478	478	-1001.1613	-987.14894	-990.46059	14.012349	-997.45829	-977.00581	-977.00744
479	479	-1334.5721	-1332.1981	-1335.2847	2.3740014	-1331.0764	-1322.3653	-1322.3552
480	480	-1432.0871	-1430.4003	-1433.5664	1.6867875	-1428.6261	-1419.3689	-1419.7097
481	481	-767.68641	-755.67551	-758.74337	12.010892	-763.73451	-745.92834	-745.93124
482	482	-1442.8809	-1436.8088	-1439.8587	6.0721234	-1439.4502	-1426.6057	-1427.7191
483	483	-1524.0252	-1513.2036	-1516.1552	10.821635	-1520.6147	-1502.1006	-1504.2014
484	484	-1129.0303	-1108.5531	-1111.6163	20.477144	-1125.3926	-1099.2998	-1099.2996
485	485	-994.74489	-966.90292	-969.97564	27.841969	-991.01668	-957.54082	-957.54064
486	486	-1129.5611	-1126.4615	-1129.5177	3.0996782	-1125.9576	-1117.0937	-1117.096
487	487	-1782.3091	-1784.2893	-1786.2098	-1.9801964	-1779.0567	-1772.9331	-1773.7832
488	488	-908.32913	-876.47312	-879.86772	31.856006	-904.49806	-865.97033	-865.96374
489	489	-1097.3294	-1100.0624	-1101.236	-2.7329705	-1093.6723	-1083.5582	-1092.1814
490	490	-1018.6248	-1021.674	-1022.8654	-3.0492006	-1014.9315	-1010.1286	-1010.0581
491	491	-998.93564	-982.41865	-985.48359	16.516989	-995.23348	-971.50348	-973.04996
492	492	-1186.9205	-1189.6201	-1191.1617	-2.6996497	-1183.344	-1176.9413	-1179.5344
493	493	-830.07835	-819.27616	-822.30214	10.802187	-826.19538	-809.6044	-809.60453
494	494	-1106.8933	-1084.0377	-1087.0641	22.855601	-1103.2481	-1071.2181	-1074.3562
495	495	-1051.8562	-1035.9233	-1038.9719	15.932862	-1048.1764	-1026.5774	-1026.5783
496	496	-1675.3265	-1672.2252	-1677.7173	3.1012846	-1671.9991	-1662.71	-1662.0219
497	497	-1008.3446	-1008.9737	-1012.0764	-0.62912355	-1004.6419	-997.10144	-997.09875
498	498	-1600.0085	-1584.3466	-1587.3828	15.661932	-1596.6743	-1575.1933	-1575.1961
499	499	-1131.4063	-1132.2204	-1134.8565	-0.81409976	-1127.811	-1122.8026	-1122.8017
