No.	ID	loglik_NUll	loglik_RES	loglik_all	log_ratio	loglik_Max1	loglik_Max2	loglik_Max3
0	0	-1050.0343	-1046.3909	-1035.9907	3.643363	-1033.6449	-1018.8148	-1034.2423
1	1	-804.63222	-804.99046	-784.25063	-0.35823912	-785.84062	-771.54293	-785.70102
2	2	-670.25308	-668.1131	-643.03342	2.1399796	-650.92881	-628.66355	-651.36626
3	3	-943.24122	-935.78301	-896.51379	7.4582158	-925.45395	-884.57988	-917.79959
4	4	-957.57135	-953.48801	-907.06944	4.0833333	-939.89383	-894.30048	-935.91076
5	5	-688.77289	-687.05528	-654.83581	1.7176094	-669.86366	-642.36584	-668.56281
6	6	-860.87206	-858.37807	-839.88444	2.4939926	-840.76369	-827.47491	-839.58319
7	7	-817.27864	-817.21916	-784.5959	0.059479511	-797.881	-772.48093	-798.63436
8	8	-1274.8721	-1268.8411	-1242.1327	6.0309905	-1253.8848	-1226.6024	-1248.2622
9	9	-995.25342	-995.29455	-978.23414	-0.041138368	-978.75851	-964.71178	-979.35751
10	10	-931.5611	-926.39042	-891.87721	5.1706722	-913.51306	-879.03662	-908.77615
11	11	-632.83197	-629.35043	-605.99876	3.4815424	-611.76492	-592.44422	-611.43935
12	12	-907.53156	-903.43013	-867.84548	4.1014346	-889.96723	-855.86146	-885.67703
13	13	-890.79304	-888.28113	-887.19014	2.5119139	-873.1609	-872.45253	-870.49602
14	14	-990.16811	-988.25623	-944.11718	1.9118777	-972.35284	-930.17683	-971.05923
15	15	-977.00886	-973.02444	-952.45326	3.984424	-959.19118	-938.89172	-955.60358
16	16	-751.68749	-749.35741	-740.02415	2.3300835	-738.4219	-727.22208	-740.94356
17	17	-852.47879	-849.00386	-808.28687	3.4749312	-833.75374	-796.16433	-831.38037
18	18	-997.16738	-994.43654	-975.5753	2.7308386	-976.3911	-963.77088	-974.83982
19	19	-805.68038	-804.59742	-778.55143	1.0829679	-786.10773	-763.78774	-784.2607
20	20	-935.9107	-934.73385	-921.14922	1.1768498	-914.21045	-907.3295	-914.33131
21	21	-1009.5951	-1007.8628	-991.30581	1.7323079	-990.72481	-977.58973	-991.22044
22	22	-937.47257	-935.60008	-905.48547	1.8724827	-917.60372	-892.84372	-917.25226
23	23	-812.35131	-810.88261	-786.90583	1.4686986	-794.08981	-774.81006	-793.00195
24	24	-936.27798	-935.9326	-925.18106	0.34537541	-920.12668	-913.44011	-920.43415
25	25	-1124.48	-1122.1372	-1097.0464	2.3428004	-1101.2246	-1077.7432	-1098.7308
26	26	-1095.6443	-1092.5013	-1071.9526	3.1429948	-1077.2617	-1057.7378	-1072.9036
27	27	-1459.4654	-1459.0919	-1453.8972	0.37350567	-1440.3814	-1436.3553	-1439.9711
28	28	-876.51862	-874.09585	-843.43865	2.4227712	-855.2262	-831.44811	-852.31775
29	29	-839.5246	-837.36793	-805.65374	2.1566663	-819.77573	-793.09509	-816.97823
30	30	-1309.7362	-1280.1248	-1238.0689	29.611362	-1292.4823	-1224.936	-1263.2216
31	31	-795.46376	-794.05517	-761.16324	1.4085873	-775.85759	-748.07368	-776.24796
32	32	-729.27185	-730.04228	-714.68501	-0.77043351	-710.51973	-702.13826	-711.02945
33	33	-700.86212	-699.98507	-662.95769	0.87705502	-681.96447	-649.15555	-680.70143
34	34	-1241.6405	-1239.4377	-1193.0949	2.2028014	-1223.7581	-1181.6398	-1220.0425
35	35	-845.92316	-845.4461	-813.33168	0.47706014	-827.65632	-798.59541	-825.55907
36	36	-621.19259	-622.28729	-619.4449	-1.0946939	-617.94579	-602.7784	-612.01305
37	37	-934.70171	-932.63631	-911.38595	2.0653973	-914.47012	-898.2485	-912.35744
38	38	-976.33901	-972.85991	-932.40114	3.4790975	-955.9781	-920.57717	-954.80382
39	39	-810.69774	-808.14502	-783.53124	2.5527243	-791.89066	-769.29227	-790.26318
40	40	-938.77913	-938.27883	-915.52076	0.50029531	-920.3985	-903.69558	-920.21021
41	41	-1062.1765	-1059.9693	-1011.9564	2.2072527	-1043.3405	-1000.2008	-1041.2399
42	42	-754.34668	-753.84263	-740.25494	0.50405424	-735.25302	-728.07388	-735.67242
43	43	-887.84983	-886.79499	-862.30338	1.0548333	-869.48872	-848.73139	-869.45781
44	44	-944.25793	-943.43843	-941.29634	0.81950052	-941.33149	-922.39074	-933.17804
45	45	-984.09856	-978.69662	-961.50106	5.4019466	-965.24185	-948.39624	-965.11082
46	46	-931.93513	-923.80672	-892.28273	8.1284104	-913.62103	-880.33654	-905.99897
47	47	-733.10375	-730.9302	-712.64018	2.1735467	-712.37326	-700.35882	-712.41947
48	48	-1034.9878	-1023.2473	-1014.3769	11.74052	-1008.7579	-998.4363	-1014.8624
49	49	-776.96423	-775.56769	-778.40948	1.3965408	-764.04748	-762.97298	-765.48337
50	50	-817.47241	-817.38863	-799.27609	0.083781861	-797.54425	-786.44934	-798.00868
51	51	-971.58406	-970.74018	-933.45378	0.84388601	-953.63868	-921.6355	-949.65669
52	52	-845.71004	-842.9638	-809.67779	2.7462416	-826.48088	-797.00614	-824.6869
53	53	-1153.5466	-1146.1739	-1118.2385	7.3726135	-1132.3678	-1106.7285	-1124.6482
54	54	-806.27762	-806.25137	-777.07557	0.026248536	-786.88602	-764.42454	-787.35823
55	55	-719.36826	-719.78189	-709.31222	-0.4136319	-709.81939	-693.66322	-709.92324
56	56	-822.09941	-819.99681	-790.69574	2.1025955	-803.76546	-778.56133	-801.93272
57	57	-933.2593	-932.45965	-922.69487	0.79964767	-915.3566	-910.5941	-914.97899
58	58	-997.56139	-994.79826	-980.24977	2.7631263	-979.88299	-968.1787	-976.55816
59	59	-932.9904	-933.03823	-915.07728	-0.047829764	-913.44418	-902.54257	-914.32354
60	60	-853.30521	-853.66036	-818.70534	-0.35515614	-835.40486	-806.67766	-835.85859
61	61	-954.27303	-951.18912	-925.33999	3.0839072	-936.83744	-911.34576	-933.64088
62	62	-816.42818	-813.32153	-777.31456	3.1066478	-797.7732	-764.34276	-795.56827
63	63	-802.13585	-801.92393	-770.48863	0.21192401	-783.67524	-757.51534	-784.03013
64	64	-832.99293	-829.8178	-786.88865	3.1751367	-813.91316	-774.56669	-811.67926
65	65	-804.93408	-801.53953	-781.55172	3.3945546	-786.29484	-765.67943	-786.7553
66	66	-873.95444	-867.63135	-865.37205	6.3230941	-871.01621	-849.58436	-861.1017
67	67	-770.72134	-768.07031	-748.74491	2.6510344	-749.3295	-735.62383	-749.1699
68	68	-909.63894	-904.8005	-898.39957	4.8384409	-900.67516	-884.44195	-899.36283
69	69	-943.71287	-933.23914	-926.94833	10.473728	-925.61629	-911.84862	-927.34882
70	70	-724.42887	-724.45529	-699.38045	-0.026428154	-705.26463	-686.27833	-704.31275
71	71	-954.28287	-952.35727	-910.46224	1.9256028	-934.67958	-898.43137	-934.70931
72	72	-757.51692	-755.20156	-715.85178	2.3153522	-738.26602	-702.65854	-737.6723
73	73	-1002.1587	-998.49509	-964.20641	3.663603	-983.9865	-951.96619	-980.83194
74	74	-1148.309	-1125.3929	-1019.1406	22.916128	-1130.2755	-1007.1972	-1107.8465
75	75	-715.04764	-714.37778	-676.19026	0.66986641	-696.53131	-663.78907	-696.77716
76	76	-740.68829	-739.59755	-733.29332	1.0907464	-723.76567	-714.1526	-725.13946
77	77	-950.86912	-951.3863	-943.5326	-0.51718523	-933.825	-930.33114	-933.98555
78	78	-743.31201	-741.37241	-721.71357	1.9395984	-723.83158	-709.44329	-723.56456
79	79	-945.72179	-945.29223	-924.54464	0.42956914	-926.87799	-911.62674	-926.14438
80	80	-989.52328	-984.6713	-923.85516	4.8519858	-971.00238	-911.87396	-966.38306
81	81	-1100.6338	-1099.2886	-1080.6017	1.3451076	-1082.2469	-1066.1868	-1082.3065
82	82	-996.56517	-990.5775	-965.3809	5.9876681	-977.55251	-951.94319	-973.02786
83	83	-839.46629	-838.5293	-815.34595	0.93699306	-821.53686	-799.87127	-821.96504
84	84	-869.78695	-868.4595	-844.18967	1.3274512	-851.08213	-832.15095	-850.32695
85	85	-727.43651	-725.86539	-711.0393	1.5711196	-709.41215	-694.92878	-707.83505
86	86	-780.30136	-781.62083	-762.6235	-1.3194692	-763.04921	-749.84246	-763.60304
87	87	-1047.5093	-1047.9485	-1039.0231	-0.43923236	-1021.6463	-1022.4223	-1022.9884
88	88	-1030.9968	-1019.6768	-978.66746	11.319986	-1013.411	-964.19549	-1001.3476
89	89	-1071.8583	-1060.2579	-1054.3148	11.600392	-1055.0375	-1038.6286	-1050.0868
90	90	-688.60605	-688.69894	-667.7423	-0.092884013	-670.04278	-655.25123	-670.50336
91	91	-951.47851	-949.52205	-941.8612	1.9564654	-932.58672	-923.04125	-932.49563
92	92	-937.72883	-924.90416	-910.79198	12.824675	-920.0443	-890.99813	-911.90955
93	93	-760.86661	-760.84698	-734.52769	0.019632238	-741.37767	-721.02468	-741.45406
94	94	-729.59047	-729.64944	-698.54428	-0.05896813	-710.41184	-684.96046	-710.90665
95	95	-824.18567	-818.59984	-806.01171	5.5858333	-805.16693	-793.26424	-805.09289
96	96	-854.22897	-833.8207	-842.09217	20.408264	-833.17972	-825.52245	-827.83739
97	97	-850.54902	-849.1549	-817.19989	1.3941196	-831.96833	-805.15749	-831.48587
98	98	-983.24844	-981.66551	-937.1916	1.5829354	-965.34425	-921.66989	-963.49035
99	99	-813.92764	-813.08586	-786.67776	0.84177866	-795.69617	-774.52538	-793.80463
100	100	-971.23975	-963.55053	-944.72212	7.6892215	-953.71588	-932.41459	-947.07944
101	101	-752.03702	-745.5473	-741.57011	6.4897188	-748.919	-724.01903	-736.76268
102	102	-897.60577	-895.59821	-864.89295	2.007564	-879.7136	-851.70675	-877.92053
103	103	-886.44367	-875.04458	-829.58653	11.399094	-867.66245	-816.74455	-857.01041
104	104	-627.00581	-626.44105	-593.9342	0.56476147	-606.19767	-581.22073	-606.74651
105	105	-1059.3644	-1058.3242	-1043.2663	1.0402002	-1040.5987	-1029.7604	-1041.0678
106	106	-1228.9401	-1214.688	-1180.6708	14.252071	-1210.9659	-1164.689	-1197.4001
107	107	-803.96846	-803.59892	-775.99833	0.36954331	-786.18589	-763.85617	-786.06663
108	108	-924.6377	-924.74607	-902.05394	-0.10837177	-906.52034	-884.78027	-906.98962
109	109	-745.06379	-741.68004	-717.46901	3.3837527	-723.82382	-702.22822	-722.31569
110	110	-1113.2775	-1108.506	-1064.1315	4.7714352	-1095.2538	-1052.052	-1088.3075
111	111	-1106.7197	-1097.0359	-1049.3453	9.6838409	-1088.9464	-1037.7269	-1079.6514
112	112	-791.95055	-792.2744	-763.60082	-0.32385432	-773.40271	-749.47428	-773.92429
113	113	-723.45915	-721.20828	-699.20927	2.2508704	-704.24217	-686.6273	-702.89362
114	114	-817.61918	-813.46974	-788.57766	4.1494445	-799.00664	-776.5485	-794.93717
115	115	-976.82912	-965.53972	-932.24754	11.289407	-958.86875	-919.69115	-947.93998
116	116	-1073.8968	-1064.0347	-1060.4477	9.8620478	-1054.7979	-1041.8225	-1059.2504
117	117	-1124.357	-1118.7133	-1109.9902	5.6437331	-1102.5967	-1093.5872	-1104.9661
118	118	-763.15682	-763.08797	-732.6533	0.068851388	-744.72118	-720.43032	-745.1858
119	119	-887.79075	-883.93669	-854.05967	3.8540605	-869.34367	-842.19686	-866.52138
120	120	-1125.2544	-1114.9405	-1093.8671	10.313913	-1098.6452	-1080.2395	-1087.9609
121	121	-723.35706	-719.95293	-686.20693	3.4041377	-704.9696	-673.66399	-701.71683
122	122	-912.53661	-910.35808	-883.95024	2.1785272	-893.71417	-870.34723	-892.41897
123	123	-830.24332	-829.97196	-811.82533	0.27135974	-810.59198	-799.4448	-811.06712
124	124	-765.27751	-764.38773	-734.14736	0.88977452	-746.81725	-721.89634	-746.79194
125	125	-971.14855	-968.08111	-941.65385	3.0674353	-953.23914	-929.85851	-950.12636
126	126	-1088.0327	-1082.5457	-1031.6467	5.4870286	-1065.9566	-1019.1929	-1060.2497
127	127	-968.74587	-965.76055	-927.20199	2.9853205	-950.74688	-913.00001	-948.06035
128	128	-983.27585	-978.61881	-935.8959	4.6570455	-964.93929	-923.28303	-960.89183
129	129	-935.73353	-931.69402	-891.53675	4.0395065	-917.32176	-877.92084	-914.12883
130	130	-922.77401	-915.94774	-906.30264	6.8262716	-899.32679	-893.88248	-899.88594
131	131	-801.7076	-803.38897	-778.33305	-1.6813655	-783.18724	-763.60359	-783.65566
132	132	-693.2544	-685.19718	-654.5899	8.0572233	-674.10953	-641.66348	-678.05272
133	133	-1144.541	-1142.7384	-1099.5131	1.8025304	-1126.5129	-1087.9939	-1122.1667
134	134	-1123.9149	-1116.9834	-1103.8617	6.9315188	-1106.4579	-1089.6375	-1098.7686
135	135	-844.14503	-843.35365	-813.13731	0.79138543	-825.90715	-797.62702	-824.38691
136	136	-956.44966	-950.16475	-931.46982	6.2849055	-938.63602	-918.93973	-934.46568
137	137	-727.60102	-727.74556	-702.55241	-0.14454667	-708.78986	-687.62929	-708.95038
138	138	-924.52897	-924.08587	-900.24991	0.44309635	-904.59452	-888.39771	-903.22612
139	139	-946.77067	-932.56474	-877.63746	14.205925	-928.88353	-865.51269	-914.46204
140	140	-1073.6346	-1059.6983	-1024.7611	13.936303	-1055.4603	-1013.1251	-1041.2325
141	141	-948.08483	-944.6487	-937.39911	3.4361305	-931.52818	-924.96792	-931.73038
142	142	-936.78118	-935.31617	-894.77725	1.4650129	-918.04158	-881.40745	-917.71249
143	143	-855.74903	-852.97936	-817.95927	2.7696653	-837.77238	-803.1328	-835.31264
144	144	-848.20015	-847.81616	-835.27888	0.38398762	-826.3437	-822.11548	-826.08102
145	145	-764.19804	-763.83975	-729.76811	0.35829747	-745.24741	-717.43588	-743.59854
146	146	-892.66821	-893.53247	-877.84269	-0.8642601	-874.53249	-865.33319	-874.95171
147	147	-921.09969	-920.20754	-920.97764	0.89214722	-918.2004	-902.03023	-912.32116
148	148	-959.47021	-957.27671	-941.13493	2.1934987	-940.92418	-928.2855	-940.73956
149	149	-924.53583	-919.79147	-895.28654	4.7443649	-904.86648	-881.21931	-898.86667
150	150	-755.31656	-756.30486	-736.43138	-0.98830274	-735.97352	-724.06414	-736.39343
151	151	-723.49642	-722.59846	-688.73756	0.89796129	-704.84377	-673.96282	-705.57415
152	152	-1068.8907	-1066.9421	-1036.9242	1.9486245	-1050.2034	-1023.7426	-1049.5309
153	153	-1089.399	-1090.9541	-1094.4668	-1.5551853	-1074.1777	-1076.8967	-1072.0028
154	154	-919.13969	-916.33441	-895.11637	2.8052848	-900.86504	-880.53442	-898.78546
155	155	-1033.1965	-1030.2169	-1005.2833	2.9795558	-1011.0746	-992.36264	-1009.3092
156	156	-895.19672	-893.93839	-849.07266	1.2583286	-875.78706	-837.02397	-875.67588
157	157	-998.15204	-993.04826	-956.7578	5.103776	-980.59152	-945.0178	-975.42007
158	158	-748.55447	-747.38304	-715.54477	1.1714282	-729.72089	-703.20457	-727.1753
159	159	-985.52717	-981.47972	-948.50293	4.0474519	-965.98359	-936.69494	-962.26964
160	160	-635.12772	-634.18231	-595.20702	0.94541431	-614.94337	-582.3073	-615.45047
161	161	-1064.2736	-1063.9185	-1022.3928	0.35510672	-1046.0304	-1010.6566	-1045.0108
162	162	-806.94206	-805.54995	-785.24344	1.392116	-786.98328	-771.34845	-786.34439
163	163	-710.25444	-710.40904	-704.91966	-0.15460093	-690.7124	-691.94113	-690.8534
164	164	-989.93091	-989.94024	-970.57659	-0.0093298646	-971.02006	-956.84462	-971.56539
165	165	-906.55404	-898.03224	-895.83528	8.5218013	-887.84348	-881.8646	-890.93952
166	166	-1076.2497	-1068.0058	-1026.4538	8.2438994	-1057.0892	-1014.6498	-1049.5798
167	167	-1149.5449	-1145.398	-1126.7259	4.1468309	-1132.0686	-1115.2255	-1128.3867
168	168	-820.90443	-820.83629	-799.92527	0.06813861	-799.47632	-787.84262	-800.96949
169	169	-989.49969	-989.41922	-989.13631	0.080473707	-966.60827	-967.90414	-965.58933
170	170	-942.78423	-937.80028	-908.10145	4.9839424	-923.91269	-896.25462	-920.27613
171	171	-811.40487	-810.26342	-778.71361	1.1414517	-791.72933	-766.49333	-792.05656
172	172	-910.53768	-906.81414	-877.13185	3.7235445	-892.19991	-863.08719	-889.40401
173	173	-633.11009	-613.2787	-612.40629	19.831393	-612.7735	-599.90952	-606.28443
174	174	-899.75045	-897.25155	-875.04093	2.4988928	-879.03343	-859.72442	-879.76442
175	175	-1104.5887	-1098.0036	-1074.371	6.5850481	-1086.2069	-1062.8226	-1078.0248
176	176	-983.04294	-980.64701	-962.86214	2.3959241	-964.48916	-948.5636	-962.87982
177	177	-921.77646	-914.19473	-868.91745	7.5817356	-904.11929	-856.90333	-896.23609
178	178	-1036.9171	-1036.791	-1027.3691	0.12606898	-1019.8966	-1014.6741	-1019.2154
179	179	-965.28121	-964.81446	-941.8306	0.46674736	-946.74683	-929.06287	-947.34949
180	180	-810.14305	-810.06455	-790.09394	0.078500975	-791.79978	-777.97725	-792.21832
181	181	-1141.3748	-1137.2667	-1109.1589	4.1080597	-1120.6927	-1097.5136	-1116.7179
182	182	-847.33811	-843.96637	-804.53279	3.371745	-829.6693	-792.37896	-826.26132
183	183	-985.28876	-979.60017	-936.90136	5.688596	-967.04871	-923.81774	-961.80469
184	184	-1396.6694	-1389.8109	-1351.0869	6.8584393	-1379.355	-1338.6229	-1369.8953
185	185	-833.21684	-829.90069	-789.81693	3.3161454	-814.45468	-777.62838	-812.18658
186	186	-898.05204	-898.34383	-857.32677	-0.29178839	-879.93521	-844.61903	-880.35495
187	187	-850.78597	-850.75743	-830.1154	0.028543568	-831.22005	-818.13837	-831.95436
188	188	-827.98844	-825.51791	-786.63506	2.4705278	-810.24192	-773.76697	-807.16925
189	189	-957.89233	-958.13855	-933.89001	-0.24622612	-941.27944	-921.46013	-941.30867
190	190	-1058.2936	-1057.7418	-1040.4698	0.55180152	-1038.976	-1023.2637	-1037.9799
191	191	-963.15463	-963.10902	-935.08326	0.045608683	-945.02308	-922.09513	-945.60995
192	192	-853.60101	-853.52633	-832.51472	0.074680412	-834.60888	-817.1091	-834.37945
193	193	-826.17335	-829.23143	-823.82499	-3.0580776	-816.33104	-806.64745	-815.55534
194	194	-785.80322	-785.39082	-766.70559	0.41239969	-766.64803	-753.499	-766.52605
195	195	-842.32251	-840.63525	-819.56353	1.6872626	-823.45237	-803.89363	-822.57624
196	196	-1153.249	-1151.6814	-1130.5319	1.567602	-1129.9519	-1116.2098	-1128.5498
197	197	-970.09357	-970.39488	-952.87478	-0.30131389	-952.32686	-935.30402	-952.77734
198	198	-894.15953	-893.28611	-875.30086	0.87342368	-876.0053	-861.11976	-875.34757
199	199	-854.34265	-853.85096	-828.53494	0.49168936	-836.81713	-815.14632	-837.0926
200	200	-907.6672	-905.66935	-886.0983	1.9978498	-889.43638	-874.20737	-887.83189
201	201	-941.66852	-938.42721	-910.74535	3.2413118	-922.97352	-898.49418	-919.99689
202	202	-818.35519	-811.29997	-799.13452	7.0552206	-796.71562	-786.44501	-802.65136
203	203	-700.41524	-700.39433	-675.33406	0.02090213	-679.2989	-662.93053	-679.88751
204	204	-954.50551	-953.91152	-929.19064	0.59398594	-936.15162	-917.40094	-936.51469
205	205	-868.62637	-868.0643	-848.28031	0.56207445	-849.34255	-834.67918	-848.5118
206	206	-882.92476	-881.86264	-846.95416	1.0621241	-863.83058	-834.89476	-864.22796
207	207	-1014.0249	-1003.7438	-972.39187	10.281109	-995.99138	-957.61328	-986.1569
208	208	-1220.8018	-1218.8969	-1186.0647	1.9049294	-1196.1406	-1169.5998	-1193.7839
209	209	-900.15881	-900.12877	-877.95516	0.030045074	-881.5226	-865.48291	-881.94783
210	210	-890.99959	-886.21153	-871.07561	4.7880569	-873.40264	-857.68049	-871.42682
211	211	-1053.6939	-1048.4592	-1018.8569	5.2347589	-1035.7072	-1007.1971	-1030.8727
212	212	-1030.7462	-1025.9246	-1007.6509	4.8215976	-1011.019	-993.52286	-1004.9294
213	213	-872.56604	-870.30769	-850.60457	2.258347	-850.60938	-836.28394	-850.94636
214	214	-814.96828	-815.67971	-774.41093	-0.71143012	-795.70856	-762.13484	-795.43318
215	215	-1008.2395	-1008.3838	-995.05405	-0.14425318	-991.35602	-980.82417	-991.82581
216	216	-948.37837	-946.31242	-911.69194	2.0659524	-930.86343	-899.20092	-929.53798
217	217	-879.1452	-877.71141	-846.41638	1.4337904	-860.17383	-833.99145	-858.03644
218	218	-823.00929	-821.72549	-787.9236	1.2838036	-804.53289	-773.89954	-802.06567
219	219	-835.04073	-829.18471	-796.19822	5.8560231	-817.06753	-784.00428	-811.12717
220	220	-1210.9447	-1211.5408	-1182.5195	-0.59617759	-1190.5178	-1169.8466	-1190.9475
221	221	-1023.0429	-1017.8067	-955.07039	5.2362294	-1004.8562	-940.64377	-1000.3415
222	222	-767.34677	-766.03641	-751.84631	1.3103603	-747.77564	-737.81827	-746.78021
223	223	-994.28957	-994.15438	-985.48649	0.13518396	-974.7713	-966.77988	-975.17064
224	224	-725.22972	-725.55173	-709.48786	-0.32201022	-706.6497	-697.25875	-706.14452
225	225	-804.91662	-798.75059	-779.69171	6.1660261	-786.96599	-766.24185	-778.23203
226	226	-732.44734	-731.29533	-699.66926	1.1520072	-713.47145	-687.25345	-713.56032
227	227	-883.32538	-882.61417	-858.90993	0.71120954	-864.63259	-844.49699	-865.2396
228	228	-929.65272	-925.59584	-911.98388	4.0568885	-911.46774	-896.30926	-911.9925
229	229	-1012.3051	-1012.3031	-1013.5938	0.0019173824	-998.43369	-993.69596	-1002.0821
230	230	-893.20797	-890.81843	-866.87683	2.3895474	-874.75662	-854.58331	-873.07408
231	231	-1246.2632	-1243.0428	-1209.0738	3.2204134	-1228.2406	-1197.6134	-1226.0799
232	232	-987.68143	-987.44946	-983.90037	0.23196874	-970.26849	-967.60026	-969.5983
233	233	-784.25854	-784.25164	-752.66636	0.0068961088	-765.07834	-739.52447	-764.86215
234	234	-841.08941	-834.91804	-810.94972	6.1713671	-823.22554	-795.33328	-817.50574
235	235	-816.91158	-816.91738	-790.022	-0.0057961546	-797.97301	-777.61379	-796.49281
236	236	-701.37259	-703.83592	-702.02991	-2.463327	-698.21933	-684.77537	-696.29571
237	237	-873.43942	-872.05355	-858.41876	1.3858742	-854.47621	-845.1758	-853.47171
238	238	-879.65645	-878.69936	-841.5077	0.95709149	-860.38651	-826.83585	-860.84391
239	239	-692.46562	-677.38456	-661.58398	15.081051	-673.85395	-646.27496	-672.04205
240	240	-973.81635	-970.80464	-936.43214	3.0117094	-955.14889	-923.76677	-953.35766
241	241	-1064.8079	-1063.3618	-1009.6859	1.4460836	-1046.2858	-998.00321	-1046.0861
242	242	-1046.3283	-1030.3154	-989.45025	16.012886	-1028.7793	-977.66466	-1012.9081
243	243	-672.246	-671.81282	-641.01071	0.43318104	-653.24579	-628.46897	-652.52753
244	244	-1155.4017	-1146.9557	-1108.3036	8.4460544	-1138.4087	-1096.6734	-1129.7421
245	245	-852.29826	-850.40226	-826.00239	1.8959982	-834.33682	-813.07068	-832.33569
246	246	-805.51864	-805.48393	-785.72605	0.034705928	-786.13667	-772.40733	-785.74901
247	247	-935.99113	-934.24471	-896.60383	1.746422	-917.23004	-884.74188	-916.29169
248	248	-998.25728	-985.93965	-935.36233	12.31763	-980.62339	-923.48307	-968.39604
249	249	-792.35674	-791.83858	-768.58351	0.51815666	-772.87697	-753.37831	-773.43082
250	250	-972.99542	-969.52471	-943.48225	3.4707121	-956.39371	-931.65488	-950.81565
251	251	-843.2285	-841.12431	-806.60374	2.1041868	-823.65524	-794.534	-822.01262
252	252	-973.08277	-970.41113	-949.53793	2.6716348	-953.68176	-936.79585	-951.8624
253	253	-1108.795	-1107.6122	-1087.9523	1.1828207	-1091.4883	-1076.4106	-1090.5071
254	254	-961.79902	-963.02089	-962.14459	-1.2218625	-958.87669	-944.54898	-956.64048
255	255	-950.33193	-946.70212	-903.78558	3.6298088	-931.31926	-891.24948	-928.58534
256	256	-900.55534	-901.03978	-885.71439	-0.48443861	-883.20741	-872.2828	-883.97189
257	257	-950.9538	-947.61821	-914.82138	3.3355878	-932.62878	-901.68952	-930.07977
258	258	-966.47967	-961.90501	-918.34399	4.5746601	-947.71227	-906.47395	-944.42447
259	259	-658.75894	-645.69896	-628.85066	13.059974	-638.48854	-612.35343	-639.86126
260	260	-925.33588	-923.2659	-907.70401	2.0699777	-905.29218	-890.29333	-904.79977
261	261	-828.56502	-825.82649	-820.44195	2.7385364	-808.71503	-803.62152	-810.36241
262	262	-969.81724	-970.74076	-947.92919	-0.92352137	-952.17581	-931.24651	-952.10512
263	263	-887.38101	-881.0753	-827.36525	6.3057082	-868.96443	-815.16665	-863.02043
264	264	-1060.4137	-1057.4456	-1046.1951	2.9680555	-1032.8376	-1028.4063	-1032.6807
265	265	-1010.7803	-1013.0573	-1002.791	-2.2770569	-991.25173	-984.79199	-992.02829
266	266	-848.90729	-835.12075	-828.85886	13.78654	-831.29188	-811.29121	-830.20666
267	267	-842.64662	-836.10277	-831.88356	6.5438467	-826.39	-818.42713	-828.40974
268	268	-676.30101	-666.8063	-648.55485	9.4947115	-656.71394	-635.69223	-661.42873
269	269	-742.03622	-740.14275	-723.89015	1.8934633	-722.96337	-707.26832	-721.54541
270	270	-1054.2328	-1048.2103	-1016.3058	6.0225004	-1034.2339	-1004.6265	-1028.6936
271	271	-1088.8503	-1084.7377	-1071.0813	4.1125889	-1072.0358	-1057.7105	-1067.8974
272	272	-961.09394	-959.77309	-914.70987	1.3208489	-942.56027	-902.83667	-941.48263
273	273	-707.22753	-705.27041	-668.41702	1.957122	-688.50715	-654.50284	-686.99255
274	274	-1190.1825	-1173.5603	-1121.9	16.622189	-1170.5968	-1110.2535	-1155.4404
275	275	-712.78072	-712.47183	-697.07661	0.30889509	-694.7447	-674.49515	-695.44514
276	276	-934.06345	-933.42697	-907.23671	0.63648051	-916.5847	-895.407	-915.76695
277	277	-758.23278	-758.52236	-735.33658	-0.28957304	-739.72231	-719.34512	-739.76932
278	278	-995.88477	-995.23426	-960.37589	0.65050388	-978.4071	-948.52066	-978.30036
279	279	-852.80216	-852.62785	-826.41294	0.17431076	-831.15686	-811.8209	-831.60894
280	280	-866.09912	-865.47833	-824.46218	0.62078978	-847.91642	-811.38627	-845.31648
281	281	-1124.0707	-1122.7613	-1100.1823	1.3093952	-1106.3803	-1084.2334	-1106.3879
282	282	-1041.8726	-1040.2844	-1026.8397	1.5881788	-1025.7116	-1010.2046	-1020.2035
283	283	-939.16834	-930.77723	-904.82327	8.3911078	-920.64758	-892.9338	-912.84542
284	284	-853.03334	-852.36651	-829.46849	0.66682427	-832.6642	-817.45286	-832.94149
285	285	-1056.1395	-1050.9191	-1042.1597	5.220339	-1039.4124	-1024.4339	-1039.1988
286	286	-1047.9045	-1046.6457	-1036.2531	1.2588805	-1030.1704	-1017.9596	-1030.1681
287	287	-723.1972	-723.53338	-695.59243	-0.3361768	-703.95434	-683.2132	-704.45004
288	288	-880.24388	-879.89181	-851.26952	0.35206563	-859.3429	-837.98423	-860.30308
289	289	-874.5069	-874.95789	-849.74061	-0.45098659	-855.92061	-837.34708	-856.24546
290	290	-900.64749	-898.82683	-873.41273	1.8206574	-882.8229	-860.2992	-880.37581
291	291	-839.40732	-839.57923	-833.37751	-0.17190938	-821.71344	-817.36854	-822.39687
292	292	-969.37451	-967.74627	-942.08028	1.6282308	-951.63462	-927.01584	-949.65489
293	293	-907.76634	-899.91034	-886.871	7.8560024	-889.82585	-869.99055	-893.52899
294	294	-925.55793	-923.35765	-913.00277	2.2002745	-909.08414	-897.44559	-908.98698
295	295	-1130.0241	-1123.7232	-1067.689	6.3009146	-1112.3029	-1056.1289	-1106.2488
296	296	-891.57288	-888.34547	-847.73985	3.2274112	-872.45031	-834.90875	-869.79228
297	297	-839.94089	-833.57889	-803.67421	6.3619998	-819.7894	-790.82364	-812.39266
298	298	-968.0915	-966.15567	-950.35811	1.9358302	-950.11707	-937.84129	-950.46159
299	299	-941.55286	-942.31624	-929.78593	-0.76337874	-920.6281	-910.66293	-922.06622
300	300	-882.47319	-882.45466	-856.74205	0.018526831	-863.04732	-844.10949	-863.41764
301	301	-1073.733	-1067.8889	-1021.4017	5.8441796	-1055.6723	-1009.6834	-1049.942
302	302	-1037.9188	-1017.2775	-989.54866	20.641258	-1020.5437	-977.83253	-1000.0623
303	303	-1002.3981	-1001.3671	-982.79744	1.03101	-981.7759	-970.99119	-982.36437
304	304	-1004.7979	-1004.8021	-994.1055	-0.0042048994	-986.5696	-981.3358	-985.73532
305	305	-877.79556	-877.75424	-855.27847	0.0413212	-858.34019	-842.37757	-858.90138
306	306	-965.52531	-965.49972	-942.92398	0.025584785	-946.75298	-931.02116	-947.18618
307	307	-921.22477	-921.54488	-892.43697	-0.32010647	-901.83582	-880.58307	-902.73833
308	308	-807.06558	-804.35305	-757.92933	2.712534	-788.05507	-745.46276	-786.31546
309	309	-1026.761	-1026.7772	-1013.6568	-0.016194914	-1008.301	-1001.9217	-1008.553
310	310	-1011.5658	-1009.4178	-992.15038	2.1480036	-993.15123	-974.79832	-992.34195
311	311	-1143.5248	-1139.9262	-1112.0413	3.5986407	-1124.8574	-1098.5083	-1122.9633
312	312	-658.32631	-647.56675	-646.9267	10.75956	-655.10538	-630.09292	-638.20593
313	313	-852.79043	-849.14426	-817.37381	3.6461668	-832.75061	-803.04256	-830.82765
314	314	-907.82939	-907.82798	-873.42249	0.0014092748	-888.89617	-859.84941	-887.17871
315	315	-791.02622	-789.08842	-763.27617	1.9378084	-771.03279	-750.93553	-771.25061
316	316	-1093.2717	-1087.4715	-1076.925	5.8001858	-1073.8514	-1065.2673	-1070.165
317	317	-1089.2827	-1087.181	-1057.3157	2.101652	-1070.9792	-1043.0987	-1069.8168
318	318	-813.5941	-812.86744	-785.26064	0.72665645	-795.31902	-770.84977	-795.34746
319	319	-1279.5052	-1267.8744	-1246.2166	11.630755	-1260.7786	-1232.5905	-1248.6914
320	320	-667.6082	-667.56776	-636.98637	0.040443791	-649.16612	-621.63944	-648.29378
321	321	-892.83482	-883.57549	-856.69036	9.2593313	-874.993	-844.66019	-864.99833
322	322	-904.47771	-903.75424	-870.5018	0.72346565	-885.40345	-858.57117	-885.72507
323	323	-761.427	-761.40271	-733.9798	0.02428864	-740.33937	-721.69898	-740.79187
324	324	-1202.7185	-1202.1184	-1191.0892	0.60008842	-1186.1571	-1177.3272	-1185.926
325	325	-672.26804	-670.21717	-642.59105	2.0508728	-652.66883	-628.19149	-650.37032
326	326	-676.43017	-673.27062	-644.45233	3.1595489	-656.00024	-631.95285	-653.03842
327	327	-640.87373	-640.32701	-619.14179	0.54671651	-621.12414	-606.5944	-620.95349
328	328	-947.9299	-942.21837	-900.23027	5.7115347	-928.91761	-888.34202	-923.28778
329	329	-1126.6276	-1126.2648	-1116.8051	0.3627221	-1103.5911	-1099.5584	-1104.07
330	330	-1026.9346	-1026.9717	-999.78748	-0.037100639	-1010.2146	-987.03011	-1009.3817
331	331	-1068.902	-1059.9594	-1028.313	8.9426122	-1051.0897	-1016.6225	-1042.6829
332	332	-1002.0201	-1001.9773	-984.11847	0.042842014	-984.12813	-968.00196	-983.98831
333	333	-1081.1687	-1077.3284	-1033.3913	3.8403313	-1062.0183	-1021.7323	-1059.364
334	334	-970.90868	-968.79453	-940.95835	2.1141511	-952.99153	-929.16334	-951.3572
335	335	-1152.4473	-1144.0938	-1124.7122	8.353519	-1132.4312	-1109.1923	-1125.656
336	336	-889.60787	-885.32319	-852.46763	4.2846841	-870.53868	-840.48402	-866.9318
337	337	-1101.4974	-1099.2704	-1059.9631	2.2270322	-1081.9144	-1048.1563	-1081.6901
338	338	-1047.4625	-1038.3651	-982.7737	9.0973627	-1029.2612	-969.97664	-1020.8049
339	339	-698.6539	-698.60679	-677.76472	0.047112576	-677.91545	-665.09613	-678.5006
340	340	-1044.0654	-1043.1581	-1034.9575	0.90732983	-1027.1973	-1023.3093	-1024.9964
341	341	-1002.0467	-996.13713	-986.09246	5.9096082	-983.3764	-971.94058	-975.15155
342	342	-1113.4214	-1106.4121	-1049.4346	7.0093796	-1095.6133	-1037.5081	-1088.3914
343	343	-860.84084	-859.2105	-821.30482	1.6303311	-841.02512	-809.16481	-840.35764
344	344	-1042.3056	-1041.8231	-1026.4587	0.48249612	-1019.4815	-1012.078	-1020.3561
345	345	-725.89704	-716.65858	-707.69352	9.238455	-705.71377	-691.11352	-706.65763
346	346	-836.8829	-836.841	-809.73336	0.04189715	-818.24688	-795.08861	-818.71113
347	347	-755.71082	-754.40602	-729.1944	1.3047964	-737.33018	-716.93292	-736.50206
348	348	-1007.8765	-1007.2307	-984.65897	0.64581772	-989.27578	-969.18368	-988.38233
349	349	-794.75263	-794.66463	-768.81666	0.088004323	-773.93904	-755.88696	-774.46427
350	350	-1104.3746	-1098.8003	-1056.4401	5.5743333	-1085.4219	-1044.6773	-1081.8483
351	351	-946.19684	-943.8748	-923.5867	2.3220389	-920.2196	-909.19449	-918.98244
352	352	-1201.2717	-1189.6603	-1147.7732	11.611394	-1180.8984	-1135.2963	-1169.5655
353	353	-941.83334	-941.53519	-935.0746	0.29814908	-922.58744	-920.24174	-923.0497
354	354	-779.57704	-778.3964	-757.77737	1.1806401	-760.2375	-744.96408	-760.72838
355	355	-700.22405	-696.4405	-676.84869	3.7835541	-680.74735	-662.70464	-681.52654
356	356	-984.15929	-983.59595	-936.76802	0.56333947	-965.74744	-924.94573	-966.25044
357	357	-958.90708	-954.49921	-912.20807	4.4078649	-940.58041	-900.38059	-936.93958
358	358	-1029.3561	-1026.1321	-973.19808	3.2239493	-1011.4249	-959.16561	-1008.7728
359	359	-911.25408	-908.21678	-861.08889	3.0372979	-893.05648	-848.36642	-890.46916
360	360	-884.34343	-881.57502	-865.43067	2.7684162	-865.61827	-851.05339	-863.03321
361	361	-910.60649	-910.59254	-887.47935	0.013944974	-890.71604	-874.48553	-891.19467
362	362	-914.42147	-907.51794	-879.50499	6.9035296	-896.13159	-867.10006	-894.70399
363	363	-911.27341	-906.32205	-881.08245	4.9513614	-892.90181	-866.31766	-888.69656
364	364	-1042.2941	-1040.3739	-1033.6381	1.9201894	-1024.3662	-1018.6934	-1021.9513
365	365	-839.87039	-838.89163	-825.60642	0.97875583	-817.72789	-813.18508	-817.60428
366	366	-945.21306	-943.25315	-922.78594	1.9599115	-923.28723	-908.00822	-926.62635
367	367	-1107.4353	-1105.3987	-1098.2741	2.0366279	-1086.3369	-1082.6768	-1086.6449
368	368	-1050.292	-1035.842	-969.48455	14.450007	-1031.9156	-957.6071	-1017.9241
369	369	-772.70097	-772.26967	-752.91496	0.43129838	-754.0862	-739.89642	-753.41947
370	370	-830.58062	-830.2719	-812.3027	0.30872219	-812.37882	-798.91399	-812.93381
371	371	-998.20635	-995.90984	-982.86586	2.2965071	-980.39737	-967.01279	-980.46788
372	372	-879.32109	-875.69805	-849.70832	3.6230399	-861.62233	-836.50216	-858.10609
373	373	-673.117	-673.07022	-641.10525	0.046780253	-652.58093	-628.57954	-653.06432
374	374	-998.14111	-993.85632	-976.01088	4.284786	-980.45489	-960.76161	-979.22566
375	375	-758.2179	-758.24228	-727.67904	-0.024373789	-739.30945	-715.39159	-737.71454
376	376	-811.80764	-811.25259	-758.97189	0.55504654	-793.31568	-746.64314	-793.69968
377	377	-999.69616	-999.71371	-985.07187	-0.017549197	-982.72665	-973.29501	-983.10938
378	378	-953.89642	-948.17653	-899.44085	5.7198968	-934.64415	-887.16321	-930.48706
379	379	-1017.3514	-1015.2824	-994.85191	2.0690251	-998.53256	-980.39294	-998.75861
380	380	-826.17611	-825.25196	-812.38192	0.92415642	-808.69161	-794.56115	-809.30545
381	381	-835.53758	-835.43713	-826.15179	0.10045249	-815.42597	-812.1563	-815.9294
382	382	-754.68102	-753.90444	-741.08904	0.77658505	-751.59955	-722.02071	-742.39228
383	383	-1075.6068	-1073.4027	-1047.021	2.20416	-1057.2549	-1035.0715	-1054.5007
384	384	-981.08493	-973.1505	-928.73446	7.9344255	-963.34761	-916.93813	-955.59672
385	385	-1044.4683	-1042.486	-1016.7389	1.9822844	-1024.8856	-1004.8396	-1022.5333
386	386	-902.46768	-899.71125	-860.00234	2.7564263	-884.65712	-848.05025	-882.28527
387	387	-971.29467	-971.04455	-949.17669	0.2501146	-953.49644	-933.94281	-952.54748
388	388	-803.91307	-803.91033	-787.9829	0.0027425144	-785.57044	-773.24232	-785.44693
389	389	-1054.4454	-1052.2566	-1029.4874	2.1887344	-1035.2306	-1017.225	-1034.4188
390	390	-1078.7415	-1076.3005	-1046.207	2.4409552	-1058.2252	-1034.4472	-1057.9573
391	391	-893.89101	-893.78968	-865.60742	0.10132756	-874.77924	-853.22411	-875.24971
392	392	-873.41737	-873.75571	-860.02706	-0.3383418	-854.49	-847.34426	-854.34536
393	393	-783.1435	-775.7627	-759.86516	7.3807993	-764.32131	-745.60692	-765.16949
394	394	-878.19124	-877.69836	-860.19282	0.49288055	-859.92231	-847.5196	-860.02194
395	395	-1139.8296	-1137.2674	-1121.3937	2.5622666	-1123.5505	-1109.8655	-1120.4981
396	396	-953.22678	-950.97413	-933.04509	2.2526562	-933.51663	-920.31988	-934.01026
397	397	-829.80487	-828.9212	-808.49786	0.88366825	-811.83607	-795.31076	-810.90508
398	398	-1301.1462	-1288.2989	-1219.8558	12.847326	-1280.9058	-1208.4465	-1268.1601
399	399	-836.32606	-836.29494	-811.55906	0.031117732	-814.15298	-795.17555	-815.0227
400	400	-713.20244	-713.72133	-682.23967	-0.51889208	-694.88399	-669.84398	-694.5858
401	401	-857.31954	-857.35315	-837.76498	-0.033609736	-837.58869	-822.06745	-838.14261
402	402	-1070.5507	-1068.8283	-1042.8823	1.7224553	-1053.0394	-1026.5637	-1052.9715
403	403	-1047.5416	-1047.4877	-1023.6187	0.053839444	-1029.8908	-1011.5685	-1029.8639
404	404	-949.97819	-947.55305	-892.86459	2.425137	-931.51333	-880.89504	-927.83556
405	405	-844.70917	-843.11956	-805.9349	1.5896133	-826.23054	-793.34989	-825.06278
406	406	-736.45368	-733.89637	-710.23435	2.5573059	-709.5364	-693.41586	-708.77986
407	407	-782.07343	-779.25586	-724.18476	2.817569	-763.20913	-711.64665	-760.84489
408	408	-861.51076	-860.89471	-828.76943	0.61604733	-844.34204	-816.75415	-842.88497
409	409	-917.95547	-913.14813	-901.60449	4.8073394	-899.54436	-887.5546	-896.70221
410	410	-1121.9603	-1116.7451	-1101.7831	5.2152636	-1104.5199	-1089.5612	-1096.4137
411	411	-595.34009	-593.49492	-558.54911	1.8451704	-575.87718	-544.34143	-574.51271
412	412	-839.91862	-837.72889	-814.96873	2.1897294	-819.56931	-802.94501	-819.38777
413	413	-803.95383	-801.98917	-764.66048	1.9646683	-785.19249	-751.60335	-784.13467
414	414	-881.98254	-880.02339	-868.78417	1.9591447	-862.74565	-856.177	-863.56971
415	415	-1021.1358	-1014.6339	-968.85683	6.5018462	-1003.2316	-957.12773	-997.11686
416	416	-1075.2881	-1070.5807	-1051.3757	4.7074204	-1057.3548	-1038.0917	-1053.1188
417	417	-885.4815	-883.20437	-863.04996	2.2771277	-862.54357	-850.65841	-860.56171
418	418	-872.78263	-872.95668	-847.80477	-0.17405009	-854.85434	-835.53035	-855.27983
419	419	-815.53858	-810.26832	-788.77499	5.2702585	-795.55231	-775.54464	-796.64355
420	420	-1005.0159	-999.69485	-958.99665	5.3210257	-982.21306	-947.14254	-977.35973
421	421	-1047.7664	-1044.4663	-1021.8092	3.3001174	-1029.2912	-1008.203	-1026.4435
422	422	-950.83012	-950.67157	-941.54989	0.15855323	-932.7943	-926.34328	-932.60236
423	423	-812.70369	-812.95801	-783.83559	-0.25431913	-794.92763	-771.69977	-793.97217
424	424	-814.25232	-810.53802	-780.03996	3.7142937	-796.23946	-767.69234	-792.42725
425	425	-735.63323	-733.5687	-738.89685	2.064526	-732.51754	-722.18133	-727.54215
426	426	-878.96854	-878.92151	-858.94806	0.047030701	-862.09176	-846.3073	-858.44538
427	427	-770.45278	-769.97272	-757.11984	0.4800645	-745.20856	-738.888	-745.84336
428	428	-1005.4518	-1002.1836	-973.68764	3.2681272	-987.07982	-961.45709	-984.6537
429	429	-940.7667	-935.37604	-920.61499	5.3906563	-922.60254	-903.56719	-922.74028
430	430	-796.62251	-796.58013	-784.57177	0.042384039	-776.99845	-770.69631	-777.55925
431	431	-943.57296	-942.08373	-908.1014	1.4892361	-925.30459	-896.14462	-922.26617
432	432	-963.90078	-957.17864	-929.61354	6.7221415	-946.11887	-917.74967	-939.7058
433	433	-859.66371	-858.40913	-808.39052	1.2545776	-841.23576	-796.16109	-840.00489
434	434	-881.1365	-881.33203	-855.87893	-0.19553058	-863.46842	-843.11137	-860.45765
435	435	-1028.9065	-1026.3913	-1015.3542	2.5152041	-1008.8587	-1000.1775	-1006.2073
436	436	-859.21385	-859.15185	-828.10995	0.062001596	-839.91646	-816.0937	-839.5379
437	437	-1081.9063	-1081.8005	-1052.9107	0.10582481	-1064.5438	-1041.2419	-1062.8146
438	438	-599.50843	-599.43172	-566.3579	0.076715367	-580.3083	-551.98073	-580.77111
439	439	-747.53887	-745.66072	-713.47958	1.8781476	-728.23953	-701.06679	-727.47214
440	440	-900.36157	-898.90259	-871.93681	1.4589756	-882.37334	-860.01938	-881.31461
441	441	-739.74896	-739.12645	-699.7546	0.62251197	-720.33094	-687.32315	-720.75536
442	442	-865.74963	-865.76413	-856.93884	-0.01449753	-848.21128	-842.89394	-848.6272
443	443	-1393.8544	-1384.2818	-1360.0913	9.5726009	-1360.1915	-1347.6174	-1351.1273
444	444	-908.75775	-907.05063	-905.26588	1.7071127	-896.69332	-891.10832	-898.37831
445	445	-1186.1077	-1178.9687	-1130.3801	7.1389523	-1168.0913	-1116.5201	-1161.6624
446	446	-890.78752	-891.05989	-868.97736	-0.27236983	-873.76902	-854.63019	-872.72829
447	447	-1119.2476	-1115.3715	-1098.4634	3.8761561	-1102.0556	-1084.0139	-1098.4297
448	448	-904.28202	-902.24715	-853.92958	2.0348685	-884.87853	-840.9185	-881.69352
449	449	-835.44352	-833.76723	-791.8908	1.6762892	-814.89561	-779.00314	-813.45895
450	450	-1212.0699	-1206.2025	-1178.1222	5.8674532	-1191.9365	-1166.7305	-1182.9656
451	451	-894.4529	-892.42449	-897.85201	2.0284085	-873.69777	-874.17239	-874.4227
452	452	-934.21762	-928.744	-924.84711	5.4736234	-917.03649	-912.7447	-917.46304
453	453	-872.99107	-873.3391	-842.72975	-0.34802432	-854.27305	-830.73503	-854.11297
454	454	-901.61277	-900.07534	-884.83152	1.5374302	-882.24237	-872.32182	-882.26867
455	455	-1173.1486	-1171.1927	-1164.4947	1.9559615	-1147.4395	-1146.8433	-1147.3129
456	456	-945.50956	-945.86385	-935.58842	-0.35428336	-925.75276	-921.07399	-926.71349
457	457	-966.64234	-964.47846	-949.55429	2.1638841	-944.34391	-936.37786	-944.2948
458	458	-1194.3801	-1173.9131	-1141.0497	20.466962	-1175.9308	-1127.4936	-1155.7348
459	459	-976.27093	-974.80172	-949.60809	1.4692124	-957.55633	-937.71874	-955.89768
460	460	-895.66974	-895.33777	-880.98968	0.33197074	-877.89734	-869.11311	-878.20855
461	461	-889.76034	-886.11001	-855.9714	3.6503324	-872.40865	-843.60054	-868.77962
462	462	-806.08787	-797.48883	-768.52215	8.5990451	-787.4702	-754.8739	-779.80569
463	463	-888.24087	-887.24277	-877.91221	0.99809209	-869.34707	-864.47467	-867.66326
464	464	-964.26931	-961.56579	-938.18696	2.7035194	-944.57603	-923.22726	-942.32125
465	465	-843.28843	-842.73492	-828.79186	0.55351498	-823.79085	-812.59715	-823.41284
466	466	-871.13735	-866.08153	-848.64795	5.0558226	-850.71015	-831.35367	-848.5625
467	467	-945.80717	-941.87224	-899.27355	3.934932	-927.85525	-887.22882	-924.18865
468	468	-936.9001	-933.27757	-917.49203	3.6225256	-918.33225	-903.43645	-917.06202
469	469	-647.11344	-646.35773	-604.64219	0.75570413	-627.76215	-590.45126	-627.41654
470	470	-947.23827	-947.01739	-935.9619	0.2208827	-927.72712	-917.5512	-926.10966
471	471	-992.38931	-992.4254	-965.20746	-0.036088138	-973.92381	-953.23172	-974.65606
472	472	-1277.1078	-1264.5937	-1221.8447	12.514049	-1258.8882	-1207.1892	-1247.8365
473	473	-1029.4762	-1021.2436	-988.7284	8.2326036	-1011.372	-976.9501	-1003.792
474	474	-719.34846	-719.41149	-674.48422	-0.063037085	-698.22126	-660.47717	-698.91237
475	475	-812.93349	-811.37714	-769.54636	1.5563516	-794.87507	-756.91539	-793.33469
476	476	-845.04973	-838.4127	-789.47133	6.637029	-827.0319	-777.22868	-820.17278
477	477	-840.35769	-839.81834	-826.94758	0.53934748	-822.59553	-813.05018	-819.64423
478	478	-805.16108	-805.18121	-794.78688	-0.020131037	-787.1823	-779.12937	-787.07415
479	479	-608.99607	-612.02182	-613.26246	-3.025755	-605.68509	-602.00526	-602.93918
480	480	-1027.8347	-1024.2115	-986.81475	3.6232359	-1010.7732	-974.55276	-1003.5935
481	481	-1025.5792	-1025.7447	-1017.5122	-0.16549419	-1007.1935	-1003.1322	-1006.9381
482	482	-1050.1042	-1049.2128	-1025.2714	0.8914367	-1032.2668	-1013.2738	-1031.8654
483	483	-1053.728	-1044.6492	-1008.138	9.0788247	-1035.3648	-995.98175	-1026.9265
484	484	-1134.471	-1128.9479	-1102.8195	5.5230363	-1115.6379	-1091.2571	-1111.7333
485	485	-689.50617	-689.49466	-665.85155	0.011507743	-669.85497	-650.24766	-670.32076
486	486	-733.86979	-734.098	-695.28228	-0.22821694	-715.69312	-679.91427	-715.32994
487	487	-621.62279	-621.52982	-579.38521	0.092972929	-600.56581	-566.27274	-601.14712
488	488	-988.90801	-990.38577	-983.79472	-1.4777544	-970.18696	-963.92157	-970.61367
489	489	-1361.1069	-1361.763	-1343.5014	-0.65610371	-1329.0616	-1322.7537	-1328.6078
490	490	-964.79315	-965.09338	-956.5402	-0.30022887	-947.18218	-944.34999	-947.97299
491	491	-728.78108	-725.14032	-725.27651	3.6407608	-718.78948	-705.49096	-716.63063
492	492	-1057.4413	-1043.6124	-992.04517	13.828843	-1039.6836	-980.26502	-1026.3023
493	493	-1320.5487	-1319.7553	-1292.881	0.79341588	-1303.2925	-1277.749	-1299.4952
494	494	-823.3413	-822.41599	-790.40848	0.92530784	-804.96871	-778.22513	-803.73781
495	495	-882.21972	-882.55659	-841.8327	-0.33686626	-862.97772	-829.76683	-863.23588
496	496	-823.74896	-824.38158	-810.29289	-0.63261804	-805.37224	-793.38596	-805.66237
497	497	-1075.6584	-1072.3533	-1028.081	3.3050691	-1058.3815	-1016.3973	-1054.6491
498	498	-819.48255	-819.04933	-790.06124	0.43322305	-801.23538	-777.96187	-801.73367
499	499	-700.7582	-698.33815	-683.69876	2.4200501	-681.54622	-671.22826	-680.29704
