No.	ID	loglik_NUll	loglik_RES	loglik_all	log_ratio	loglik_Max1	loglik_Max2	loglik_Max3
0	0	-771.83538	-760.52586	-764.08828	11.309524	-767.83362	-751.49174	-751.49105
1	1	-1146.3785	-1126.6635	-1130.4127	19.715035	-1142.72	-1117.8315	-1117.8162
2	2	-762.56391	-761.86303	-765.22316	0.70088453	-758.58578	-752.19233	-752.82473
3	3	-793.7014	-782.99166	-786.51616	10.709748	-789.7337	-774.03285	-774.03324
4	4	-1044.5919	-1026.1177	-1029.6911	18.474198	-1040.8866	-1017.527	-1017.5268
5	5	-744.46012	-746.79695	-748.7066	-2.3368325	-740.46984	-738.55912	-738.55823
6	6	-1651.0276	-1638.217	-1641.7432	12.810602	-1647.6978	-1629.7692	-1630.0258
7	7	-1418.1546	-1401.4289	-1405.2904	16.725652	-1414.6932	-1393.0505	-1392.851
8	8	-1046.5379	-1035.3305	-1038.8852	11.207408	-1042.8482	-1026.6653	-1026.6644
9	9	-1213.4273	-1212.7201	-1216.3591	0.70716872	-1209.8332	-1203.412	-1203.383
10	10	-1616.6588	-1619.4198	-1620.9289	-2.7610147	-1613.3348	-1611.309	-1612.6015
11	11	-765.19851	-758.73112	-762.55574	6.4673871	-761.20899	-748.15525	-748.14462
12	12	-1177.3821	-1157.1988	-1160.7396	20.183258	-1173.7284	-1148.7506	-1148.7505
13	13	-1244.6876	-1240.8253	-1244.3781	3.8623744	-1241.1453	-1232.2863	-1232.2845
14	14	-1131.5821	-1107.0061	-1110.5069	24.576059	-1127.9272	-1098.4629	-1098.4627
15	15	-969.96743	-964.76821	-968.64011	5.1992179	-966.22591	-955.39649	-955.39667
16	16	-1394.4515	-1386.5982	-1390.1385	7.8533648	-1390.9815	-1377.6572	-1378.1748
17	17	-1214.9014	-1210.7161	-1218.1019	4.1853011	-1211.3517	-1203.4795	-1203.139
18	18	-807.93819	-805.42689	-808.96473	2.5112977	-804.02083	-796.38893	-796.38707
19	19	-692.21096	-647.02935	-650.60279	45.181612	-688.12072	-637.94393	-637.94065
20	20	-1439.1081	-1438.5151	-1441.8953	0.59301771	-1435.6135	-1430.0242	-1430.0218
21	21	-1267.6872	-1268.7829	-1271.2858	-1.0957397	-1264.13	-1260.3881	-1260.3881
22	22	-1118.9659	-1112.6784	-1116.8866	6.2875333	-1115.289	-1102.5463	-1102.5056
23	23	-1214.9915	-1214.5166	-1218.0866	0.47493485	-1211.4019	-1204.6453	-1205.2098
24	24	-1274.99	-1276.5234	-1278.9841	-1.5334094	-1271.4183	-1265.3177	-1268.1675
25	25	-926.99184	-923.63809	-927.18993	3.3537522	-923.19169	-913.74833	-914.77635
26	26	-849.74775	-842.61785	-846.13618	7.1298995	-845.84221	-833.62382	-833.62421
27	27	-940.6347	-941.99061	-944.61927	-1.3559134	-936.84854	-933.30681	-933.30464
28	28	-1327.0676	-1329.7993	-1331.3454	-2.7317137	-1323.5355	-1322.4211	-1322.3034
29	29	-900.8782	-888.98403	-892.85674	11.89417	-897.02506	-878.10687	-879.42812
30	30	-1263.3049	-1248.6446	-1252.0399	14.660254	-1259.7302	-1235.8988	-1239.9969
31	31	-1255.5333	-1229.8395	-1233.3868	25.693713	-1251.988	-1221.52	-1221.5206
32	32	-1241.4338	-1243.078	-1245.7179	-1.6441751	-1237.8972	-1223.7506	-1233.0201
33	33	-890.24479	-861.30271	-864.81854	28.942077	-886.37915	-852.50643	-852.50548
34	34	-982.80179	-982.23221	-985.27171	0.56958294	-979.0644	-972.08208	-972.80817
35	35	-917.63332	-895.8777	-899.74821	21.75562	-913.841	-886.44603	-886.43825
36	36	-1170.9579	-1163.7894	-1167.4948	7.1684955	-1167.354	-1153.6587	-1154.8663
37	37	-1035.7619	-1037.2873	-1039.7469	-1.5254232	-1032.0694	-1027.2621	-1027.2398
38	38	-1276.8111	-1262.5504	-1266.3425	14.260649	-1273.2684	-1253.8202	-1253.8121
39	39	-1757.9193	-1756.9302	-1760.474	0.98911394	-1754.6458	-1745.9958	-1748.681
40	40	-1436.9093	-1427.6778	-1431.2314	9.2314792	-1433.4546	-1418.8599	-1419.3183
41	41	-978.56746	-963.03721	-966.91827	15.530252	-974.79404	-953.59011	-953.59057
42	42	-1030.29	-1032.3117	-1034.3926	-2.0216992	-1026.5968	-1023.1879	-1023.1607
43	43	-893.94603	-884.2897	-888.1593	9.6563286	-890.08105	-874.67044	-874.64932
44	44	-1725.2971	-1722.2523	-1725.8422	3.0448478	-1721.9752	-1713.8635	-1713.8635
45	45	-1630.1283	-1617.2997	-1620.5292	12.828649	-1626.7523	-1602.7742	-1609.1076
46	46	-1483.4797	-1478.9934	-1482.9253	4.4862975	-1480.0168	-1468.2152	-1467.5599
47	47	-1174.2814	-1175.5049	-1178.215	-1.2234607	-1170.703	-1166.983	-1166.9827
48	48	-934.29213	-937.05991	-938.54179	-2.7677852	-930.53108	-929.48208	-929.44301
49	49	-722.30809	-700.3232	-703.91618	21.984894	-718.28221	-691.27638	-691.27693
50	50	-901.606	-887.21415	-891.50306	14.391851	-897.7793	-875.00009	-877.60894
51	51	-1381.4473	-1353.9694	-1357.4838	27.477884	-1377.9448	-1345.6877	-1345.6894
52	52	-1535.4125	-1537.1818	-1539.4836	-1.7692253	-1532.0499	-1529.1078	-1529.1081
53	53	-1306.4592	-1299.1582	-1302.7016	7.3009499	-1302.9184	-1288.1951	-1290.7119
54	54	-1390.7628	-1390.5831	-1394.2362	0.17972507	-1387.3026	-1381.0809	-1381.0798
55	55	-607.49828	-604.53648	-608.09596	2.9618016	-603.29456	-595.20545	-595.20528
56	56	-1923.844	-1922.5054	-1926.0209	1.3385654	-1920.6545	-1914.1997	-1914.1941
57	57	-1260.4947	-1250.6617	-1254.3506	9.8329367	-1256.9388	-1241.9338	-1241.9341
58	58	-1369.3219	-1362.7842	-1366.5405	6.5376852	-1365.8125	-1354.0068	-1354.0044
59	59	-1428.3234	-1425.7446	-1429.4938	2.5788089	-1424.853	-1417.2922	-1417.5062
60	60	-1120.3792	-1123.1243	-1124.624	-2.7451016	-1116.7429	-1113.4184	-1114.4264
61	61	-753.94102	-732.92945	-736.47167	21.011563	-749.88233	-723.89622	-723.89718
62	62	-1332.3068	-1331.7648	-1336.5757	0.54198787	-1328.7631	-1321.5329	-1323.7658
63	63	-1378.0511	-1365.847	-1369.4027	12.204121	-1374.5933	-1357.0191	-1357.482
64	64	-877.88672	-860.694	-864.27625	17.192728	-874.03949	-851.85266	-851.85395
65	65	-1079.751	-1073.6802	-1077.2392	6.0708298	-1076.1012	-1062.0904	-1065.0288
66	66	-1443.7909	-1438.4143	-1441.9377	5.3765586	-1440.3604	-1429.4698	-1430.0055
67	67	-1212.4093	-1209.9209	-1213.688	2.4884273	-1208.8303	-1200.9822	-1200.9799
68	68	-1166.5469	-1159.8942	-1163.4225	6.6526978	-1162.9486	-1151.334	-1151.3336
69	69	-1081.4235	-1073.1846	-1076.9608	8.2389409	-1077.7671	-1064.0769	-1064.0761
70	70	-1834.1433	-1807.1732	-1810.6967	26.970061	-1823.9012	-1799.2092	-1799.2084
71	71	-978.36006	-966.12061	-969.66701	12.239456	-974.6153	-957.40059	-957.4013
72	72	-1147.2234	-1149.2729	-1151.46	-2.0495544	-1143.6215	-1140.8259	-1140.7659
73	73	-1504.2795	-1502.6942	-1506.2593	1.5852931	-1500.8696	-1494.1866	-1494.2935
74	74	-1197.6553	-1199.9555	-1201.8946	-2.3001895	-1194.0852	-1192.2102	-1192.2046
75	75	-1006.4202	-989.76752	-993.33694	16.65263	-1002.7103	-981.12587	-981.12736
76	76	-1285.976	-1288.2819	-1290.2398	-2.3058585	-1282.4241	-1278.456	-1280.7098
77	77	-1401.8083	-1397.5062	-1401.2562	4.3020524	-1398.3418	-1388.6473	-1388.7305
78	78	-1175.0265	-1156.6401	-1160.4176	18.386418	-1171.4278	-1147.7259	-1147.7216
79	79	-858.27397	-856.5175	-860.07362	1.7564718	-854.42392	-847.57043	-847.57099
80	80	-1278.5033	-1259.3898	-1262.9104	19.113507	-1274.9664	-1250.9802	-1250.9793
81	81	-1118.7077	-1103.8593	-1109.2022	14.848387	-1115.0417	-1092.9296	-1093.3279
82	82	-1172.2687	-1149.1946	-1152.9277	23.074106	-1168.6911	-1140.4617	-1140.4572
83	83	-1529.33	-1524.4582	-1528.1707	4.8718115	-1525.9523	-1514.3442	-1515.9243
84	84	-1197.8402	-1195.5072	-1198.901	2.332987	-1194.2631	-1184.6165	-1186.8914
85	85	-951.04014	-942.90703	-946.7675	8.1331118	-947.2672	-933.53419	-933.50795
86	86	-850.17135	-850.6999	-853.73557	-0.52855155	-846.31296	-841.87317	-841.87367
87	87	-1278.5396	-1281.3056	-1282.8049	-2.7659607	-1275.0007	-1274.3647	-1274.6843
88	88	-1229.8252	-1229.2607	-1232.5928	0.56453153	-1226.2653	-1220.0983	-1220.8453
89	89	-1073.4713	-1073.7455	-1076.9071	-0.27417638	-1069.8253	-1063.5037	-1065.031
90	90	-1263.1861	-1259.4995	-1263.0313	3.6865369	-1259.6619	-1247.8962	-1250.9626
91	91	-1052.6143	-1050.8559	-1054.4156	1.7583874	-1048.9637	-1042.1562	-1042.1559
92	92	-1352.8026	-1338.4141	-1341.9706	14.388538	-1349.289	-1328.4367	-1330.0506
93	93	-1142.9111	-1128.0829	-1131.3502	14.828124	-1139.2722	-1116.7627	-1119.5193
94	94	-1849.7126	-1844.7568	-1848.2619	4.9558779	-1846.4789	-1836.5787	-1836.5795
95	95	-893.7587	-889.98713	-893.5047	3.7715768	-889.91843	-879.72184	-880.90472
96	96	-892.37125	-875.27216	-878.81463	17.099092	-888.49159	-866.41547	-866.41425
97	97	-1520.3473	-1515.2401	-1519.2082	5.1072139	-1516.9308	-1504.8526	-1505.4345
98	98	-1117.903	-1096.0472	-1099.5661	21.855813	-1114.2592	-1087.5209	-1087.5215
99	99	-1457.4015	-1450.1423	-1453.65	7.2591381	-1453.9446	-1441.9594	-1441.9459
100	100	-1627.241	-1623.5572	-1627.0943	3.683831	-1623.8855	-1615.1295	-1615.239
101	101	-557.12181	-541.87706	-546.18268	15.244751	-552.8227	-531.15648	-531.1524
102	102	-924.05067	-913.16651	-916.70409	10.884161	-920.24173	-904.35187	-904.35258
103	103	-621.67067	-613.16639	-616.72412	8.5042845	-617.54045	-603.91419	-603.91283
104	104	-1409.9306	-1393.5259	-1396.641	16.404722	-1406.4508	-1381.1579	-1384.98
105	105	-1668.7897	-1660.4869	-1665.5976	8.3027717	-1665.4725	-1650.5169	-1650.5048
106	106	-1081.2772	-1055.7615	-1059.3275	25.515671	-1077.6114	-1047.2407	-1047.2402
107	107	-1698.5377	-1691.6988	-1695.3947	6.8389349	-1695.2318	-1682.4208	-1683.5408
108	108	-1236.7461	-1238.0578	-1240.7616	-1.3117635	-1233.2036	-1229.2354	-1229.2345
109	109	-959.36097	-946.51551	-950.04959	12.84546	-955.57046	-937.72306	-937.72207
110	110	-1288.5276	-1290.0666	-1292.5157	-1.5390167	-1285.0749	-1280.5446	-1280.5326
111	111	-926.20479	-904.50837	-908.01891	21.69642	-922.38566	-895.73873	-895.73827
112	112	-685.60632	-678.29658	-681.83752	7.309746	-681.55	-669.14458	-669.1435
113	113	-1223.0224	-1222.7899	-1227.1254	0.23251042	-1219.4251	-1211.6399	-1211.6304
114	114	-1461.7095	-1456.5681	-1460.1279	5.1414016	-1458.2999	-1448.2079	-1448.2081
115	115	-863.28985	-845.2278	-849.18841	18.062044	-859.41523	-835.5326	-835.52974
116	116	-1075.616	-1078.1007	-1079.8577	-2.4846498	-1071.9705	-1069.6726	-1069.178
117	117	-905.93306	-886.60624	-890.13041	19.326822	-902.07871	-876.67986	-877.79739
118	118	-1367.7196	-1367.7735	-1371.6022	-0.05391631	-1364.1767	-1356.3285	-1357.3986
119	119	-1349.9867	-1348.8167	-1352.5898	1.1700574	-1346.4784	-1340.0456	-1340.0397
120	120	-993.76486	-978.862	-982.38705	14.902854	-990.01681	-969.21817	-970.13103
121	121	-1104.0384	-1095.4996	-1099.3484	8.5388446	-1100.3845	-1084.9327	-1086.2467
122	122	-2122.8331	-2119.512	-2124.6166	3.3211101	-2119.7145	-2109.0214	-2109.0008
123	123	-803.69052	-781.11786	-784.63896	22.572664	-799.73968	-772.21116	-772.21098
124	124	-1371.1055	-1373.3669	-1375.3479	-2.261414	-1367.5992	-1362.7438	-1364.2398
125	125	-1128.0761	-1110.5844	-1114.2376	17.49171	-1124.4042	-1101.9403	-1101.9435
126	126	-736.51307	-723.06111	-727.71951	13.451959	-732.47208	-712.07175	-712.04528
127	127	-720.71983	-701.60607	-705.68825	19.113755	-716.70451	-691.65066	-691.64648
128	128	-831.75531	-813.28589	-816.81543	18.469419	-827.83867	-804.36532	-804.36465
129	129	-1011.8684	-1001.7088	-1005.8718	10.159572	-1008.1161	-991.45736	-992.07302
130	130	-993.1306	-975.91644	-979.45248	17.214161	-989.37099	-967.20638	-967.20688
131	131	-1181.2381	-1176.1964	-1180.0287	5.0416597	-1177.6424	-1167.1141	-1167.1061
132	132	-1602.4089	-1604.9512	-1606.6592	-2.5423119	-1599.0734	-1594.9967	-1594.619
133	133	-1037.7102	-1032.6277	-1036.5076	5.0824462	-1033.9917	-1023.2017	-1023.2015
134	134	-1235.0208	-1227.1432	-1230.6919	7.8776238	-1231.4484	-1218.6566	-1218.6567
135	135	-1023.4575	-1000.978	-1004.8235	22.479483	-1019.7185	-991.75259	-991.74108
136	136	-1381.3559	-1381.8291	-1385.5798	-0.4732476	-1377.819	-1372.3114	-1371.7807
137	137	-837.16321	-812.76064	-816.29865	24.40257	-833.22603	-803.927	-803.92741
138	138	-1087.2877	-1076.59	-1080.117	10.697673	-1083.6049	-1067.9062	-1067.9087
139	139	-1887.6964	-1876.8561	-1880.4012	10.840353	-1884.5004	-1868.8232	-1868.8219
140	140	-1173.7173	-1166.2773	-1170.4284	7.4400323	-1170.1374	-1156.1935	-1156.7069
141	141	-944.30758	-928.66416	-932.21956	15.643417	-940.53389	-919.88395	-919.88327
142	142	-879.59846	-880.31633	-883.30508	-0.71787428	-875.73941	-871.32088	-871.3208
143	143	-1189.388	-1186.8549	-1190.3988	2.5330464	-1185.7959	-1174.6178	-1178.2175
144	144	-1023.8145	-1021.7286	-1025.0331	2.0859158	-1020.1119	-1008.3345	-1012.9728
145	145	-819.18463	-791.02905	-794.58203	28.155575	-815.20656	-782.16354	-782.16358
146	146	-1002.6845	-1002.3849	-1005.6716	0.29957433	-998.94748	-992.33453	-993.51724
147	147	-1308.5968	-1294.2153	-1298.0147	14.381462	-1305.0744	-1285.3031	-1285.0521
148	148	-886.39247	-884.88487	-888.41501	1.5075956	-882.5346	-875.93089	-875.93124
149	149	-1478.4375	-1477.8534	-1481.3912	0.58404302	-1475.0009	-1469.0791	-1469.1094
150	150	-1014.6909	-1007.983	-1011.5035	6.7078824	-1010.9714	-998.26686	-999.24948
151	151	-1062.9279	-1054.2238	-1058	8.704044	-1059.2531	-1044.1566	-1045.0592
152	152	-1163.8062	-1158.9145	-1162.4752	4.8917025	-1160.2173	-1150.3422	-1150.3418
153	153	-735.39993	-712.61061	-716.67891	22.789323	-731.36067	-701.89692	-702.27867
154	154	-798.82412	-788.20279	-791.76259	10.621336	-794.89522	-779.22334	-779.22357
155	155	-1631.7637	-1623.1239	-1626.6133	8.6398023	-1627.7955	-1613.4508	-1613.4304
156	156	-1055.6501	-1026.1156	-1029.9605	29.534485	-1051.9491	-1017.0683	-1017.0186
157	157	-834.43357	-832.04386	-835.96202	2.3897115	-830.53074	-822.22826	-822.22513
158	158	-973.53295	-968.51973	-972.03805	5.013223	-969.79462	-959.72635	-959.72661
159	159	-1798.4882	-1800.9954	-1802.7304	-2.5071556	-1795.2304	-1791.4305	-1793.3253
160	160	-776.61159	-770.23007	-774.18609	6.3815158	-772.58782	-760.22014	-760.2147
161	161	-1132.0611	-1122.0994	-1125.9301	9.961638	-1128.4367	-1112.9798	-1112.9689
162	162	-762.35094	-738.46985	-742.04124	23.881089	-758.33259	-729.52294	-729.52304
163	163	-1198.9706	-1201.4661	-1203.1341	-2.4955213	-1195.375	-1192.2118	-1193.0167
164	164	-1250.2898	-1251.3216	-1254.3643	-1.0318525	-1246.7452	-1241.1496	-1241.1419
165	165	-1154.4605	-1153.5415	-1153.8616	0.91898925	-1150.8576	-1134.4794	-1144.8884
166	166	-873.48719	-874.51757	-877.30455	-1.0303839	-869.65035	-865.54407	-865.54368
167	167	-1520.4702	-1523.0117	-1524.7137	-2.5415269	-1517.0482	-1509.2943	-1515.1532
168	168	-1528.3621	-1528.7148	-1531.9717	-0.35264525	-1524.9954	-1519.8322	-1519.7088
169	169	-1331.1682	-1320.225	-1323.781	10.94312	-1327.6399	-1311.8214	-1311.8208
170	170	-1028.7632	-1014.8429	-1018.4012	13.920369	-1025.0674	-1006.2277	-1006.2273
171	171	-955.77205	-952.82808	-956.10011	2.9439681	-951.99069	-944.20225	-944.20231
172	172	-1689.5918	-1674.0229	-1677.5426	15.568836	-1686.2832	-1665.875	-1665.8826
173	173	-885.82036	-868.21231	-872.05362	17.608049	-881.93063	-858.67749	-858.66828
174	174	-1062.1355	-1026.3572	-1029.8989	35.778387	-1058.4292	-1017.8135	-1017.8132
175	175	-980.10939	-949.142	-952.69175	30.967392	-976.35449	-940.49447	-940.49558
176	176	-1172.6928	-1160.9771	-1164.7525	11.715732	-1169.0789	-1151.5751	-1152.0794
177	177	-894.17477	-879.39467	-883.29608	14.780105	-890.32845	-867.88292	-869.85144
178	178	-1134.8978	-1137.4204	-1139.1511	-2.5226485	-1131.3354	-1129.4582	-1129.3098
179	179	-1334.6293	-1316.8525	-1320.3816	17.776785	-1331.1017	-1308.4407	-1308.4398
180	180	-1500.9744	-1504.0156	-1505.2137	-3.0412084	-1497.5467	-1495.9283	-1495.6365
181	181	-1092.9007	-1091.6639	-1095.1866	1.2368207	-1089.276	-1081.989	-1082.9516
182	182	-911.58007	-912.60687	-915.29755	-1.0268015	-907.77906	-903.686	-903.68661
183	183	-995.49945	-994.78449	-998.34151	0.71496126	-991.74715	-982.28805	-985.10159
184	184	-1477.9821	-1471.1949	-1474.7516	6.7872312	-1474.5459	-1462.8398	-1462.8392
185	185	-1386.7203	-1376.1671	-1379.6916	10.553219	-1383.2484	-1367.8052	-1367.8073
186	186	-1459.7177	-1460.9955	-1463.6588	-1.2777295	-1456.2765	-1452.7259	-1452.7247
187	187	-1151.6072	-1137.3918	-1141.1557	14.215388	-1147.9681	-1128.5348	-1128.5215
188	188	-1319.2268	-1313.952	-1317.7252	5.2747398	-1315.6988	-1303.1719	-1305.0876
189	189	-982.20491	-961.54791	-965.38907	20.657002	-978.42487	-952.14704	-952.14663
190	190	-1632.3349	-1634.8303	-1636.5782	-2.4953942	-1628.9776	-1620.2357	-1627.5086
191	191	-1079.9397	-1078.4982	-1082.0323	1.4415236	-1076.2802	-1068.2252	-1069.7606
192	192	-1422.3627	-1418.6203	-1422.3294	3.7423686	-1418.8855	-1408.8587	-1408.9119
193	193	-1002.1407	-994.66379	-998.49757	7.4769442	-998.39967	-985.32088	-985.32105
194	194	-1351.6642	-1343.8667	-1344.0539	7.7974922	-1348.1355	-1327.9667	-1335.1247
195	195	-1171.7881	-1172.8818	-1175.6338	-1.0937414	-1168.1888	-1161.2824	-1164.2016
196	196	-1389.4229	-1384.6052	-1388.3604	4.817724	-1385.9243	-1375.7004	-1375.6995
197	197	-1375.4772	-1378.106	-1379.7174	-2.6287283	-1371.9876	-1370.3794	-1371.0944
198	198	-869.64599	-863.09614	-866.60336	6.5498465	-865.7678	-854.1118	-854.11314
199	199	-884.52783	-887.27827	-888.7749	-2.7504385	-880.70021	-880.06128	-881.1179
200	200	-1141.0312	-1124.862	-1128.6326	16.169156	-1137.4368	-1114.7612	-1115.8241
201	201	-1282.5165	-1285.1782	-1286.7503	-2.6616577	-1278.9613	-1276.9595	-1276.425
202	202	-881.45713	-877.41857	-880.96056	4.0385564	-877.60399	-868.46593	-868.46601
203	203	-1029.9093	-1021.0077	-1024.5607	8.9016508	-1026.2188	-1012.3158	-1012.3158
204	204	-1033.4457	-1027.1073	-1030.6222	6.3383968	-1029.7504	-1018.3596	-1018.3595
205	205	-1426.4269	-1418.2364	-1421.8274	8.1905016	-1422.9292	-1409.8494	-1409.849
206	206	-1442.5144	-1424.1676	-1428.3098	18.346837	-1427.7599	-1414.6489	-1414.6532
207	207	-1364.4548	-1364.9259	-1368.1373	-0.4710314	-1360.9589	-1355.7531	-1355.9893
208	208	-961.39836	-957.59341	-961.65315	3.8049515	-957.61525	-947.79675	-947.78961
209	209	-1203.2375	-1196.7973	-1200.3336	6.4402647	-1199.6297	-1188.2336	-1188.2342
210	210	-1187.0685	-1168.3851	-1172.3684	18.683383	-1183.4814	-1159.2013	-1159.1772
211	211	-1056.8195	-1039.9427	-1044.0656	16.876797	-1053.1171	-1030.0225	-1029.9162
212	212	-1093.6719	-1068.3608	-1071.9271	25.311106	-1090.0067	-1059.827	-1059.8253
213	213	-829.4703	-813.28011	-816.78403	16.190182	-825.50473	-804.30803	-804.3083
214	214	-828.06531	-772.58635	-776.1499	55.47896	-824.07932	-763.78951	-763.78876
215	215	-795.021	-777.97243	-781.5069	17.048571	-791.02562	-768.99713	-768.99647
216	216	-977.54063	-969.95444	-973.87752	7.5861999	-973.80525	-960.48601	-960.47689
217	217	-2054.747	-2034.9727	-2038.5306	19.774227	-2041.7593	-2027.0961	-2027.0959
218	218	-1306.6555	-1306.5482	-1309.8713	0.10737294	-1303.0754	-1297.243	-1298.2746
219	219	-1149.4801	-1142.172	-1145.7131	7.3081099	-1145.8694	-1133.583	-1133.5829
220	220	-1038.1482	-1019.1592	-1022.7145	18.989018	-1034.4377	-1010.5279	-1010.5247
221	221	-644.31701	-629.53272	-633.06396	14.784291	-640.18274	-620.31757	-620.31739
222	222	-963.03099	-962.34676	-966.00621	0.68422943	-959.28643	-952.21004	-952.75185
223	223	-1735.2966	-1732.7825	-1735.2987	2.51413	-1732.0098	-1714.3727	-1724.5363
224	224	-1841.9316	-1841.3386	-1844.6974	0.59299768	-1838.6973	-1829.4746	-1833.147
225	225	-998.54489	-992.03164	-995.58583	6.5132488	-994.84094	-983.29496	-983.29549
226	226	-1819.9322	-1819.8674	-1823.3323	0.064799878	-1816.6868	-1806.2029	-1811.6605
227	227	-1868.3121	-1870.5041	-1872.4292	-2.192016	-1865.1026	-1861.9792	-1862.5634
228	228	-1030.2041	-1032.962	-1034.4635	-2.7578999	-1026.5276	-1022.9984	-1025.0221
229	229	-1345.4624	-1340.5061	-1344.2447	4.9562894	-1341.9531	-1330.5344	-1331.6805
230	230	-1182.4887	-1181.0644	-1182.055	1.4243383	-1178.8731	-1165.8827	-1171.213
231	231	-848.31588	-826.94262	-830.45395	21.373258	-844.39371	-818.02151	-818.02151
232	232	-1216.2729	-1207.7108	-1211.2886	8.5620891	-1212.7154	-1199.2147	-1199.2138
233	233	-932.79426	-926.86835	-930.72362	5.9259113	-928.98922	-917.35428	-917.34305
234	234	-1524.368	-1517.4417	-1520.9954	6.926302	-1520.9585	-1509.1252	-1509.1237
235	235	-1392.4377	-1379.8652	-1383.3656	12.572414	-1388.9383	-1369.6799	-1371.4646
236	236	-657.47859	-649.41364	-652.94901	8.0649479	-653.36741	-640.18585	-640.18667
237	237	-1631.1863	-1631.057	-1634.4633	0.12928979	-1627.8393	-1621.3289	-1621.3283
238	238	-1540.5758	-1519.7	-1523.396	20.875774	-1537.1722	-1511.6923	-1511.6791
239	239	-1126.2047	-1101.6567	-1105.2074	24.548071	-1122.5689	-1093.1483	-1093.148
240	240	-1737.4542	-1738.8698	-1741.4974	-1.4155795	-1728.9915	-1724.3221	-1724.3092
241	241	-1124.7164	-1110.6532	-1114.1728	14.063198	-1121.0941	-1102.1033	-1102.1034
242	242	-1225.4366	-1227.8764	-1229.7023	-2.4398153	-1221.9132	-1218.8003	-1220.322
243	243	-1918.2835	-1916.8411	-1920.1443	1.4424299	-1915.0987	-1907.1044	-1908.7648
244	244	-943.00677	-940.96293	-945.56429	2.0438411	-939.24726	-926.61287	-929.52919
245	245	-1019.1455	-1019.3516	-1022.5447	-0.20610525	-1015.4655	-1010.5675	-1010.5686
246	246	-1396.878	-1392.7036	-1396.2469	4.1744501	-1393.408	-1384.2558	-1384.2529
247	247	-926.96724	-923.83393	-927.35366	3.1333034	-923.16414	-914.93644	-914.93668
248	248	-1377.7753	-1371.0775	-1374.749	6.6978209	-1374.2705	-1362.6343	-1362.7574
249	249	-1241.709	-1237.8082	-1241.3448	3.9008029	-1238.1394	-1228.8886	-1229.2219
250	250	-837.61222	-830.25815	-833.82991	7.3540709	-833.74266	-821.34968	-821.34893
251	251	-969.3989	-966.10763	-969.73753	3.2912737	-965.62855	-955.57895	-957.6854
252	252	-1277.3186	-1262.9699	-1266.4935	14.348633	-1273.7457	-1254.515	-1254.5169
253	253	-1120.5684	-1123.3057	-1124.8068	-2.7372679	-1116.9813	-1115.6646	-1115.4714
254	254	-1728.3835	-1730.9118	-1732.6248	-2.5282566	-1725.0553	-1719.7722	-1723.9379
255	255	-1364.0954	-1350.9569	-1354.7526	13.13847	-1360.585	-1342.3082	-1342.3086
256	256	-1749.6189	-1749.5705	-1753.2274	0.048410115	-1746.3368	-1734.6862	-1740.0876
257	257	-1419.4904	-1407.2334	-1410.6596	12.256947	-1416.0094	-1396.6082	-1398.8452
258	258	-855.15094	-821.65603	-825.20551	33.494907	-851.24279	-812.84218	-812.84112
259	259	-1212.5941	-1214.7074	-1216.819	-2.1132229	-1209.0284	-1205.0345	-1205.1412
260	260	-1206.5785	-1208.8622	-1210.815	-2.2837121	-1202.9942	-1198.8131	-1201.1086
261	261	-2070.3539	-2066.8046	-2070.3689	3.5492199	-2067.2165	-2058.2312	-2058.7881
262	262	-1428.2415	-1427.4562	-1431.1681	0.78533774	-1424.7877	-1416.6716	-1418.3844
263	263	-1124.9386	-1102.6389	-1106.3753	22.299779	-1121.3001	-1093.8832	-1093.8634
264	264	-1482.6149	-1463.8852	-1466.9262	18.729661	-1479.1967	-1452.41	-1455.639
265	265	-1532.6847	-1508.9762	-1512.5043	23.708499	-1529.245	-1500.7461	-1500.7456
266	266	-1286.3366	-1280.8404	-1284.3716	5.4961725	-1282.8029	-1264.3879	-1272.3087
267	267	-1076.2054	-1072.717	-1076.2484	3.4883568	-1072.5585	-1063.095	-1064.031
268	268	-1279.6966	-1281.4464	-1283.7884	-1.7497688	-1276.1481	-1271.485	-1273.1789
269	269	-915.81704	-912.3037	-914.71122	3.5133321	-911.99992	-897.11357	-903.4195
270	270	-788.53241	-758.40238	-762.31577	30.130033	-784.55016	-748.69444	-748.69197
271	271	-1113.8675	-1115.0916	-1117.9516	-1.2241161	-1110.2493	-1103.3696	-1104.1904
272	272	-1170.3815	-1164.7032	-1168.4547	5.6782843	-1166.7463	-1156.5305	-1156.5303
273	273	-1469.6833	-1464.3613	-1468.0886	5.322075	-1466.2786	-1455.9125	-1455.9091
274	274	-1173.0422	-1172.2698	-1175.8423	0.77237627	-1169.4735	-1163.6653	-1163.666
275	275	-963.5872	-956.13893	-958.794	7.4482664	-959.82033	-943.23877	-947.33979
276	276	-707.20426	-707.77875	-710.88723	-0.57449128	-703.16947	-697.96883	-697.95208
277	277	-1268.3663	-1260.5445	-1264.2712	7.821828	-1264.7738	-1251.6064	-1251.6086
278	278	-1192.5743	-1183.8345	-1187.5688	8.7397584	-1189.0027	-1174.9887	-1174.9822
279	279	-876.12765	-858.31848	-861.87037	17.809165	-872.23346	-849.43268	-849.43283
280	280	-1459.8778	-1442.1668	-1445.5652	17.711042	-1456.3984	-1430.869	-1433.8414
281	281	-975.07891	-957.81224	-961.36186	17.26667	-971.34194	-949.10272	-949.10347
282	282	-1137.5255	-1136.3206	-1139.8061	1.2048097	-1133.8987	-1127.7538	-1127.7532
283	283	-1213.5063	-1205.1157	-1208.6593	8.3906468	-1209.9397	-1196.5696	-1196.5701
284	284	-1344.3745	-1328.8634	-1333.0374	15.511111	-1340.8254	-1319.4706	-1319.4603
285	285	-1623.4779	-1624.4202	-1627.4679	-0.94230423	-1620.1501	-1613.8177	-1615.8402
286	286	-1153.7842	-1146.2345	-1150.0492	7.5496519	-1150.1902	-1137.1013	-1137.0916
287	287	-653.02175	-638.64094	-642.18654	14.380813	-648.92047	-629.47985	-629.47758
288	288	-1183.4232	-1170.4047	-1173.9476	13.018511	-1179.8658	-1161.9249	-1161.9252
289	289	-1425.8251	-1414.4084	-1417.9415	11.416737	-1422.3628	-1406.0239	-1406.0237
290	290	-843.9383	-817.24531	-820.77249	26.69299	-840.06408	-808.4408	-808.44092
291	291	-999.96171	-985.43993	-988.97766	14.521779	-996.20593	-976.73156	-976.73168
292	292	-1624.8823	-1605.516	-1609.0517	19.366309	-1621.5194	-1597.3302	-1597.3296
293	293	-1002.3555	-995.31788	-998.89519	7.03761	-998.62395	-986.57434	-986.57581
294	294	-655.24017	-643.86582	-647.40011	11.374353	-651.13335	-634.55061	-634.69029
295	295	-1149.5219	-1149.6351	-1153.3958	-0.11317449	-1145.9223	-1137.1699	-1139.2002
296	296	-1370.4719	-1359.3835	-1363.123	11.088471	-1366.9577	-1350.6166	-1350.6156
297	297	-1193.4852	-1196.2506	-1197.7391	-2.7654001	-1189.9334	-1189.7788	-1189.7687
298	298	-1201.1221	-1181.5402	-1185.0608	19.581916	-1197.5641	-1173.0977	-1173.0983
299	299	-1156.9579	-1154.2067	-1157.7384	2.7512604	-1153.3511	-1145.5869	-1145.5872
300	300	-1582.999	-1581.9366	-1585.4964	1.0624193	-1579.6342	-1567.0841	-1573.3093
301	301	-864.30721	-852.56895	-856.07946	11.738262	-860.45443	-843.66273	-843.66335
302	302	-1397.5876	-1400.1942	-1401.8303	-2.606634	-1394.1134	-1388.9304	-1393.4798
303	303	-1151.1311	-1152.9913	-1154.9557	-1.8602821	-1147.5449	-1142.9577	-1142.9637
304	304	-1197.1108	-1199.6362	-1201.3976	-2.5254265	-1193.545	-1192.324	-1191.7053
305	305	-786.94978	-786.17522	-789.70434	0.77455656	-782.95388	-773.49321	-776.66661
306	306	-1302.0709	-1288.032	-1291.6081	14.038846	-1298.5312	-1279.6363	-1279.6363
307	307	-1664.2342	-1665.0867	-1668.2448	-0.85250655	-1660.8942	-1650.3463	-1656.7067
308	308	-1290.7963	-1279.1058	-1282.7602	11.690529	-1287.2587	-1269.0578	-1270.4534
309	309	-787.20554	-761.73125	-765.27302	25.474295	-783.23353	-752.80514	-752.80491
310	310	-671.3793	-651.31253	-654.82068	20.066768	-667.25361	-642.16991	-642.16867
311	311	-1542.9435	-1543.0638	-1546.5981	-0.12026496	-1539.5273	-1532.1787	-1534.1805
312	312	-901.76765	-895.44435	-898.9939	6.3233079	-897.95888	-886.60021	-886.60367
313	313	-1134.7804	-1129.7044	-1133.246	5.0759193	-1131.1479	-1121.0726	-1121.073
314	314	-1283.2588	-1284.9893	-1287.3432	-1.7305463	-1279.7634	-1273.2102	-1276.7338
315	315	-1050.1975	-1052.9332	-1054.4299	-2.7356831	-1046.5147	-1043.1855	-1045.8313
316	316	-1032.2606	-1015.4444	-1019.2112	16.816188	-1028.5094	-1006.3726	-1006.3738
317	317	-1254.418	-1248.3798	-1251.9369	6.0381629	-1250.8604	-1239.869	-1239.8696
318	318	-1182.3312	-1184.6647	-1186.5826	-2.3334871	-1178.7388	-1176.2979	-1176.6986
319	319	-1766.5519	-1757.3664	-1761.0505	9.1854278	-1763.25	-1748.1117	-1749.3284
320	320	-1375.5142	-1360.6708	-1364.3656	14.843395	-1371.9806	-1352.2497	-1352.2395
321	321	-1035.1522	-1034.7625	-1038.1572	0.38965126	-1031.4657	-1023.8837	-1024.7983
322	322	-1884.4334	-1872.6008	-1876.4838	11.832599	-1881.208	-1863.6447	-1863.8395
323	323	-663.15026	-648.61868	-652.15828	14.531575	-659.02274	-639.41077	-639.41005
324	324	-1520.5205	-1522.8701	-1524.5819	-2.3496247	-1517.1197	-1511.7444	-1513.594
325	325	-1229.153	-1227.0621	-1230.5986	2.0908854	-1225.5825	-1217.3724	-1218.4815
326	326	-1461.8023	-1463.0619	-1465.8103	-1.2595147	-1458.3682	-1451.1384	-1452.8418
327	327	-844.96274	-843.65731	-846.9248	1.3054338	-841.05254	-835.29179	-835.29248
328	328	-1477.2643	-1471.3465	-1475.2407	5.9177814	-1473.8165	-1462.0483	-1462.4634
329	329	-988.95412	-978.76736	-982.65196	10.186762	-985.20222	-969.2893	-969.2815
330	330	-860.3792	-850.99564	-854.57751	9.3835588	-856.50144	-842.10014	-842.09702
331	331	-1057.1037	-1038.8075	-1042.3681	18.296226	-1053.4354	-1030.2386	-1030.2382
332	332	-619.71989	-610.58674	-614.11834	9.1331509	-615.5305	-601.27069	-601.27112
333	333	-1161.9051	-1157.1806	-1160.7202	4.7245607	-1158.3168	-1146.3571	-1148.5667
334	334	-1359.7461	-1356.1252	-1360.4585	3.6209291	-1356.2501	-1344.6367	-1346.2682
335	335	-1083.3077	-1062.3651	-1065.9088	20.942533	-1079.6406	-1053.81	-1053.8101
336	336	-996.67364	-986.39243	-990.21167	10.281205	-992.91989	-977.08371	-977.07228
337	337	-1705.4043	-1697.2436	-1700.8064	8.1607103	-1702.1185	-1683.348	-1689.0795
338	338	-1393.2491	-1388.7162	-1392.4801	4.5328311	-1389.7668	-1379.8568	-1380.0493
339	339	-847.3192	-820.25102	-823.75478	27.068186	-843.40527	-811.36633	-811.36633
340	340	-987.84407	-952.09131	-955.62554	35.75276	-984.05835	-943.42974	-943.42967
341	341	-1130.5681	-1125.3292	-1129.1428	5.238932	-1126.9629	-1114.9205	-1116.1572
342	342	-915.71395	-893.68629	-897.21195	22.027652	-911.87364	-884.87759	-884.87628
343	343	-642.63206	-644.98792	-646.87497	-2.3558583	-638.50991	-635.7397	-636.44483
344	344	-2090.1989	-2087.1173	-2090.9836	3.0815844	-2087.0889	-2076.2015	-2077.9177
345	345	-820.64498	-823.37522	-824.866	-2.7302415	-816.69543	-816.39309	-816.40535
346	346	-1206.7591	-1209.5008	-1211.046	-2.7416923	-1203.2158	-1202.8648	-1202.8494
347	347	-1182.7893	-1148.9644	-1152.5044	33.824921	-1179.1857	-1140.562	-1140.5634
348	348	-732.07524	-723.01122	-726.5861	9.0640218	-728.0473	-713.94016	-713.94064
349	349	-991.00185	-990.03951	-993.76174	0.96233701	-987.27274	-980.5229	-980.52488
350	350	-1013.325	-994.21824	-998.02395	19.10671	-1009.6089	-985.15008	-985.15271
351	351	-1093.8849	-1096.0382	-1098.141	-2.1532922	-1090.24	-1086.641	-1087.8418
352	352	-1580.194	-1570.3469	-1573.9035	9.8470612	-1576.8779	-1561.2867	-1561.2877
353	353	-1564.3249	-1545.4985	-1549.7746	18.826428	-1560.9158	-1535.9491	-1535.9475
354	354	-1580.0885	-1582.6482	-1584.5091	-2.5597411	-1575.3481	-1573.5056	-1573.5017
355	355	-1744.985	-1737.1739	-1740.8636	7.8110442	-1741.7099	-1728.5016	-1728.9046
356	356	-1035.4554	-1032.9597	-1036.6379	2.495668	-1031.7477	-1022.2479	-1022.2483
357	357	-568.9831	-554.90308	-558.45594	14.080027	-564.70563	-545.479	-545.47916
358	358	-1074.3344	-1077.0677	-1078.5904	-2.7332658	-1070.6526	-1069.4775	-1069.0061
359	359	-1937.9978	-1931.6582	-1935.8156	6.339626	-1929.27	-1917.3301	-1920.86
360	360	-1072.5274	-1070.737	-1074.493	1.7904327	-1068.8525	-1059.5522	-1061.2899
361	361	-1215.9218	-1216.2217	-1219.8485	-0.29990822	-1212.3144	-1206.252	-1206.2462
362	362	-1599.2884	-1590.3255	-1593.8744	8.9628891	-1595.9352	-1582.0841	-1582.0855
363	363	-953.6158	-935.47793	-939.02419	18.137867	-949.83643	-926.74553	-926.74416
364	364	-1624.5104	-1627.1379	-1628.7371	-2.6275298	-1621.1761	-1618.3537	-1618.3581
365	365	-1709.0301	-1691.378	-1694.8854	17.652169	-1705.7221	-1683.2308	-1683.2308
366	366	-1011.7054	-994.48649	-998.06152	17.21893	-1007.9846	-985.65907	-985.83226
367	367	-683.59115	-663.91494	-667.45043	19.676211	-679.50144	-654.79072	-654.78909
368	368	-1436.5357	-1438.9072	-1440.7487	-2.3715345	-1433.0607	-1427.8391	-1430.7994
369	369	-1626.9803	-1620.9548	-1625.191	6.0254811	-1623.6403	-1609.3948	-1611.6937
370	370	-886.60228	-872.2491	-875.49514	14.35318	-882.75999	-860.14991	-863.38231
371	371	-1820.417	-1821.097	-1823.9272	-0.68002951	-1817.1605	-1812.4765	-1812.8271
372	372	-1090.9078	-1067.8406	-1071.6097	23.067234	-1087.2367	-1058.9793	-1058.9853
373	373	-1340.6772	-1327.3067	-1330.8948	13.370408	-1337.1551	-1318.911	-1318.9105
374	374	-932.34654	-889.34317	-892.88191	43.003372	-928.51928	-880.66157	-880.66114
375	375	-1743.705	-1741.2895	-1745.9232	2.4155039	-1740.4544	-1730.299	-1731.5655
376	376	-1277.7043	-1279.1822	-1281.7203	-1.4779012	-1274.1192	-1269.169	-1270.4487
377	377	-958.31808	-942.39848	-945.94434	15.919602	-954.50522	-933.60957	-933.61089
378	378	-1129.0925	-1131.0025	-1133.1498	-1.9099339	-1125.4943	-1122.1375	-1122.8392
379	379	-1306.5697	-1309.2967	-1310.8393	-2.7270347	-1303.0445	-1296.5015	-1303.3349
380	380	-1615.5491	-1616.2238	-1619.3838	-0.67465895	-1612.1744	-1604.42	-1607.1436
381	381	-1234.0663	-1193.8765	-1197.4248	40.189753	-1230.508	-1185.5782	-1185.5783
382	382	-1071.066	-1069.2633	-1072.8196	1.8027554	-1067.3997	-1060.532	-1060.5325
383	383	-1603.2791	-1604.5399	-1607.2403	-1.26079	-1599.9302	-1595.2367	-1595.1655
384	384	-1671.5197	-1666.0933	-1669.6624	5.4263555	-1668.1961	-1656.398	-1657.8385
385	385	-1304.509	-1306.875	-1308.5931	-2.3659634	-1300.982	-1298.7014	-1298.5958
386	386	-1106.3344	-1078.6496	-1082.1968	27.684776	-1102.7056	-1070.1628	-1070.1625
387	387	-1150.4797	-1138.6577	-1142.2249	11.821915	-1146.8629	-1130.1222	-1130.122
388	388	-1326.526	-1328.389	-1330.6437	-1.862929	-1323.0027	-1319.0455	-1319.0173
389	389	-1483.6304	-1476.4564	-1480.1783	7.1740644	-1480.2134	-1468.0336	-1468.0362
390	390	-1661.8949	-1660.0902	-1663.6067	1.8046635	-1658.5718	-1646.4028	-1651.7816
391	391	-1584.1536	-1581.4922	-1585.1947	2.6614024	-1580.7837	-1571.0576	-1573.071
392	392	-1135.45	-1128.4823	-1132.0301	6.9677489	-1131.8347	-1119.8621	-1119.8613
393	393	-1304.4214	-1293.9506	-1298.3521	10.470716	-1300.8926	-1284.1311	-1284.1304
394	394	-1125.8054	-1120.8716	-1124.415	4.9338346	-1122.1955	-1111.5187	-1112.2425
395	395	-1021.6345	-1021.8394	-1025.0495	-0.20494038	-1017.9549	-1013.0622	-1013.0588
396	396	-1318	-1312.5924	-1316.4159	5.4075751	-1314.4809	-1303.7503	-1303.7509
397	397	-734.44779	-716.1247	-719.58059	18.323085	-730.43772	-705.07527	-707.11403
398	398	-1617.6333	-1619.439	-1621.7171	-1.8056279	-1614.2819	-1611.0658	-1610.9846
399	399	-1171.7599	-1166.959	-1170.5021	4.8009189	-1168.1715	-1158.3475	-1158.3479
400	400	-1700.4207	-1695.5617	-1699.1176	4.858999	-1697.1039	-1685.5354	-1687.3397
401	401	-1243.3077	-1237.3289	-1240.8752	5.9787466	-1239.7304	-1228.7876	-1228.788
402	402	-1490.4276	-1492.9545	-1494.6673	-2.5268093	-1487.0283	-1481.3485	-1485.1363
403	403	-919.06015	-917.91743	-921.31108	1.1427184	-915.20837	-908.99858	-908.99609
404	404	-1213.7148	-1206.8722	-1210.7201	6.8425701	-1210.1501	-1197.839	-1197.8378
405	405	-1415.3279	-1416.4415	-1418.8581	-1.113637	-1411.8997	-1407.8456	-1407.7956
406	406	-1093.2249	-1078.3915	-1082.1648	14.833473	-1089.5841	-1069.461	-1069.4532
407	407	-1033.0545	-1011.2918	-1014.8539	21.762753	-1029.3233	-1002.6556	-1002.6585
408	408	-1006.1102	-1008.6605	-1010.3504	-2.5502585	-1002.3791	-1001.2897	-1001.2877
409	409	-1172.4085	-1163.2641	-1166.808	9.1444009	-1168.7964	-1154.694	-1154.6929
410	410	-1330.8489	-1323.8587	-1327.6125	6.9901183	-1327.3269	-1315.0582	-1315.0544
411	411	-1243.8896	-1241.7239	-1245.2687	2.1656578	-1240.3219	-1232.8114	-1232.8053
412	412	-1065.543	-1065.6176	-1068.9102	-0.074596519	-1061.8783	-1055.8507	-1055.8192
413	413	-1090.7864	-1062.7237	-1066.2661	28.06278	-1087.1081	-1054.1988	-1054.1944
414	414	-1351.2476	-1352.0114	-1355.1222	-0.76384806	-1347.7333	-1340.2104	-1343.4685
415	415	-1368.4853	-1359.475	-1363.0555	9.0103023	-1365.0175	-1351.081	-1351.0813
416	416	-952.9971	-941.85642	-946.03621	11.14068	-949.20697	-932.0321	-932.0327
417	417	-914.78743	-905.72091	-909.61691	9.0665138	-910.95534	-893.22404	-895.56696
418	418	-1994.0753	-1988.6447	-1992.4805	5.4305876	-1990.9341	-1980.0458	-1980.0479
419	419	-1108.5626	-1103.3468	-1106.7233	5.2158045	-1104.9583	-1092.3076	-1094.7442
420	420	-956.63114	-943.66713	-947.21887	12.964015	-952.84687	-934.8956	-934.89535
421	421	-1200.1146	-1191.5133	-1195.0358	8.6013384	-1196.5357	-1182.9659	-1182.9658
422	422	-1641.351	-1644.343	-1645.5838	-2.9919713	-1638.0284	-1634.5291	-1634.7043
423	423	-924.4542	-925.79881	-928.35939	-1.3446112	-920.68363	-916.93496	-916.93323
424	424	-1458.8992	-1456.9737	-1460.5008	1.9255349	-1455.4408	-1448.5059	-1448.5083
425	425	-1157.7934	-1155.2637	-1158.7805	2.52971	-1154.188	-1146.6268	-1146.6267
426	426	-833.63476	-833.91428	-837.05589	-0.27951792	-829.6997	-824.59593	-824.83866
427	427	-1339.9662	-1327.1231	-1330.7722	12.843079	-1336.4348	-1316.4151	-1318.6112
428	428	-1036.7456	-1032.3343	-1035.8928	4.4112772	-1033.0363	-1022.7269	-1023.6009
429	429	-1129.6637	-1122.3277	-1125.8756	7.3360343	-1126.0427	-1113.7287	-1113.7292
430	430	-685.50873	-683.96364	-687.51725	1.5450846	-681.4638	-674.68267	-674.76417
431	431	-1304.3297	-1302.5758	-1306.1736	1.7539901	-1300.7755	-1292.8905	-1293.3903
432	432	-1785.2856	-1774.1334	-1778.1008	11.152197	-1782.0268	-1764.7037	-1764.6964
433	433	-858.02174	-848.5665	-852.08995	9.4552376	-854.16322	-839.65483	-839.65459
434	434	-1623.1828	-1622.6585	-1626.0122	0.52434645	-1619.8559	-1613.4479	-1614.1584
435	435	-1195.8654	-1197.4963	-1199.8079	-1.6308718	-1192.3144	-1187.9033	-1187.9002
436	436	-1255.2742	-1256.1689	-1258.8726	-0.89476597	-1251.7272	-1247.9158	-1247.9156
437	437	-964.01622	-946.19329	-950.21673	17.822925	-960.27037	-935.80428	-935.79304
438	438	-927.41978	-915.8363	-920.36569	11.583477	-923.61811	-903.23453	-905.13805
439	439	-1633.9267	-1628.9894	-1632.4549	4.9372882	-1630.6467	-1620.6025	-1620.7272
440	440	-1324.7495	-1304.5574	-1308.2308	20.192066	-1321.2179	-1293.9569	-1295.7026
441	441	-1549.356	-1545.9685	-1549.3639	3.3875494	-1545.9304	-1532.8266	-1537.41
442	442	-894.01487	-890.20813	-893.74141	3.8067444	-890.18854	-881.3193	-881.31808
443	443	-985.02683	-959.47125	-963.3357	25.555577	-981.27226	-950.13521	-950.138
444	444	-1216.159	-1217.5241	-1219.9886	-1.3651378	-1212.6102	-1208.6558	-1208.6507
445	445	-1465.8918	-1467.3964	-1469.7939	-1.5046748	-1462.4006	-1457.636	-1457.5709
446	446	-1245.4304	-1248.115	-1249.6745	-2.6845999	-1241.901	-1238.7432	-1239.6961
447	447	-817.71689	-798.48629	-802.08846	19.230606	-813.7703	-789.59227	-789.59295
448	448	-1085.5476	-1067.9637	-1071.5163	17.583844	-1081.881	-1059.3741	-1059.3738
449	449	-1210.0083	-1211.2078	-1213.6708	-1.1994959	-1206.4116	-1201.3755	-1202.2538
450	450	-891.65908	-879.99076	-883.52143	11.668321	-887.81084	-871.12804	-871.12815
451	451	-759.42871	-736.21417	-739.75534	23.21454	-755.42675	-727.2377	-727.23834
452	452	-1310.313	-1312.8638	-1314.5674	-2.5508154	-1306.7654	-1303.8225	-1303.4514
453	453	-1039.764	-1003.6167	-1007.1808	36.14738	-1036.061	-995.06239	-995.06236
454	454	-956.16517	-948.38712	-951.65226	7.7780447	-952.40367	-935.26674	-938.88427
455	455	-948.21467	-937.54132	-939.51439	10.673349	-944.40372	-920.77165	-928.73836
456	456	-1220.1933	-1215.9888	-1219.5446	4.2045522	-1216.5995	-1207.4443	-1207.4437
457	457	-801.75177	-790.38164	-794.2061	11.370131	-797.72987	-779.58367	-779.5768
458	458	-1150.1513	-1143.3183	-1146.853	6.8330182	-1146.5729	-1133.6636	-1134.7277
459	459	-1141.8539	-1140.5923	-1144.3358	1.2615602	-1138.2743	-1131.475	-1131.4685
460	460	-1013.8002	-1004.6356	-1008.1731	9.1646054	-1010.0809	-995.9215	-995.92042
461	461	-942.03667	-926.0926	-929.62857	15.944074	-938.24461	-917.34619	-917.34531
462	462	-717.35583	-701.47889	-705.053	15.876943	-713.27073	-692.37378	-692.37447
463	463	-1362.5311	-1351.5988	-1355.3283	10.932387	-1359.0198	-1343.0477	-1343.0325
464	464	-968.43125	-965.80997	-969.33045	2.6212879	-964.69106	-956.97733	-956.97814
465	465	-641.27439	-624.80841	-628.57717	16.465982	-637.08776	-616.01608	-616.01575
466	466	-1303.6667	-1293.7527	-1297.9643	9.9140407	-1300.1449	-1282.0236	-1284.0396
467	467	-1314.7238	-1289.9436	-1293.6788	24.780218	-1311.1972	-1281.7501	-1281.7495
468	468	-1286.3261	-1279.011	-1282.5703	7.3150612	-1282.746	-1270.4708	-1270.5222
469	469	-1533.0593	-1512.8655	-1516.3994	20.193804	-1529.6763	-1504.6382	-1504.6386
470	470	-1198.4899	-1174.8751	-1178.4059	23.614805	-1194.8927	-1165.6982	-1166.398
471	471	-1464.2373	-1467.0888	-1468.46	-2.8515564	-1460.8042	-1454.2258	-1456.1961
472	472	-1878.6236	-1874.0127	-1876.4749	4.6108976	-1875.4264	-1860.0604	-1865.9121
473	473	-1718.1549	-1711.658	-1715.3946	6.4968809	-1714.8852	-1699.0142	-1703.3351
474	474	-855.94818	-857.37066	-859.97342	-1.422485	-852.08196	-848.12779	-848.10085
475	475	-1269.0401	-1260.8607	-1264.6394	8.179442	-1265.4618	-1250.191	-1251.8119
476	476	-908.32881	-891.53151	-895.07317	16.797294	-904.4895	-882.71168	-882.71225
477	477	-1469.5758	-1465.2416	-1468.9452	4.3342138	-1466.1159	-1453.6599	-1455.6498
478	478	-1309.9955	-1302.8125	-1306.3548	7.1829147	-1306.449	-1294.1676	-1294.3476
479	479	-1836.3994	-1827.7543	-1831.5211	8.6450646	-1833.1271	-1819.2655	-1819.2523
480	480	-1267.6804	-1270.1432	-1271.889	-2.4627829	-1264.1105	-1261.4527	-1261.4221
481	481	-1268.3375	-1271.0677	-1272.5539	-2.7301489	-1264.767	-1264.2956	-1264.1988
482	482	-1691.2096	-1692.9514	-1695.4529	-1.7417519	-1687.8903	-1683.3484	-1683.3538
483	483	-954.65712	-933.40834	-936.95543	21.248777	-950.87194	-923.02709	-924.64698
484	484	-1109.7801	-1105.5312	-1109.1222	4.2489129	-1106.0938	-1094.13	-1093.813
485	485	-838.99258	-820.78222	-824.33322	18.210354	-835.08214	-811.88781	-811.88789
486	486	-1713.8533	-1703.2996	-1707.086	10.553627	-1710.5369	-1695.3574	-1695.3594
487	487	-1100.0539	-1077.7862	-1081.3375	22.267743	-1096.4164	-1068.3599	-1069.2748
488	488	-1966.8491	-1962.8045	-1966.0601	4.0446585	-1963.6463	-1954.1795	-1954.1049
489	489	-1371.1459	-1370.2371	-1373.8026	0.90884501	-1367.6429	-1361.7019	-1361.6944
490	490	-905.60516	-897.35355	-900.9162	8.2516054	-901.80567	-887.92555	-888.51303
491	491	-1704.8793	-1705.2102	-1708.3414	-0.33090175	-1701.6131	-1694.0886	-1696.9246
492	492	-1671.5443	-1669.639	-1673.3616	1.9052971	-1668.2472	-1660.5457	-1661.2075
493	493	-1211.8464	-1211.0058	-1212.0259	0.8406253	-1208.2765	-1194.1431	-1201.5646
494	494	-1163.1958	-1134.2165	-1137.7602	28.97924	-1159.6023	-1125.7698	-1125.7706
495	495	-574.83162	-567.30406	-571.45433	7.5275645	-570.54876	-556.64168	-556.64058
496	496	-1760.6587	-1745.7108	-1749.3174	14.94787	-1757.3649	-1737.6896	-1737.6885
497	497	-1054.264	-1047.8767	-1051.7262	6.3872249	-1050.6093	-1038.5707	-1038.5736
498	498	-1358.3859	-1347.371	-1350.9143	11.014898	-1354.8507	-1337.5128	-1338.9554
499	499	-732.58077	-716.67776	-720.76053	15.903011	-728.53383	-704.38306	-706.28283
