No.	ID	loglik_NUll	loglik_RES	loglik_all	log_ratio	loglik_Max1	loglik_Max2	loglik_Max3
0	0	-1406.5577	-1407.5976	-1410.1065	-1.0398795	-1403.0895	-1397.109	-1397.1114
1	1	-833.83349	-807.36268	-810.62255	26.470805	-829.93892	-797.90718	-797.9073
2	2	-967.23116	-943.17757	-946.44412	24.053584	-963.46057	-933.88889	-933.89184
3	3	-824.55812	-809.06093	-812.21061	15.497195	-820.61689	-796.75122	-799.50049
4	4	-1824.7734	-1819.9577	-1822.5502	4.8157123	-1821.5391	-1806.2481	-1809.5008
5	5	-1815.4804	-1818.4983	-1819.3958	-3.0179376	-1812.2006	-1804.282	-1809.254
6	6	-1248.0284	-1229.2441	-1232.533	18.784333	-1244.4826	-1220.2865	-1220.2864
7	7	-1716.7726	-1710.1302	-1713.9254	6.6423266	-1713.4775	-1691.7939	-1700.4622
8	8	-1045.4246	-1013.0401	-1016.6561	32.38451	-1041.7165	-1002.817	-1002.9611
9	9	-1543.3021	-1520.9258	-1525.0624	22.376307	-1539.9305	-1511.3389	-1511.3401
10	10	-1056.9039	-1048.89	-1052.3074	8.0138593	-1053.1902	-1038.5382	-1038.5376
11	11	-1013.8661	-987.42706	-990.73224	26.439054	-1010.1756	-978.26769	-978.26871
12	12	-1232.0852	-1198.4966	-1202.031	33.588607	-1228.5336	-1188.9669	-1188.9563
13	13	-1244.504	-1246.9415	-1248.7319	-2.4374722	-1240.9365	-1238.0252	-1237.4025
14	14	-1280.1011	-1254.2279	-1257.5104	25.873205	-1276.6079	-1245.3174	-1245.3152
15	15	-969.36641	-945.57611	-948.86033	23.790306	-965.60642	-936.29263	-936.29222
16	16	-1194.5605	-1174.8865	-1178.2152	19.674076	-1190.9806	-1163.5924	-1164.4903
17	17	-984.91439	-968.19866	-972.02718	16.715734	-981.15418	-957.63844	-957.63828
18	18	-928.91191	-897.17209	-901.09893	31.739825	-925.09988	-886.01663	-886.01963
19	19	-1424.7258	-1427.522	-1428.8424	-2.7961896	-1421.2625	-1414.1531	-1416.9616
20	20	-808.54193	-763.04342	-766.36421	45.498506	-804.59599	-753.64814	-753.64796
21	21	-1474.0275	-1475.3634	-1477.914	-1.3359281	-1470.6151	-1466.4997	-1467.2577
22	22	-832.60649	-806.31385	-809.61055	26.292637	-828.70425	-796.86199	-796.86224
23	23	-723.28655	-702.9256	-706.90621	20.36095	-719.23961	-691.63588	-691.63845
24	24	-1124.2156	-1109.5911	-1112.9019	14.624475	-1120.5773	-1100.4449	-1100.4446
25	25	-1284.552	-1280.9783	-1283.871	3.5737169	-1281.0046	-1271.6616	-1271.6721
26	26	-1227.5002	-1213.3418	-1216.6071	14.158343	-1223.9472	-1204.2789	-1204.2793
27	27	-1229.0186	-1183.3756	-1187.1404	45.643057	-1225.4486	-1173.1666	-1173.1655
28	28	-1228.9423	-1211.1033	-1214.3616	17.839018	-1225.385	-1202.0966	-1202.0995
29	29	-1543.5177	-1518.7682	-1522.0367	24.74947	-1530.2404	-1510.0512	-1510.0514
30	30	-1256.5691	-1246.9613	-1250.2234	9.6078223	-1252.9801	-1237.8817	-1237.8822
31	31	-1187.8294	-1153.6265	-1157.0943	34.20286	-1184.2643	-1144.2938	-1144.2735
32	32	-1121.2307	-1122.8059	-1125.0563	-1.5751672	-1117.6257	-1110.3771	-1112.7654
33	33	-1051.9074	-1042.0175	-1045.6271	9.8898746	-1048.2242	-1031.1341	-1031.9238
34	34	-1356.3944	-1327.8742	-1332.3158	28.520154	-1352.8612	-1318.1328	-1318.1321
35	35	-1420.5994	-1422.0378	-1424.2513	-1.4383801	-1417.1679	-1411.9589	-1411.9422
36	36	-1654.8087	-1646.4918	-1649.477	8.3169202	-1651.4962	-1636.3655	-1636.6584
37	37	-886.71117	-880.86986	-884.14908	5.8413009	-882.89578	-871.38971	-871.38936
38	38	-1289.4321	-1289.5794	-1293.3374	-0.14722484	-1285.861	-1280.0349	-1280.033
39	39	-963.36405	-932.29578	-935.56499	31.068277	-959.62863	-923.0655	-923.06557
40	40	-1259.2019	-1239.1582	-1242.6349	20.043617	-1255.6848	-1229.2094	-1229.6067
41	41	-968.66291	-959.32302	-960.55001	9.3398956	-964.90426	-939.55441	-948.05184
42	42	-1022.212	-1011.8642	-1015.2841	10.347767	-1018.5051	-1001.5441	-1001.545
43	43	-1300.2768	-1269.0587	-1272.3617	31.218089	-1296.7544	-1259.5135	-1260.1612
44	44	-1147.449	-1126.47	-1129.7236	20.978973	-1143.8401	-1117.3699	-1117.3714
45	45	-909.21241	-873.85187	-877.97052	35.360545	-905.38798	-863.28993	-863.29174
46	46	-1345.1977	-1336.9984	-1340.2195	8.1992373	-1341.6682	-1327.9733	-1327.9729
47	47	-963.44108	-960.56629	-964.22965	2.874792	-959.73206	-946.68125	-950.74353
48	48	-1337.7127	-1324.2344	-1327.4664	13.478317	-1334.1986	-1315.2439	-1315.2436
49	49	-1684.1197	-1684.4831	-1687.836	-0.36342114	-1680.8334	-1670.4923	-1672.8606
50	50	-985.73196	-954.07032	-957.63807	31.661639	-981.99521	-944.5448	-944.53013
51	51	-1452.0624	-1424.3651	-1427.6195	27.697386	-1439.3192	-1415.5672	-1415.5671
52	52	-975.19608	-965.98758	-969.29821	9.2084978	-971.45096	-956.64772	-956.64648
53	53	-876.06797	-833.17615	-836.90082	42.891826	-872.1695	-822.79429	-822.79678
54	54	-1222.1317	-1210.1464	-1213.6441	11.985314	-1207.59	-1201.3469	-1201.3482
55	55	-1059.4605	-1045.5911	-1048.9435	13.869364	-1055.7868	-1035.1601	-1035.1505
56	56	-945.6503	-918.51764	-921.68607	27.132663	-941.8721	-907.39196	-909.21079
57	57	-1036.7321	-1003.1779	-1006.4562	33.554169	-1033.0629	-994.06516	-994.0651
58	58	-1221.504	-1205.3302	-1209.8319	16.173772	-1217.9374	-1192.4009	-1193.5526
59	59	-1196.2566	-1180.9851	-1184.2584	15.271554	-1192.6919	-1171.4346	-1171.7628
60	60	-1701.3078	-1692.6125	-1696.3592	8.695331	-1698.0111	-1682.7562	-1682.6968
61	61	-1022.0758	-1015.8901	-1019.1729	6.1857185	-1018.32	-1006.5012	-1006.501
62	62	-1086.8019	-1086.0007	-1089.3886	0.80120999	-1083.1572	-1076.1603	-1076.1284
63	63	-1665.1411	-1642.4252	-1645.937	22.715949	-1661.8153	-1633.1995	-1633.1988
64	64	-1243.8673	-1222.1333	-1226.1563	21.733985	-1240.3337	-1208.5038	-1210.8949
65	65	-826.61942	-780.94426	-784.6947	45.675153	-822.70507	-770.39089	-770.38851
66	66	-1073.7676	-1047.6433	-1051.197	26.124213	-1070.0959	-1038.3182	-1038.2941
67	67	-1228.9216	-1224.2436	-1227.5986	4.6779547	-1225.3558	-1212.827	-1214.2591
68	68	-1538.3265	-1534.7948	-1537.5277	3.5316389	-1534.9167	-1521.9185	-1525.6354
69	69	-1396.9506	-1387.8826	-1391.3621	9.0680026	-1393.4818	-1378.4249	-1378.4198
70	70	-1369.4348	-1361.3443	-1364.6191	8.0905114	-1365.9125	-1352.3386	-1352.3382
71	71	-1283.7848	-1274.4165	-1277.968	9.3683369	-1280.2385	-1264.8242	-1264.825
72	72	-793.8793	-764.7432	-768.00313	29.136094	-789.8654	-755.18617	-755.18754
73	73	-1345.4973	-1344.9214	-1348.703	0.57585729	-1342.0127	-1334.3584	-1334.788
74	74	-833.6279	-771.94996	-775.2759	61.677935	-829.69968	-762.61372	-762.61347
75	75	-998.06607	-950.2074	-953.48735	47.858668	-994.34413	-941.06272	-941.06292
76	76	-818.47668	-792.69239	-796.709	25.784287	-814.52322	-781.76985	-781.77041
77	77	-975.3627	-964.08071	-967.71777	11.281993	-971.61857	-952.234	-954.30139
78	78	-1328.203	-1301.9149	-1305.5323	26.28813	-1324.6887	-1291.8018	-1291.8004
79	79	-1514.3251	-1483.7859	-1487.055	30.539141	-1510.9277	-1475.0564	-1475.0539
80	80	-1217.9517	-1172.603	-1176.9275	45.348734	-1202.0332	-1162.5923	-1162.5947
81	81	-1335.1126	-1317.2112	-1320.4581	17.901397	-1331.6199	-1308.259	-1308.2594
82	82	-967.3215	-959.92092	-963.22308	7.4005753	-963.5425	-950.50873	-950.50831
83	83	-828.44672	-783.56227	-787.18264	44.884453	-824.51646	-772.84635	-772.84729
84	84	-1850.3901	-1847.4989	-1850.7709	2.8912013	-1847.1817	-1838.7875	-1838.7878
85	85	-1039.2534	-1027.0241	-1030.5986	12.229368	-1035.5506	-1016.9791	-1016.9804
86	86	-812.55459	-751.58283	-755.24208	60.971767	-808.58442	-741.73239	-741.69457
87	87	-1496.0097	-1471.6458	-1475.1067	24.363916	-1492.5589	-1462.4714	-1462.4712
88	88	-826.27701	-767.16141	-770.46609	59.115607	-822.35008	-757.79051	-757.79258
89	89	-1309.7321	-1306.1731	-1309.4576	3.5590395	-1306.1996	-1291.6662	-1297.0526
90	90	-1255.992	-1259.0736	-1260.1335	-3.0816576	-1252.4697	-1242.25	-1247.5691
91	91	-1082.2196	-1084.9844	-1086.4952	-2.7647959	-1078.564	-1076.7012	-1076.552
92	92	-1578.6323	-1561.5719	-1564.5998	17.060454	-1569.0884	-1550.0499	-1549.9246
93	93	-2029.8722	-2017.4464	-2020.9669	12.425774	-2015.6077	-2008.039	-2008.3433
94	94	-775.10425	-768.27397	-771.0504	6.8302782	-771.10658	-752.7258	-758.61433
95	95	-1294.0786	-1285.2172	-1288.4769	8.8614696	-1290.5482	-1275.6512	-1276.1591
96	96	-1132.6557	-1123.5531	-1127.0755	9.1025674	-1129.0008	-1114.4685	-1114.5587
97	97	-1230.2072	-1215.6325	-1219.1682	14.574774	-1226.6512	-1205.8826	-1205.8745
98	98	-879.72734	-840.04716	-843.3606	39.680176	-875.85586	-830.71572	-830.71672
99	99	-1184.7754	-1164.9735	-1168.2468	19.801906	-1181.192	-1155.9343	-1155.9337
100	100	-1737.1429	-1727.7271	-1732.3574	9.4157667	-1733.861	-1717.5487	-1717.6763
101	101	-1771.5221	-1773.3065	-1775.4962	-1.7844072	-1768.2772	-1763.2738	-1763.1335
102	102	-1072.622	-1060.9423	-1064.76	11.679757	-1068.9284	-1050.5286	-1050.5275
103	103	-1387.5029	-1334.9561	-1338.2304	52.546834	-1375.4288	-1326.2399	-1326.2401
104	104	-1231.6924	-1221.3595	-1224.8653	10.332927	-1228.151	-1211.4603	-1211.6941
105	105	-1198.3412	-1173.0169	-1176.304	25.324255	-1194.7705	-1164.0415	-1164.0415
106	106	-1089.5314	-1088.4114	-1091.5003	1.1199293	-1085.8559	-1074.0211	-1078.1061
107	107	-1247.2075	-1241.0878	-1244.3224	6.1196771	-1243.6482	-1231.9397	-1231.9387
108	108	-1550.0966	-1542.6529	-1546.1441	7.4436367	-1546.7041	-1533.3361	-1533.3327
109	109	-1209.1642	-1196.386	-1199.6601	12.778264	-1205.5785	-1187.2911	-1187.2908
110	110	-1412.2743	-1413.2222	-1415.9589	-0.94791823	-1408.8521	-1404.2267	-1404.2262
111	111	-1016.6567	-998.21081	-1002.2029	18.44593	-1012.9312	-986.77592	-986.77419
112	112	-1194.151	-1155.8787	-1159.1563	38.272312	-1178.2589	-1146.9389	-1146.9386
113	113	-965.13192	-952.66454	-956.12396	12.467387	-961.33894	-942.11832	-942.11893
114	114	-1079.4045	-1068.0411	-1071.3052	11.363427	-1075.7337	-1057.7179	-1058.7715
115	115	-1005.8759	-992.9806	-996.27027	12.895318	-1002.1559	-983.71003	-983.70976
116	116	-1086.5328	-1089.2968	-1090.7895	-2.7639821	-1082.8941	-1082.7741	-1082.752
117	117	-755.84124	-737.4548	-740.72262	18.386439	-751.84664	-727.77964	-727.87177
118	118	-1697.5366	-1690.8297	-1694.2866	6.7069018	-1689.0215	-1681.4371	-1681.7447
119	119	-1393.3986	-1374.5311	-1377.7435	18.867423	-1389.9363	-1364.8157	-1365.6297
120	120	-1251.4419	-1232.7916	-1236.2773	18.650284	-1247.92	-1223.1899	-1223.185
121	121	-1517.3336	-1516.285	-1519.7452	1.0486337	-1513.9297	-1500.1299	-1505.6357
122	122	-1294.2956	-1296.7274	-1298.5826	-2.4318076	-1290.7756	-1287.5899	-1288.5276
123	123	-978.44564	-971.95887	-975.26389	6.4867654	-974.70956	-961.16731	-962.61638
124	124	-1162.1186	-1134.3348	-1137.6198	27.783844	-1158.5095	-1125.2936	-1125.2937
125	125	-1210.7173	-1136.3653	-1140.2398	74.352001	-1194.5449	-1126.1775	-1126.1765
126	126	-1175.6952	-1141.4949	-1144.7853	34.200337	-1172.0739	-1132.0496	-1132.5238
127	127	-1391.5092	-1385.1087	-1389.1279	6.4004779	-1388.019	-1373.9884	-1374.2292
128	128	-1641.7171	-1625.8234	-1629.2944	15.89378	-1638.3935	-1616.0081	-1616.009
129	129	-932.292	-914.46956	-917.89343	17.822445	-928.4678	-903.90134	-903.90462
130	130	-889.28909	-855.67035	-858.97441	33.618738	-885.41311	-844.75562	-846.26478
131	131	-1532.9161	-1534.1542	-1536.8696	-1.2381553	-1529.5151	-1522.4706	-1524.0124
132	132	-840.38896	-814.93563	-818.18706	25.453333	-836.50398	-805.51632	-805.51602
133	133	-1155.8213	-1153.7087	-1156.8791	2.1125534	-1152.1934	-1141.0352	-1144.4616
134	134	-709.37954	-673.25872	-676.53153	36.12082	-705.27201	-663.60299	-663.60305
135	135	-866.91564	-869.66095	-871.17333	-2.7453185	-863.07562	-858.86872	-862.39643
136	136	-1007.0366	-986.95253	-990.4716	20.084085	-1003.3278	-976.41868	-976.41883
137	137	-1772.204	-1762.5895	-1766.9324	9.6145149	-1768.9569	-1749.6472	-1750.3405
138	138	-1458.3962	-1461.1453	-1462.6418	-2.7491103	-1454.9752	-1451.981	-1453.4755
139	139	-1734.29	-1733.5517	-1737.2847	0.73831311	-1731.0395	-1720.2478	-1723.3495
140	140	-902.99632	-874.79021	-878.92863	28.206111	-899.14106	-863.82094	-863.81433
141	141	-1141.9777	-1118.1962	-1121.4659	23.781533	-1138.3483	-1108.7339	-1109.1003
142	142	-1309.4453	-1300.8658	-1304.158	8.5794607	-1305.9165	-1291.3512	-1291.8269
143	143	-1135.2353	-1108.2674	-1111.8389	26.967881	-1131.6042	-1098.4324	-1098.4323
144	144	-1302.0214	-1304.75	-1306.2228	-2.7285826	-1298.4657	-1288.789	-1296.3513
145	145	-1157.7579	-1147.9907	-1151.2576	9.7671786	-1154.154	-1138.8261	-1138.8267
146	146	-736.66791	-709.37458	-712.66562	27.293328	-732.6325	-699.7827	-699.78308
147	147	-1150.6789	-1120.0636	-1123.3483	30.615333	-1147.0605	-1111.0211	-1111.0205
148	148	-1118.3606	-1105.8312	-1109.0908	12.529399	-1114.7647	-1096.6807	-1096.6807
149	149	-1069.1233	-1048.3332	-1051.6076	20.790046	-1065.4502	-1039.1303	-1039.1307
150	150	-1136.0058	-1123.3671	-1126.6709	12.638689	-1132.3765	-1114.194	-1114.1897
151	151	-1431.0966	-1410.9747	-1415.1159	20.121822	-1416.0414	-1401.1681	-1401.1635
152	152	-830.26692	-812.63335	-815.89062	17.633573	-826.38118	-803.13112	-803.1311
153	153	-956.40081	-927.09844	-930.36304	29.302373	-952.63229	-917.81353	-917.81389
154	154	-904.32082	-869.81626	-873.10002	34.504562	-900.50043	-860.50144	-860.50348
155	155	-1275.1899	-1261.3625	-1264.3043	13.827402	-1271.6342	-1247.2104	-1252.3488
156	156	-954.59089	-951.89244	-955.14962	2.6984497	-950.84248	-942.44777	-942.44865
157	157	-1502.1552	-1483.2115	-1486.4794	18.943644	-1498.7401	-1473.8117	-1474.0552
158	158	-767.38276	-721.89141	-725.19249	45.491349	-763.40926	-712.36649	-712.3669
159	159	-1120.5666	-1083.8597	-1087.1148	36.706882	-1116.9224	-1074.7847	-1074.7849
160	160	-1333.087	-1316.489	-1320.0181	16.597976	-1329.5833	-1307.5541	-1307.5439
161	161	-1122.7067	-1114.267	-1119.2927	8.4397164	-1119.0774	-1102.6756	-1103.6068
162	162	-1540.7503	-1524.7098	-1528.2117	16.040497	-1537.3515	-1515.554	-1515.5554
163	163	-1034.0319	-1023.2782	-1026.9265	10.753759	-1030.2913	-1013.5799	-1013.5796
164	164	-1106.9779	-1077.7597	-1081.1033	29.218149	-1103.3304	-1068.7062	-1068.7061
165	165	-719.80008	-703.13121	-706.7162	16.668875	-715.793	-691.8474	-692.04146
166	166	-825.20969	-803.92288	-807.23375	21.286804	-821.25429	-794.42139	-794.42039
167	167	-1734.5573	-1717.5281	-1720.8586	17.029214	-1731.2932	-1705.5504	-1708.3948
168	168	-1073.9315	-1076.0229	-1077.9926	-2.0913668	-1070.2424	-1061.3607	-1065.7931
169	169	-1266.8266	-1262.4417	-1265.0187	4.3848513	-1263.2979	-1244.6301	-1251.7624
170	170	-1142.8524	-1142.9177	-1145.9708	-0.065323177	-1139.2513	-1133.0796	-1133.6469
171	171	-1384.4066	-1378.3653	-1381.6258	6.0413263	-1380.9425	-1368.5304	-1369.36
172	172	-803.52181	-787.29203	-790.57878	16.229781	-799.57441	-777.74755	-777.7478
173	173	-1067.4561	-1025.6021	-1028.8594	41.854032	-1063.7669	-1016.4809	-1016.4805
174	174	-1234.9343	-1227.7552	-1231.2159	7.1790902	-1231.3673	-1218.1319	-1218.1216
175	175	-1335.3109	-1332.0378	-1335.657	3.273065	-1331.7998	-1321.354	-1321.354
176	176	-942.79596	-924.63415	-928.54944	18.161812	-938.99518	-914.00778	-914.00796
177	177	-1369.0263	-1354.3672	-1357.6521	14.659029	-1365.5772	-1343.6843	-1343.688
178	178	-1007.6858	-966.24573	-969.49182	41.440104	-1003.9551	-957.03347	-957.0342
179	179	-1288.8717	-1281.6085	-1284.8831	7.2631671	-1285.3149	-1272.5611	-1272.5616
180	180	-1130.8957	-1113.4907	-1117.0657	17.405062	-1127.2573	-1102.9704	-1102.9625
181	181	-804.27253	-793.67045	-796.92919	10.602077	-800.34311	-783.45609	-784.06391
182	182	-1080.3144	-1061.0084	-1064.5895	19.305987	-1076.6466	-1050.0054	-1051.55
183	183	-1631.5893	-1623.7813	-1627.0927	7.808008	-1628.2321	-1605.9663	-1615.0808
184	184	-1391.3291	-1380.1324	-1383.3519	11.196657	-1387.8419	-1371.1278	-1371.1282
185	185	-1226.4783	-1209.9394	-1213.5524	16.538877	-1222.9246	-1198.7559	-1198.7531
186	186	-1026.5923	-1011.6886	-1015.2732	14.90373	-1022.8845	-1001.2803	-1001.2772
187	187	-1510.0721	-1497.5058	-1501.7104	12.566367	-1506.6525	-1487.0005	-1487.1361
188	188	-909.00747	-877.70506	-881.02943	31.30241	-905.1794	-868.34336	-868.34286
189	189	-1039.8247	-1029.7811	-1033.0694	10.043597	-1036.1322	-1020.4988	-1020.4861
190	190	-1902.0191	-1890.5105	-1893.6995	11.508628	-1898.799	-1880.0121	-1881.9218
191	191	-931.4959	-916.28157	-919.56073	15.214324	-927.69207	-906.86818	-906.86987
192	192	-1314.8935	-1297.9981	-1301.2804	16.895476	-1311.3275	-1288.9543	-1288.946
193	193	-1339.95	-1333.0746	-1336.3198	6.8754337	-1336.395	-1323.0362	-1323.9928
194	194	-1015.8685	-983.80917	-987.08748	32.059335	-1012.1737	-974.67075	-974.67191
195	195	-1059.5053	-1044.5306	-1049.6048	14.974708	-1055.8273	-1032.9016	-1032.8971
196	196	-770.24511	-744.64366	-747.90667	25.601455	-766.26768	-735.09865	-735.10046
197	197	-1147.8137	-1150.5369	-1152.0397	-2.7231996	-1144.2043	-1143.4481	-1143.0006
198	198	-1319.5572	-1319.2339	-1322.5735	0.32324229	-1316.0516	-1310.4344	-1310.4332
199	199	-1031.1921	-999.48834	-1003.044	31.70372	-1027.4872	-990.11849	-990.11088
200	200	-1170.6951	-1157.2916	-1160.5783	13.403505	-1167.1057	-1146.9218	-1148.171
201	201	-1461.5776	-1463.5328	-1465.7185	-1.9552167	-1458.1582	-1450.4754	-1454.2115
202	202	-995.4029	-974.4287	-978.41211	20.974194	-991.69547	-963.94739	-963.92829
203	203	-1289.5815	-1278.0465	-1281.5758	11.535024	-1285.9758	-1268.3833	-1268.3791
204	204	-1256.7372	-1248.4649	-1252.215	8.2722833	-1253.2348	-1238.4218	-1238.4217
205	205	-1203.6762	-1185.647	-1189.223	18.029175	-1200.0704	-1175.9013	-1175.8941
206	206	-918.58039	-895.1175	-898.40084	23.462887	-914.74912	-885.76474	-885.76439
207	207	-1743.3272	-1731.1906	-1734.5083	12.136623	-1740.0126	-1721.5762	-1721.556
208	208	-1342.9898	-1332.5468	-1335.8255	10.443	-1339.4394	-1323.5096	-1323.511
209	209	-1157.9835	-1141.7046	-1145.27	16.27894	-1154.3873	-1132.4583	-1132.4442
210	210	-965.9242	-949.37469	-952.19592	16.549511	-962.13097	-936.68537	-940.00994
211	211	-687.04156	-632.09548	-635.38264	54.946085	-682.97086	-622.45384	-622.45325
212	212	-813.75489	-799.89309	-803.21018	13.861797	-809.83803	-790.39608	-790.39598
213	213	-1397.9049	-1368.3873	-1371.6021	29.517615	-1384.4698	-1359.5627	-1359.5605
214	214	-964.40708	-954.26013	-958.35803	10.146945	-960.63391	-943.5478	-943.51055
215	215	-1711.6908	-1703.8767	-1707.1345	7.814121	-1708.4159	-1690.5067	-1695.34
216	216	-868.9991	-867.08107	-870.40064	1.9180307	-865.13475	-855.69417	-857.54187
217	217	-839.27945	-812.41912	-815.66735	26.86033	-835.34103	-802.92181	-802.92178
218	218	-1507.7865	-1498.9646	-1502.4604	8.8218791	-1504.3978	-1488.4537	-1488.3936
219	219	-740.60229	-740.82255	-744.52575	-0.22025691	-736.61388	-729.18756	-729.17849
220	220	-1434.2286	-1421.8564	-1425.1425	12.37224	-1430.7945	-1412.2506	-1412.2457
221	221	-969.87107	-947.46436	-951.35853	22.406713	-966.11122	-936.90476	-936.90464
222	222	-1568.3416	-1543.2663	-1546.9516	25.075234	-1564.9814	-1533.5958	-1533.5905
223	223	-916.4934	-872.66306	-875.94664	43.830343	-899.09723	-863.40844	-863.40876
224	224	-945.0727	-922.83338	-925.93634	22.239322	-941.28223	-910.91263	-913.50937
225	225	-1500.9111	-1502.9385	-1504.7965	-2.0273518	-1497.5185	-1488.7662	-1493.2615
226	226	-1629.5428	-1623.569	-1626.888	5.9737998	-1626.2	-1613.6412	-1614.7861
227	227	-900.96801	-882.18991	-887.3035	18.778099	-897.13137	-869.89314	-869.88891
228	228	-1003.941	-1000.093	-1003.3617	3.8480453	-1000.217	-989.54841	-990.74362
229	229	-1171.4438	-1133.5618	-1137.0428	37.881926	-1160.8088	-1124.6468	-1124.6464
230	230	-924.87168	-923.51362	-927.08872	1.358063	-921.04392	-910.95017	-912.68038
231	231	-1265.5314	-1262.7211	-1266.4646	2.8103014	-1261.9846	-1252.611	-1252.6018
232	232	-775.00899	-752.5988	-755.90239	22.410182	-771.0386	-743.09653	-743.09525
233	233	-991.20267	-972.84222	-975.40381	18.360447	-987.45805	-959.86102	-963.53772
234	234	-1374.5171	-1350.8882	-1354.1634	23.62887	-1371.0134	-1342.0223	-1342.0234
235	235	-909.66764	-883.20507	-886.51607	26.462577	-905.82531	-873.83373	-873.83474
236	236	-1213.2445	-1171.0694	-1175.2716	42.175113	-1209.6858	-1160.3605	-1160.3591
237	237	-1235.2801	-1234.2364	-1237.5346	1.0437162	-1231.7003	-1225.046	-1225.0457
238	238	-703.55775	-690.091	-693.13943	13.466744	-699.52792	-677.77407	-680.39239
239	239	-988.76465	-966.72667	-970.37636	22.037974	-984.98067	-956.5046	-956.49481
240	240	-1555.8948	-1555.1537	-1558.8659	0.74115832	-1552.5122	-1537.4557	-1545.8315
241	241	-761.22326	-735.39414	-738.66877	25.829119	-757.23869	-725.84945	-725.84923
242	242	-1183.4909	-1174.0418	-1177.585	9.4491158	-1179.9099	-1163.0539	-1164.6517
243	243	-995.82517	-962.30356	-965.58154	33.521619	-992.08961	-953.08425	-953.08358
244	244	-1399.5366	-1394.198	-1397.2658	5.3385965	-1396.0696	-1384.2521	-1384.2409
245	245	-1110.0187	-1100.7513	-1104.005	9.2673875	-1106.3575	-1091.4889	-1091.4905
246	246	-1320.5904	-1318.8737	-1321.9436	1.7166833	-1317.0807	-1309.0842	-1309.0772
247	247	-767.21161	-735.47841	-738.73579	31.733197	-763.22211	-725.92253	-725.92275
248	248	-904.26579	-878.8039	-881.95339	25.461892	-900.44566	-867.51977	-869.45348
249	249	-1951.0628	-1951.7936	-1955.3106	-0.73085277	-1947.8781	-1942.6381	-1942.6323
250	250	-1073.4004	-1048.0527	-1051.5959	25.34769	-1069.7433	-1038.7362	-1038.7169
251	251	-1441.0823	-1441.0659	-1444.8904	0.016483068	-1437.6275	-1428.2967	-1429.3184
252	252	-1039.9165	-1015.3493	-1018.9996	24.567183	-1036.2292	-1005.3455	-1005.3462
253	253	-1040.9878	-1032.4125	-1036.3678	8.5753498	-1037.292	-1021.9936	-1021.9846
254	254	-1198.8289	-1164.7893	-1168.0643	34.039651	-1195.2168	-1155.7914	-1155.7941
255	255	-1383.771	-1363.8133	-1367.2331	19.957729	-1380.284	-1354.6423	-1354.6415
256	256	-1113.6393	-1111.1308	-1114.6479	2.5085755	-1110.0225	-1100.703	-1100.6932
257	257	-866.79009	-848.72339	-852.69799	18.066699	-862.89911	-837.91074	-837.91134
258	258	-1076.6674	-1079.1006	-1080.81	-2.4332265	-1073.0099	-1070.2172	-1070.2276
259	259	-830.22581	-797.14084	-800.46659	33.08497	-826.28189	-787.6988	-787.69752
260	260	-1118.2417	-1099.4115	-1103.965	18.830265	-1114.5903	-1089.1318	-1089.1308
261	261	-1166.0882	-1147.9505	-1151.3979	18.13772	-1162.4965	-1137.3265	-1138.5434
262	262	-1146.192	-1090.3125	-1093.6002	55.879575	-1140.3693	-1081.3657	-1081.3659
263	263	-971.49782	-949.54198	-953.16126	21.955836	-967.72326	-939.82582	-939.82265
264	264	-809.93917	-773.0376	-776.29059	36.90157	-805.975	-763.56313	-763.56286
265	265	-1259.3024	-1241.3283	-1244.5913	17.974066	-1255.7642	-1232.3263	-1232.3313
266	266	-1305.926	-1295.1087	-1298.3734	10.817311	-1302.4203	-1286.0988	-1286.0998
267	267	-989.49542	-971.73865	-975.00887	17.756778	-985.75565	-962.47419	-962.47576
268	268	-1170.14	-1172.8788	-1174.3755	-2.7388088	-1166.565	-1166.9826	-1166.9826
269	269	-1041.9042	-1034.4608	-1038.0314	7.4434287	-1038.2515	-1024.3858	-1024.375
270	270	-858.40174	-851.03509	-854.55908	7.3666482	-854.5217	-840.5117	-840.51323
271	271	-1661.7499	-1663.8998	-1665.9445	-2.1499271	-1658.4384	-1650.6832	-1654.1399
272	272	-891.92441	-860.43593	-863.74727	31.488479	-888.11384	-851.11555	-851.11629
273	273	-1129.9891	-1119.5403	-1122.837	10.44877	-1126.3881	-1110.3863	-1110.3866
274	274	-1073.3542	-1042.1761	-1045.4383	31.178098	-1069.6754	-1033.0512	-1033.0494
275	275	-1030.6894	-999.11959	-1002.652	31.569802	-1027.0032	-988.36299	-989.78769
276	276	-1002.0414	-993.47149	-996.74751	8.569934	-998.33531	-984.16469	-984.16564
277	277	-1085.2272	-1067.0176	-1070.2964	18.209659	-1081.5616	-1057.8429	-1057.8427
278	278	-1600.8769	-1585.9508	-1589.2537	14.926164	-1597.5085	-1577.1787	-1577.1791
279	279	-1402.2533	-1372.6982	-1376.2146	29.5551	-1393.0558	-1363.4861	-1363.4872
280	280	-1650.6779	-1642.4158	-1646.551	8.2620713	-1647.3349	-1632.3571	-1632.4567
281	281	-1208.1038	-1207.0744	-1210.624	1.0293446	-1204.5643	-1196.8576	-1197.6864
282	282	-1653.5911	-1622.1507	-1625.9276	31.440413	-1642.4785	-1610.1069	-1611.8323
283	283	-1003.7345	-988.25575	-993.30266	15.478729	-1000.0095	-976.43114	-976.43199
284	284	-923.22136	-917.56339	-920.87391	5.657968	-919.42144	-906.28694	-908.12853
285	285	-1309.7085	-1306.5073	-1310.0659	3.2011993	-1306.198	-1296.9208	-1296.9039
286	286	-1123.7021	-1123.3835	-1126.4736	0.31854476	-1120.0934	-1112.2996	-1114.1496
287	287	-1180.1579	-1156.8103	-1160.3579	23.34764	-1176.5402	-1146.6004	-1147.0492
288	288	-1697.3636	-1679.3665	-1682.6645	17.997158	-1683.7786	-1670.7362	-1670.7362
289	289	-1071.0452	-1033.1421	-1036.4024	37.903083	-1067.3967	-1024.0663	-1024.0652
290	290	-1879.1071	-1861.9139	-1865.1686	17.193183	-1870.5119	-1853.0506	-1853.0184
291	291	-1492.737	-1488.0174	-1491.5286	4.7195582	-1489.3262	-1479.0916	-1479.0822
292	292	-1565.2644	-1538.8986	-1542.1743	26.365763	-1548.8636	-1530.204	-1530.2038
293	293	-969.45367	-971.91715	-973.44733	-2.4634783	-965.68839	-958.91886	-961.95494
294	294	-987.45785	-953.64332	-956.92835	33.814537	-983.70997	-944.41237	-944.41177
295	295	-1903.7272	-1903.1615	-1906.2472	0.56574174	-1900.5295	-1887.5226	-1892.626
296	296	-831.99865	-831.75962	-834.84112	0.23902929	-828.11143	-822.1372	-822.13762
297	297	-1215.8766	-1207.1886	-1210.0267	8.6880622	-1212.2956	-1191.9522	-1196.131
298	298	-1851.6111	-1851.1588	-1854.1234	0.45230337	-1848.3743	-1839.4595	-1841.705
299	299	-1524.4539	-1511.3109	-1514.8221	13.142963	-1521.0345	-1500.995	-1500.9529
300	300	-1893.5033	-1896.2489	-1897.7414	-2.7455902	-1890.2998	-1890.1414	-1889.8373
301	301	-1467.501	-1437.1479	-1440.4135	30.353131	-1459.2495	-1428.3847	-1428.3847
302	302	-1343.4751	-1325.2802	-1328.6261	18.194917	-1339.9687	-1313.7952	-1315.9476
303	303	-1167.9449	-1151.7139	-1155.0152	16.23095	-1164.3515	-1142.6249	-1142.6243
304	304	-981.3932	-977.16128	-980.43501	4.2319245	-977.61048	-967.74917	-967.74917
305	305	-1273.5685	-1258.0185	-1261.3006	15.549942	-1270.0391	-1249.0228	-1249.0242
306	306	-1191.199	-1182.3222	-1185.8709	8.8768243	-1187.6356	-1171.3261	-1172.5291
307	307	-934.57943	-859.46544	-862.71695	75.113988	-930.76598	-849.60313	-850.23148
308	308	-1262.3646	-1243.8074	-1247.3811	18.557133	-1258.8126	-1233.4933	-1233.4859
309	309	-1135.5612	-1133.4722	-1136.7557	2.0890432	-1131.9188	-1122.6747	-1124.2388
310	310	-782.9837	-751.53208	-754.75409	31.451624	-778.97862	-741.93476	-741.93531
311	311	-1061.5041	-1048.224	-1054.157	13.280101	-1057.8618	-1039.0458	-1039.0458
312	312	-701.78445	-687.29476	-691.07088	14.489697	-697.73782	-676.64846	-676.64484
313	313	-1273.131	-1249.074	-1252.5786	24.056935	-1269.586	-1240.1599	-1240.1645
314	314	-798.04917	-770.19745	-773.24639	27.85172	-794.09578	-758.05668	-760.68739
315	315	-572.04067	-565.46853	-568.74578	6.5721394	-567.79078	-554.43291	-555.41328
316	316	-936.83995	-929.14511	-932.40873	7.6948394	-933.04729	-917.57284	-919.68664
317	317	-1468.8634	-1462.2182	-1465.568	6.6452091	-1465.4273	-1449.8686	-1451.6157
318	318	-979.6527	-982.40301	-983.90874	-2.7503072	-975.95011	-973.66357	-975.42337
319	319	-1847.8327	-1816.4143	-1819.7055	31.418468	-1832.5756	-1807.9355	-1807.9368
320	320	-696.84956	-670.18213	-673.48741	26.667436	-692.76747	-660.4903	-660.49336
321	321	-927.18574	-875.53684	-878.80952	51.648902	-923.35731	-866.2759	-866.27455
322	322	-1208.5382	-1198.3484	-1201.6359	10.189748	-1205.0032	-1189.2814	-1189.2793
323	323	-1113.7972	-1113.2612	-1116.5372	0.53595451	-1110.1815	-1104.0121	-1104.013
324	324	-1390.5099	-1387.8278	-1391.2261	2.6820918	-1387.0069	-1375.6354	-1377.1944
325	325	-1577.471	-1565.7761	-1569.078	11.694923	-1567.5583	-1555.8341	-1556.4334
326	326	-1286.3498	-1262.5767	-1266.1775	23.773083	-1282.7832	-1252.3485	-1252.3459
327	327	-877.37964	-877.26695	-880.35095	0.11269814	-873.50591	-867.6882	-867.68769
328	328	-976.89768	-957.49574	-961.38015	19.401938	-973.13288	-945.6325	-946.879
329	329	-1232.8359	-1198.0192	-1201.2855	34.816625	-1229.2875	-1189.0928	-1189.0924
330	330	-926.61428	-922.84669	-926.1425	3.7675902	-922.81632	-913.37332	-913.37575
331	331	-1239.3422	-1222.8769	-1226.4043	16.4653	-1235.8007	-1213.2494	-1213.2477
332	332	-1170.4903	-1145.8176	-1149.5598	24.672724	-1166.9205	-1135.6089	-1135.6081
333	333	-1177.0942	-1161.7413	-1165.0336	15.352951	-1173.5187	-1152.6586	-1152.6586
334	334	-744.3239	-717.68007	-720.98708	26.643835	-740.3308	-708.1513	-708.15204
335	335	-1361.5248	-1356.5844	-1360.2697	4.9404078	-1358.0106	-1343.2052	-1346.6176
336	336	-1192.432	-1153.8548	-1157.3634	38.577173	-1188.8872	-1144.3589	-1144.3503
337	337	-1302.6453	-1287.1597	-1290.6357	15.485536	-1299.1253	-1278.1558	-1278.0071
338	338	-1244.3093	-1232.5221	-1236.0057	11.787207	-1240.7669	-1222.2328	-1222.2268
339	339	-1983.2405	-1983.1708	-1987.4447	0.069704169	-1979.4193	-1975.4867	-1975.4099
340	340	-1410.426	-1387.1819	-1390.4779	23.244085	-1406.94	-1378.309	-1378.309
341	341	-1469.8085	-1423.3421	-1426.7931	46.466437	-1457.5197	-1414.4611	-1414.4578
342	342	-988.28238	-964.51009	-968.14174	23.772293	-984.53251	-954.92682	-954.92385
343	343	-1382.0442	-1364.418	-1367.891	17.626256	-1378.5386	-1354.3146	-1354.9697
344	344	-870.56718	-864.09103	-867.37271	6.476155	-866.70036	-854.51139	-854.51091
345	345	-1479.5365	-1482.1169	-1483.7839	-2.5803678	-1476.0894	-1476.0033	-1475.3413
346	346	-791.00333	-715.66555	-719.29571	75.337786	-787.02925	-705.8032	-705.79717
347	347	-754.95022	-745.41402	-748.68446	9.5362013	-750.95907	-735.78979	-735.78915
348	348	-1066.0386	-1062.9244	-1066.217	3.1142676	-1062.3587	-1052.5273	-1053.6135
349	349	-1309.0544	-1294.317	-1297.5545	14.737432	-1305.5262	-1285.3307	-1285.3307
350	350	-1240.6773	-1219.2188	-1222.9456	21.458523	-1237.1319	-1207.7016	-1207.7006
351	351	-1011.4462	-983.54558	-986.82745	27.900606	-1007.7307	-974.35475	-974.35466
352	352	-1340.077	-1308.4174	-1311.7762	31.659561	-1326.9395	-1295.3589	-1298.0913
353	353	-1210.2785	-1190.5124	-1193.7992	19.766087	-1206.6791	-1181.4801	-1181.4786
354	354	-1256.6811	-1254.5292	-1257.8306	2.1518709	-1253.1618	-1245.4195	-1245.4196
355	355	-1249.2471	-1233.4583	-1235.2107	15.788786	-1245.6687	-1218.32	-1224.4663
356	356	-982.99497	-938.24852	-941.53034	44.74645	-972.17602	-929.08991	-929.08956
357	357	-1292.0627	-1277.2192	-1280.4984	14.843576	-1288.5153	-1268.2329	-1268.2332
358	358	-1351.3782	-1337.8381	-1341.3439	13.540055	-1347.8933	-1326.9921	-1326.94
359	359	-1460.3723	-1440.9348	-1444.2298	19.437554	-1456.9268	-1430.4065	-1432.0529
360	360	-1377.0319	-1351.4957	-1354.8205	25.536183	-1373.5402	-1342.4501	-1342.4496
361	361	-1042.8828	-993.97694	-997.25455	48.905847	-1039.1817	-984.88161	-984.88231
362	362	-1439.8464	-1438.59	-1441.878	1.2563942	-1436.3911	-1426.856	-1429.5573
363	363	-1327.7532	-1320.7342	-1324.2471	7.0189773	-1324.2102	-1311.0001	-1310.9984
364	364	-900.80847	-866.55311	-869.83761	34.255358	-896.99543	-857.25338	-857.25271
365	365	-881.66991	-824.84156	-828.14708	56.828354	-877.84466	-815.5827	-815.58
366	366	-1008.4942	-975.59401	-978.86522	32.900229	-1004.7975	-966.43851	-966.43823
367	367	-1074.7442	-1063.005	-1066.2854	11.739142	-1071.0703	-1053.7685	-1053.7697
368	368	-831.44716	-826.09675	-829.41238	5.3504118	-827.54306	-816.52649	-816.52831
369	369	-1220.2408	-1210.103	-1213.3778	10.137825	-1216.649	-1200.3975	-1201.02
370	370	-1079.7858	-1063.6546	-1067.2393	16.131252	-1076.1222	-1054.1526	-1054.1552
371	371	-1350.7563	-1338.6136	-1341.9176	12.142635	-1347.2752	-1327.2026	-1328.2595
372	372	-1642.4826	-1634.9851	-1638.2388	7.4975261	-1639.127	-1626.1275	-1626.1272
373	373	-859.32699	-842.38489	-846.06039	16.942095	-855.4633	-832.35273	-832.35239
374	374	-1119.3757	-1106.442	-1109.7261	12.933693	-1115.7362	-1097.2527	-1097.2536
375	375	-1257.7089	-1260.4561	-1261.9254	-2.7472584	-1254.1594	-1253.8033	-1254.5316
376	376	-1046.1005	-1034.077	-1037.3286	12.023469	-1042.3946	-1024.8111	-1024.8111
377	377	-1048.0098	-1029.1399	-1034.957	18.869925	-1044.3278	-1014.1236	-1016.0652
378	378	-1391.0703	-1371.9655	-1375.509	19.104874	-1387.5895	-1360.9265	-1360.9564
379	379	-1295.2447	-1248.5894	-1251.8751	46.655303	-1279.3283	-1239.7855	-1239.7843
380	380	-1351.4001	-1314.8205	-1318.0332	36.57954	-1337.4751	-1304.1125	-1306.0351
381	381	-871.12249	-833.65259	-837.39381	37.469905	-867.26317	-823.2217	-823.21735
382	382	-1070.1522	-1056.1548	-1059.42	13.997416	-1066.4692	-1046.9184	-1046.9186
383	383	-1213.0898	-1202.7092	-1206.9011	10.380556	-1209.4861	-1192.2591	-1192.2592
384	384	-1068.9095	-1050.5569	-1053.8465	18.352655	-1065.2187	-1041.3862	-1041.3851
385	385	-1775.4131	-1776.5798	-1779.4762	-1.166663	-1772.1454	-1758.6744	-1766.462
386	386	-1201.7835	-1184.973	-1188.2607	16.810521	-1198.2293	-1174.8426	-1175.9425
387	387	-984.55325	-977.81256	-981.11755	6.7406878	-980.78981	-968.42262	-968.42342
388	388	-895.01552	-895.53745	-898.492	-0.52193008	-891.1903	-882.08313	-884.7403
389	389	-907.06697	-889.53108	-892.80489	17.535894	-903.24898	-880.14783	-880.14856
390	390	-903.19855	-889.56551	-892.84888	13.633042	-899.35615	-879.96923	-880.09613
391	391	-982.83843	-985.54869	-987.07322	-2.710267	-979.07183	-978.60384	-977.83346
392	392	-1088.8538	-1049.4818	-1052.7665	39.371992	-1085.1781	-1040.4109	-1040.4119
393	393	-1527.2035	-1522.8836	-1526.6688	4.3199057	-1523.8074	-1508.6945	-1512.3754
394	394	-980.78513	-976.23034	-979.51363	4.5547927	-977.03228	-966.78759	-966.78683
395	395	-1303.0828	-1305.7296	-1307.3827	-2.6468431	-1299.5995	-1296.0861	-1296.4574
396	396	-2232.8162	-2223.2776	-2226.7212	9.5385981	-2214.9705	-2213.0195	-2213.6639
397	397	-1243.6648	-1239.3395	-1242.6317	4.3252837	-1240.1214	-1230.2181	-1230.2178
398	398	-697.2055	-674.17755	-677.46536	23.027958	-693.13569	-664.49496	-664.49439
399	399	-1302.5153	-1288.8815	-1292.406	13.633745	-1298.956	-1279.8182	-1279.8152
400	400	-890.7456	-858.48116	-861.7851	32.264435	-886.90258	-849.14154	-849.14189
401	401	-1103.2679	-1052.948	-1056.4886	50.3199	-1099.63	-1043.3049	-1043.3047
402	402	-1608.7318	-1605.536	-1608.8231	3.1958276	-1605.3441	-1596.4766	-1596.6145
403	403	-1052.7286	-1033.5986	-1037.0814	19.13002	-1049.0515	-1023.1902	-1023.1886
404	404	-961.79528	-947.7789	-951.06663	14.016381	-958.01875	-937.85322	-938.41327
405	405	-1572.4205	-1572.7971	-1576.2319	-0.37660885	-1569.0175	-1562.227	-1562.3238
406	406	-932.78306	-919.69579	-922.96345	13.087262	-928.97078	-910.26977	-910.27159
407	407	-594.81644	-573.68407	-576.96724	21.132365	-590.60756	-563.74188	-563.74197
408	408	-1190.3273	-1186.8832	-1190.16	3.4440771	-1186.711	-1176.7087	-1177.6858
409	409	-1276.8712	-1263.5083	-1266.7801	13.362823	-1273.3339	-1254.1742	-1254.1857
410	410	-1851.024	-1852.7749	-1855.2861	-1.7509368	-1847.8203	-1842.7306	-1843.4341
411	411	-1229.0185	-1226.3581	-1229.8423	2.6603546	-1225.4811	-1215.7953	-1215.7753
412	412	-1146.6103	-1109.0408	-1112.3398	37.569431	-1143.0043	-1100.0637	-1100.0639
413	413	-879.70484	-865.47549	-868.75431	14.229346	-875.83372	-856.01818	-856.01726
414	414	-1374.3468	-1356.3274	-1359.6124	18.019365	-1370.8567	-1347.4406	-1347.4403
415	415	-772.00151	-764.97499	-768.25714	7.0265201	-767.98068	-755.28499	-755.28513
416	416	-1186.1608	-1165.993	-1169.2787	20.167769	-1182.5678	-1156.9216	-1156.9223
417	417	-737.5394	-727.9728	-731.25378	9.5665994	-733.54393	-718.314	-718.31334
418	418	-867.69397	-860.72949	-865.28354	6.9644812	-863.79132	-846.81224	-849.23548
419	419	-1635.5025	-1621.8816	-1625.1669	13.620874	-1632.2019	-1613.1505	-1613.1505
420	420	-1333.8315	-1308.9264	-1312.5742	24.905136	-1330.2949	-1298.7322	-1298.7197
421	421	-1056.885	-1044.0726	-1046.3059	12.812389	-1053.2047	-1028.4686	-1033.7036
422	422	-1377.4457	-1357.9932	-1361.216	19.452498	-1373.9767	-1349.1142	-1349.1273
423	423	-781.43177	-753.22489	-756.53536	28.206875	-777.46378	-743.71588	-743.71675
424	424	-988.19739	-962.70406	-966.00376	25.493326	-984.46572	-953.47289	-953.47345
425	425	-1207.9343	-1154.5771	-1158.2435	53.35721	-1204.3589	-1141.3506	-1144.352
426	426	-1305.3647	-1276.4681	-1280.0175	28.896578	-1290	-1267.097	-1267.088
427	427	-1158.7461	-1154.7853	-1158.3577	3.9607691	-1155.1334	-1143.9196	-1145.7228
428	428	-991.66822	-968.62993	-971.91766	23.038292	-987.94727	-959.39682	-959.39717
429	429	-1232.3876	-1234.6154	-1236.487	-2.227781	-1228.8391	-1225.1881	-1225.6993
430	430	-1582.2471	-1558.6122	-1561.8914	23.634898	-1578.8742	-1548.9699	-1549.868
431	431	-660.83786	-628.75155	-632.03984	32.086314	-656.71219	-618.9583	-618.95777
432	432	-925.90485	-908.37259	-911.67657	17.532267	-922.08422	-898.97702	-898.97841
433	433	-985.83732	-966.63935	-969.92361	19.197967	-982.05814	-957.31408	-957.31265
434	434	-1374.7098	-1375.2033	-1378.1399	-0.49343388	-1371.1821	-1363.1334	-1366.0488
435	435	-1066.7483	-1038.3049	-1041.5767	28.443361	-1063.0986	-1029.1742	-1029.174
436	436	-896.48418	-867.19016	-870.88033	29.294019	-892.64163	-856.79836	-856.79563
437	437	-1684.6327	-1684.609	-1688.2829	0.023698066	-1681.3214	-1671.5119	-1674.5351
438	438	-1378.8328	-1336.0313	-1339.3145	42.801477	-1375.308	-1327.2874	-1327.2878
439	439	-1220.8223	-1194.2106	-1200.1444	26.611638	-1217.2274	-1184.021	-1184.2546
440	440	-1453.1726	-1442.0327	-1445.5092	11.139915	-1449.6876	-1433.0633	-1433.0515
441	441	-735.85057	-736.05543	-739.03403	-0.20486295	-731.77545	-726.2533	-726.2529
442	442	-1234.8005	-1230.2991	-1233.829	4.5013974	-1231.2626	-1219.9603	-1219.9617
443	443	-1047.948	-1027.0925	-1030.3647	20.855558	-1044.2789	-1017.9249	-1017.9261
444	444	-1140.5117	-1130.7459	-1134.0179	9.7657315	-1136.8947	-1121.5864	-1121.5871
445	445	-1150.1173	-1138.9615	-1142.8613	11.155848	-1146.47	-1128.7778	-1128.6981
446	446	-1168.2756	-1126.4827	-1130.3223	41.792839	-1164.677	-1116.1543	-1116.1512
447	447	-713.29244	-650.02671	-653.29674	63.265733	-709.21033	-640.40712	-640.40615
448	448	-869.61795	-841.7453	-845.01632	27.872655	-865.74545	-832.32483	-832.32496
449	449	-1031.1543	-1002.9721	-1006.2177	28.182242	-1027.4312	-992.73524	-993.75437
450	450	-989.69924	-970.57136	-973.86191	19.127887	-985.93805	-961.25682	-961.25633
451	451	-1166.0625	-1168.3418	-1170.225	-2.2793044	-1162.4918	-1160.2013	-1160.3398
452	452	-861.68768	-864.42936	-865.94744	-2.7416796	-857.82083	-858.23879	-858.23964
453	453	-793.37604	-762.60697	-765.89605	30.769076	-789.41125	-753.11077	-753.11017
454	454	-1393.6986	-1375.7495	-1379.4501	17.949067	-1390.2505	-1365.8083	-1365.8085
455	455	-739.61662	-694.67105	-697.94225	44.94557	-735.56274	-685.09136	-685.0939
456	456	-2096.5682	-2089.7479	-2093.8314	6.8202906	-2093.435	-2079.7843	-2080.732
457	457	-1366.5077	-1329.2418	-1334.2811	37.265838	-1362.9839	-1318.6442	-1318.6448
458	458	-768.68173	-759.35927	-762.66853	9.3224548	-764.6693	-748.85364	-749.71579
459	459	-1606.9173	-1607.3107	-1610.2432	-0.39336042	-1603.5899	-1597.9068	-1597.9153
460	460	-1376.5426	-1368.5199	-1372.0493	8.022693	-1373.0446	-1358.8911	-1359.4308
461	461	-897.78439	-865.37114	-868.6441	32.413252	-893.92011	-855.99631	-855.99637
462	462	-889.14401	-867.01353	-870.33212	22.130474	-885.28734	-857.6211	-857.62206
463	463	-1226.7494	-1211.6191	-1214.899	15.130247	-1223.1762	-1201.174	-1202.0337
464	464	-920.63604	-900.96539	-904.23941	19.670649	-916.83872	-891.57828	-891.57798
465	465	-1407.9951	-1400.6397	-1404.1437	7.3553378	-1404.5175	-1391.4323	-1391.643
466	466	-1421.53	-1400.0345	-1403.3365	21.49544	-1410.4218	-1389.4052	-1391.206
467	467	-615.23903	-607.43355	-610.73258	7.8054737	-611.09736	-597.53866	-597.538
468	468	-1501.1598	-1478.2389	-1481.5387	22.920978	-1497.7304	-1469.4401	-1469.4392
469	469	-1732.3625	-1735.0868	-1736.5974	-2.7243544	-1729.0958	-1727.6811	-1728.1501
470	470	-1460.2129	-1433.8021	-1437.1065	26.410807	-1456.7193	-1424.991	-1424.991
471	471	-1540.6331	-1529.9551	-1533.1216	10.678073	-1537.2124	-1517.1496	-1521.0991
472	472	-794.97643	-769.71527	-772.983	25.261166	-791.00402	-760.19339	-760.19307
473	473	-1385.988	-1369.7878	-1373.2909	16.200109	-1382.4983	-1360.3401	-1360.2399
474	474	-850.00203	-840.54009	-843.79336	9.4619315	-846.1536	-831.06006	-831.0618
475	475	-1377.442	-1351.2921	-1354.6204	26.149882	-1373.9637	-1342.461	-1342.461
476	476	-1674.521	-1670.926	-1674.2389	3.5949532	-1671.2053	-1661.8068	-1661.8039
477	477	-795.33792	-795.76842	-799.29625	-0.43050766	-791.39667	-783.18241	-785.57279
478	478	-1228.3893	-1223.3069	-1226.9372	5.0823734	-1224.8348	-1208.813	-1213.3461
479	479	-1051.5196	-1022.8679	-1026.1539	28.651672	-1047.8402	-1013.7098	-1013.7114
480	480	-1355.4259	-1329.6031	-1332.8817	25.822713	-1351.9023	-1320.7379	-1320.7369
481	481	-852.56418	-847.47925	-850.78603	5.0849249	-848.70524	-837.88085	-837.96481
482	482	-981.13723	-953.1158	-956.40756	28.021422	-977.39561	-942.87716	-943.88958
483	483	-892.3515	-873.77852	-877.09243	18.57298	-888.5388	-864.413	-864.41335
484	484	-1062.1791	-1040.9257	-1044.1822	21.253323	-1058.4796	-1031.7101	-1031.71
485	485	-1117.2762	-1104.3666	-1107.6442	12.90952	-1113.6363	-1095.1894	-1095.1905
486	486	-980.09175	-964.37664	-967.55303	15.715107	-976.36088	-953.24653	-955.06988
487	487	-884.42109	-851.32352	-854.58305	33.097576	-880.56446	-841.92846	-841.92885
488	488	-1461.2913	-1451.6044	-1455.8936	9.6869039	-1457.86	-1441.9196	-1441.9216
489	489	-989.79772	-944.90979	-948.14406	44.887928	-986.05641	-935.70301	-935.70262
490	490	-1073.5665	-1064.2649	-1067.5412	9.3015929	-1069.8928	-1054.9949	-1054.9958
491	491	-862.40995	-845.15265	-848.42429	17.257303	-858.53335	-835.66614	-835.66666
492	492	-1305.8127	-1292.5077	-1295.798	13.304974	-1302.3249	-1283.5364	-1283.5364
493	493	-857.44151	-840.5266	-844.01983	16.914908	-853.56401	-829.75385	-830.25687
494	494	-1175.3389	-1166.1135	-1169.3827	9.2253558	-1171.7711	-1156.9923	-1156.992
495	495	-1408.4478	-1405.986	-1408.4021	2.4617667	-1404.9554	-1392.6897	-1396.9435
496	496	-1050.9592	-1009.0799	-1012.3599	41.879383	-1047.2566	-999.97632	-999.97647
497	497	-941.23615	-904.70987	-907.99068	36.526284	-937.43618	-895.4473	-895.4477
498	498	-903.83233	-867.73284	-871.03197	36.099494	-900.03291	-858.42887	-858.4288
499	499	-981.7367	-962.93618	-966.1977	18.800514	-977.99033	-953.62413	-953.62592
