No.	ID	loglik_NUll	loglik_RES	loglik_all	log_ratio	loglik_Max1	loglik_Max2	loglik_Max3
0	0	-2411.3335	-2414.0565	-2174.5396	-2.7229689	-2407.4178	-2148.4112	-2407.8353
1	1	-2600.2819	-2602.2532	-2550.3159	-1.9713808	-2596.4117	-2519.2403	-2593.2138
2	2	-2524.4743	-2527.2178	-2359.6986	-2.7435514	-2520.5981	-2333.6519	-2521.016
3	3	-3690.78	-3693.4985	-3631.8038	-2.7184844	-3687.2101	-3605.5462	-3686.9714
4	4	-2860.1951	-2862.9289	-2736.1078	-2.733844	-2856.4185	-2710.1617	-2856.836
5	5	-3563.3056	-3566.0441	-3481.7287	-2.7384397	-3559.6783	-3454.2046	-3558.887
6	6	-2458.2557	-2461.0083	-2259.0289	-2.7525965	-2454.3672	-2232.9206	-2454.7857
7	7	-2956.1622	-2958.9135	-2905.3993	-2.7513665	-2952.4413	-2877.8809	-2952.0856
8	8	-3613.273	-3616.0392	-3479.5632	-2.7662479	-3577.9851	-3454.1337	-3578.4052
9	9	-3031.2926	-3033.9376	-2897.7428	-2.6450348	-3027.5454	-2870.9507	-3027.0675
10	10	-3773.1292	-3775.8711	-3684.8364	-2.7419091	-3769.5549	-3658.2225	-3769.418
11	11	-3102.5477	-3105.2866	-2979.876	-2.7389566	-3098.8049	-2953.2438	-3098.4995
12	12	-3160.9935	-3163.6997	-3038.1817	-2.70616	-3157.2678	-3010.0835	-3155.9902
13	13	-3747.5833	-3749.9746	-3668.9245	-2.3913375	-3743.991	-3641.2079	-3741.9757
14	14	-2549.6642	-2552.3771	-2339.483	-2.7129195	-2545.7784	-2313.4727	-2546.1958
15	15	-3105.5449	-3108.2843	-3065.0253	-2.7394121	-3101.8322	-3039.1522	-3102.25
16	16	-3185.6601	-3188.1951	-2996.4871	-2.5350003	-3149.3554	-2970.8441	-3149.7744
17	17	-3177.5785	-3180.2965	-3028.1856	-2.7179972	-3173.8704	-3002.4731	-3174.2885
18	18	-3176.9729	-3179.1051	-3035.2784	-2.1321801	-3173.2536	-3007.4937	-3171.1267
19	19	-2204.6042	-2207.363	-2068.3373	-2.7587825	-2200.6093	-2042.0734	-2201.0268
20	20	-4352.2027	-4354.9558	-4319.1984	-2.7531094	-4348.7846	-4292.5468	-4347.7014
21	21	-2458.2244	-2460.9653	-2265.0044	-2.7409572	-2454.3215	-2238.9119	-2454.7391
22	22	-2875.9345	-2878.6773	-2785.1187	-2.7427484	-2872.1842	-2756.4802	-2870.4564
23	23	-3371.7888	-3374.4835	-3328.305	-2.6947271	-3368.1232	-3305.3223	-3368.5409
24	24	-1727.2878	-1730.6375	-1589.576	-3.3496569	-1723.0588	-1562.1234	-1723.4769
25	25	-3339.6111	-3342.3424	-3247.1788	-2.7312666	-3335.9292	-3221.0664	-3336.347
26	26	-2175.2517	-2177.8539	-1929.0385	-2.6022154	-2171.217	-1900.9561	-2170.4048
27	27	-2006.4998	-2009.2494	-1735.2094	-2.7495693	-2002.4071	-1708.6792	-2002.8255
28	28	-2810.9335	-2813.6318	-2663.5107	-2.6982978	-2807.128	-2637.6139	-2807.5457
29	29	-4239.6037	-4242.3474	-4188.9627	-2.7437228	-4236.1662	-4163.3843	-4236.5838
30	30	-2892.2487	-2894.9849	-2782.461	-2.7361801	-2888.4865	-2756.5609	-2888.9046
31	31	-2509.7726	-2512.5267	-2411.7986	-2.7540933	-2505.9134	-2384.9835	-2506.3312
32	32	-3071.4772	-3073.9871	-2898.4209	-2.5099336	-3035.8251	-2872.7247	-3036.2628
33	33	-2508.6872	-2511.416	-2350.0149	-2.728819	-2504.7824	-2323.8905	-2505.1999
34	34	-2376.586	-2379.3175	-2152.9687	-2.7314148	-2372.6641	-2126.8414	-2373.082
35	35	-3762.161	-3764.8953	-3701.52	-2.7342377	-3758.6064	-3674.5338	-3758.2975
36	36	-3660.8438	-3663.5786	-3615.7485	-2.7347716	-3657.278	-3589.3268	-3657.0221
37	37	-2519.2173	-2521.9269	-2438.8665	-2.709656	-2515.2895	-2412.6918	-2515.7075
38	38	-2277.2278	-2308.8505	-2078.5494	-31.622718	-2241.1999	-2052.3778	-2302.5841
39	39	-2695.5258	-2698.2784	-2480.8507	-2.7526197	-2691.6952	-2451.4886	-2690.0809
40	40	-2165.0175	-2167.7856	-2032.4904	-2.7681404	-2161.0267	-2006.1595	-2161.4441
41	41	-2805.7762	-2808.5281	-2721.2107	-2.7518544	-2801.9933	-2694.5278	-2802.4109
42	42	-2352.1094	-2354.8588	-2095.0366	-2.74948	-2348.1759	-2068.5238	-2348.5934
43	43	-2757.2285	-2759.9863	-2612.7685	-2.7578066	-2753.4452	-2586.8319	-2753.8627
44	44	-2741.4386	-2744.1711	-2504.8004	-2.7324702	-2737.6377	-2478.8688	-2738.0553
45	45	-3490.8834	-3493.6179	-3427.5566	-2.7344635	-3487.2379	-3400.8915	-3486.9135
46	46	-2577.7225	-2580.4526	-2510.9717	-2.730134	-2573.8773	-2482.3143	-2573.341
47	47	-2767.0735	-2769.8131	-2542.1358	-2.7395992	-2763.2952	-2516.2445	-2714.9841
48	48	-2591.7249	-2594.4722	-2427.5326	-2.7472184	-2587.878	-2401.4846	-2588.2954
49	49	-3009.2579	-3011.816	-2804.5357	-2.5581639	-2973.4885	-2777.485	-2972.1679
50	50	-3262.6854	-3265.4309	-3213.5642	-2.7455149	-3259.0094	-3186.8396	-3258.8535
51	51	-2922.6452	-2925.4092	-2872.4802	-2.7639647	-2918.8978	-2846.4624	-2919.3156
52	52	-2739.6349	-2742.3757	-2627.003	-2.7407925	-2735.8168	-2599.5947	-2735.9757
53	53	-2884.086	-2886.2609	-2768.3567	-2.1748956	-2880.297	-2740.6852	-2878.0497
54	54	-2705.1286	-2707.8313	-2628.5127	-2.7027364	-2701.3054	-2602.5045	-2701.7229
55	55	-2361.5712	-2364.3177	-2173.1042	-2.7464716	-2357.6501	-2146.9591	-2358.0683
56	56	-3243.3536	-3246.0577	-3212.5785	-2.7041434	-3239.6756	-3189.514	-3240.0934
57	57	-3234.7541	-3237.1587	-3113.8388	-2.4045889	-3231.049	-3086.0939	-3229.3144
58	58	-2792.7157	-2813.6462	-2579.7731	-20.930512	-2747.4605	-2553.8931	-2807.5468
59	59	-3267.1338	-3269.8525	-3178.2826	-2.7187075	-3263.4305	-3150.4838	-3262.2786
60	60	-2287.7679	-2290.509	-2240.9885	-2.7411285	-2283.8302	-2214.7089	-2284.2476
61	61	-2518.6874	-2521.4578	-2378.1673	-2.7704806	-2514.8154	-2352.0389	-2515.233
62	62	-2573.6952	-2576.4394	-2355.0364	-2.7441358	-2569.8564	-2329.0623	-2570.2739
63	63	-3514.5469	-3517.2757	-3397.7268	-2.7288298	-3510.9182	-3371.4237	-3510.7562
64	64	-2744.9699	-2747.5901	-2546.1969	-2.620232	-2741.1559	-2518.9193	-2740.5215
65	65	-2462.5408	-2465.2856	-2185.7138	-2.7447437	-2458.6377	-2159.571	-2459.0553
66	66	-3459.8303	-3459.0079	-3275.9653	0.82244128	-3422.1799	-3248.7023	-3419.2427
67	67	-2673.7343	-2676.4841	-2505.0031	-2.7498329	-2669.9293	-2478.9804	-2670.347
68	68	-3209.8491	-3212.0164	-3077.6442	-2.1672718	-3170.751	-3051.9758	-3171.1699
69	69	-3548.867	-3551.5981	-3456.1733	-2.7310653	-3545.2549	-3430.0524	-3545.5535
70	70	-3695.5198	-3698.2705	-3699.7419	-2.7507167	-3691.9453	-3682.4028	-3690.5585
71	71	-2804.3186	-2807.0287	-2668.4291	-2.7100916	-2800.5292	-2642.532	-2800.9471
72	72	-2809.3902	-2812.1155	-2699.4177	-2.7252433	-2805.6094	-2672.4559	-2805.1694
73	73	-4779.4635	-4782.2127	-4753.2332	-2.7491863	-4756.1395	-4724.5606	-4776.5536
74	74	-2391.5666	-2394.3014	-2181.1727	-2.7348122	-2387.6313	-2155.0362	-2388.0495
75	75	-2739.676	-2742.4195	-2550.561	-2.7435144	-2735.8825	-2524.585	-2736.3001
76	76	-2939.6443	-2942.3762	-2755.8864	-2.7319733	-2935.8771	-2728.4787	-2935.1512
77	77	-3448.9797	-3451.6878	-3368.9942	-2.7081019	-3445.3505	-3343.0485	-3445.7681
78	78	-2853.0174	-2855.7452	-2787.8343	-2.7278189	-2849.232	-2761.8984	-2849.6513
79	79	-3037.4135	-3040.1316	-2917.3605	-2.7181041	-3033.6716	-2891.5656	-3034.0892
80	80	-2901.8428	-2904.5628	-2754.2254	-2.7200164	-2898.0555	-2728.1641	-2898.473
81	81	-2729.9829	-2732.4881	-2492.7345	-2.5051892	-2694.2777	-2466.8311	-2694.7019
82	82	-3614.8276	-3617.2295	-3542.4698	-2.4018193	-3611.2265	-3513.726	-3609.1
83	83	-3326.73	-3329.476	-3209.4505	-2.7460085	-3323.086	-3182.9974	-3323.1864
84	84	-2855.8954	-2858.6237	-2701.032	-2.7283113	-2852.1325	-2675.1805	-2852.5501
85	85	-2664.5957	-2667.3417	-2540.2983	-2.7459451	-2660.7729	-2514.1446	-2661.1903
86	86	-2634.0085	-2636.6387	-2370.6264	-2.6301903	-2630.1758	-2343.2944	-2629.6302
87	87	-2753.5299	-2756.2569	-2663.3278	-2.7269363	-2749.7158	-2637.519	-2750.1336
88	88	-2135.5762	-2138.3267	-2003.4029	-2.7504556	-2131.5497	-1976.3828	-2131.9676
89	89	-2743.7961	-2746.5054	-2638.9789	-2.7092815	-2739.9796	-2612.9354	-2740.3971
90	90	-3347.3838	-3350.1404	-3219.7836	-2.75664	-3343.7293	-3194.1589	-3344.147
91	91	-3745.9474	-3748.4837	-3627.2311	-2.536321	-3710.6641	-3601.5133	-3710.7157
92	92	-2749.2454	-2752.0041	-2568.0918	-2.7587359	-2745.4519	-2542.1591	-2745.87
93	93	-2686.9796	-2689.728	-2486.7919	-2.7483887	-2683.1713	-2460.8615	-2683.5887
94	94	-3372.6134	-3375.3638	-3287.8688	-2.7504364	-3368.9297	-3261.2905	-3368.816
95	95	-2399.9913	-2402.7328	-2308.9306	-2.7414191	-2396.0853	-2282.737	-2396.5028
96	96	-2469.0468	-2471.7641	-2229.8336	-2.7172355	-2465.1533	-2203.7865	-2465.5713
97	97	-2916.9058	-2919.4541	-2675.9439	-2.5482929	-2877.4201	-2650.1248	-2877.8377
98	98	-3135.092	-3137.7991	-3110.6291	-2.707018	-3131.3916	-3083.446	-3131.2258
99	99	-3047.6968	-3050.4451	-2877.7407	-2.7482723	-3043.9619	-2851.9836	-3044.3795
100	100	-3503.5948	-3506.3199	-3407.049	-2.7251714	-3499.9567	-3381.4506	-3500.3743
101	101	-3450.0399	-3452.7639	-3454.015	-2.7239792	-3446.4057	-3430.8376	-3446.5975
102	102	-2890.4358	-2893.1504	-2740.4252	-2.7146311	-2886.6629	-2713.5305	-2886.2395
103	103	-4014.3155	-4017.2947	-3916.842	-2.9792539	-3979.0826	-3891.5068	-3979.5026
104	104	-2805.8947	-2808.6499	-2658.1912	-2.7551843	-2802.1321	-2631.1844	-2802.4443
105	105	-2774.3393	-2777.0461	-2629.8001	-2.7068556	-2770.5075	-2603.852	-2770.9251
106	106	-2807.4084	-2810.1534	-2779.6503	-2.7449846	-2803.645	-2753.6162	-2804.0626
107	107	-2713.8186	-2716.5319	-2462.4258	-2.7133081	-2709.9808	-2436.5033	-2710.3981
108	108	-4265.4399	-4268.1719	-4227.3469	-2.7319822	-4262.0006	-4203.6727	-4262.418
109	109	-2915.1265	-2917.884	-2778.0558	-2.7575725	-2911.3889	-2752.247	-2911.8063
110	110	-3022.7909	-3025.505	-2962.3612	-2.7141029	-3019.057	-2937.8259	-3019.4762
111	111	-3200.9882	-3203.5146	-3052.9446	-2.5263496	-3164.0336	-3027.2817	-3164.4514
112	112	-2826.3269	-2828.3822	-2572.1778	-2.0553885	-2790.6116	-2544.8617	-2788.742
113	113	-2636.0292	-2638.7805	-2481.1621	-2.7513064	-2632.2076	-2453.4931	-2631.5356
114	114	-2175.9855	-2178.7194	-2111.5126	-2.7338841	-2171.9669	-2085.0724	-2172.3866
115	115	-2424.2848	-2427.0304	-2256.4907	-2.7456532	-2420.3574	-2230.3074	-2420.7749
116	116	-2936.4953	-2939.2507	-2795.1737	-2.7554134	-2932.7588	-2769.3275	-2933.1781
117	117	-2980.8532	-2983.3066	-2727.9868	-2.4533997	-2944.7154	-2702.2023	-2945.0906
118	118	-2830.9149	-2833.6666	-2773.449	-2.7516779	-2827.1395	-2744.7528	-2825.786
119	119	-2369.2671	-2371.9873	-2194.9276	-2.7201596	-2365.338	-2168.7827	-2365.7557
120	120	-2117.9599	-2120.6986	-1975.734	-2.7387033	-2113.9271	-1947.2165	-2114.345
121	121	-4244.1335	-4246.8599	-4164.1686	-2.7264028	-4240.6933	-4137.189	-4241.1113
122	122	-1890.9886	-1893.7591	-1816.0519	-2.7705094	-1886.8519	-1789.1141	-1887.2706
123	123	-2982.9176	-2985.6639	-2887.6768	-2.7462696	-2979.188	-2860.794	-2979.1063
124	124	-2750.982	-2762.0456	-2543.1586	-11.063546	-2713.3399	-2517.2101	-2713.7588
125	125	-2650.5024	-2652.4848	-2400.8695	-1.9823819	-2614.0871	-2373.4615	-2612.5057
126	126	-2807.2575	-2809.897	-2732.5077	-2.639503	-2803.4758	-2705.5314	-2802.8722
127	127	-2519.6179	-2522.3531	-2348.607	-2.7352499	-2515.7179	-2322.1239	-2516.1363
128	128	-3002.3567	-3005.0776	-2830.4064	-2.7208688	-2998.5966	-2804.6463	-2999.0141
129	129	-1656.3853	-1659.179	-1526.555	-2.7937092	-1652.1387	-1497.7705	-1652.5572
130	130	-2634.0283	-2636.7566	-2434.3069	-2.7283064	-2630.1892	-2408.3392	-2630.607
131	131	-2345.4861	-2348.2212	-2233.0754	-2.7350757	-2341.5482	-2206.9112	-2341.9664
132	132	-3129.7632	-3132.4916	-2984.4885	-2.7283812	-3126.0364	-2958.8028	-3126.454
133	133	-2552.9242	-2555.4846	-2316.0228	-2.5603727	-2516.0132	-2290.1055	-2516.4315
134	134	-2755.1544	-2757.8898	-2596.3687	-2.7353411	-2751.3611	-2570.4087	-2751.7786
135	135	-2255.9796	-2258.7109	-2040.6984	-2.731316	-2251.9934	-2014.4382	-2252.4122
136	136	-2849.7501	-2852.4752	-2808.1873	-2.725141	-2845.9684	-2780.9548	-2845.4756
137	137	-3129.1352	-3131.8667	-3019.0782	-2.7315682	-3125.4487	-2992.2143	-3125.1672
138	138	-2976.8815	-2979.6295	-2825.8626	-2.7480382	-2973.1221	-2800.0542	-2973.5401
139	139	-2649.0432	-2651.7817	-2564.9886	-2.7384953	-2645.2252	-2538.9721	-2645.643
140	140	-3303.2261	-3305.9738	-3182.1498	-2.7476533	-3299.5262	-3156.4645	-3299.9436
141	141	-2408.7755	-2411.1697	-2159.5201	-2.3942084	-2371.8348	-2133.3679	-2371.8585
142	142	-2507.9958	-2510.5946	-2447.1534	-2.5988267	-2504.1148	-2419.9345	-2503.3719
143	143	-1961.3284	-1964.0724	-1758.544	-2.7439581	-1957.2237	-1731.9831	-1957.6413
144	144	-2780.9318	-2783.6373	-2555.2603	-2.7055552	-2777.1375	-2529.4152	-2710.9538
145	145	-1925.1845	-1927.9366	-1763.8239	-2.7520767	-1921.05	-1737.2664	-1921.4677
146	146	-3163.4786	-3166.2166	-3014.0961	-2.7380127	-3159.7809	-2988.3254	-3160.1988
147	147	-2749.4037	-2752.163	-2681.0023	-2.7593132	-2745.5996	-2652.5362	-2744.3176
148	148	-3110.1391	-3112.8626	-2974.0332	-2.7235869	-3106.4224	-2948.2879	-3106.8412
149	149	-3225.5766	-3225.9317	-3067.7327	-0.35503543	-3187.7017	-3041.172	-3186.6373
150	150	-2404.4347	-2407.1709	-2188.0324	-2.7362329	-2400.5079	-2161.8958	-2400.9255
151	151	-2132.2389	-2134.8319	-1981.7209	-2.593052	-2128.2186	-1953.9302	-2127.3972
152	152	-2546.5596	-2549.3062	-2307.0551	-2.7465675	-2542.6991	-2281.0435	-2543.1167
153	153	-3395.952	-3398.663	-3359.6789	-2.7109891	-3392.3013	-3332.7778	-3392.7194
154	154	-2958.3002	-2961.0033	-2835.4871	-2.70304	-2954.5325	-2809.6597	-2954.9509
155	155	-3527.6671	-3530.3999	-3441.3719	-2.7327629	-3524.0585	-3414.9337	-3524.4767
156	156	-2354.2008	-2356.9387	-2114.752	-2.7379589	-2350.2502	-2088.1168	-2350.6681
157	157	-2377.9112	-2380.691	-2188.6534	-2.7797447	-2373.9777	-2162.106	-2374.3953
158	158	-2822.5016	-2825.23	-2686.8276	-2.7283464	-2818.7155	-2660.9449	-2819.1332
159	159	-2634.3449	-2637.072	-2490.4911	-2.7271458	-2630.5314	-2464.5498	-2630.9517
160	160	-2585.8398	-2588.568	-2507.9392	-2.7282297	-2581.972	-2481.833	-2582.3898
161	161	-2608.6016	-2611.3705	-2585.3148	-2.7689072	-2604.7731	-2558.8953	-2605.1906
162	162	-2969.6915	-2972.428	-2782.2225	-2.7364638	-2965.9538	-2756.4376	-2966.3714
163	163	-3590.8361	-3593.5975	-3474.956	-2.7613883	-3587.2167	-3447.1633	-3586.0302
164	164	-2312.1994	-2314.942	-2033.3305	-2.74251	-2308.2544	-2007.1065	-2308.6739
165	165	-2454.2013	-2456.9085	-2237.8311	-2.7071701	-2450.2705	-2211.6991	-2450.6882
166	166	-3050.7187	-3053.4017	-2962.4688	-2.683008	-3046.9647	-2935.4918	-3047.3821
167	167	-3404.0297	-3406.6008	-3335.9506	-2.5711221	-3400.3917	-3308.7747	-3399.5192
168	168	-2945.8279	-2948.5565	-2815.6307	-2.7285869	-2942.0756	-2789.8067	-2942.4935
169	169	-2208.5926	-2211.3349	-2012.045	-2.7422701	-2204.6045	-1985.6425	-2205.0226
170	170	-2627.159	-2629.8821	-2523.1968	-2.7231422	-2623.3218	-2497.1566	-2623.7399
171	171	-2012.277	-2015.0339	-1918.9592	-2.7568489	-2008.2101	-1892.5456	-2008.6278
172	172	-3054.8198	-3057.4075	-3019.6652	-2.587763	-3051.0835	-2992.5016	-3050.3982
173	173	-2938.7434	-2941.451	-2819.6922	-2.7076055	-2934.9895	-2793.8721	-2935.4078
174	174	-3078.9027	-3081.5971	-2943.9045	-2.6944212	-3075.1655	-2917.1366	-3074.6941
175	175	-3094.5704	-3096.8787	-2925.6118	-2.3082895	-3058.6135	-2898.5049	-3057.527
176	176	-2152.6963	-2155.2966	-2126.3049	-2.6002615	-2148.6873	-2098.1874	-2147.8968
177	177	-3464.3207	-3467.0494	-3292.3766	-2.7286347	-3460.6746	-3266.799	-3461.0923
178	178	-3111.5219	-3114.0373	-2933.2164	-2.5154673	-3076.3875	-2906.4659	-3075.3688
179	179	-3393.7717	-3396.9713	-3204.9524	-3.1995949	-3357.5322	-3179.055	-3356.8984
180	180	-2806.4243	-2809.1781	-2748.387	-2.7538401	-2802.6561	-2722.404	-2803.0742
181	181	-2203.042	-2205.7822	-1987.5768	-2.740209	-2199.0529	-1961.2816	-2199.4709
182	182	-3236.5427	-3239.3325	-3112.9524	-2.7898101	-3232.9037	-3086.4446	-3232.643
183	183	-2857.056	-2859.4972	-2722.6406	-2.4411751	-2853.2856	-2693.61	-2851.0726
184	184	-3184.2566	-3186.5129	-3141.4336	-2.2562393	-3180.543	-3112.5326	-3177.9517
185	185	-3067.1206	-3069.8524	-2943.6859	-2.7318574	-3063.3952	-2917.9374	-3063.8127
186	186	-2511.7288	-2514.4754	-2353.0211	-2.7466438	-2507.8368	-2325.6413	-2507.2505
187	187	-1927.2108	-1929.9268	-1748.7892	-2.7159796	-1923.0761	-1720.7807	-1923.4939
188	188	-3027.5217	-3030.0106	-2832.571	-2.4889066	-2991.9241	-2806.825	-2992.3418
189	189	-2849.0974	-2851.8554	-2776.5572	-2.7579699	-2845.3462	-2749.4413	-2845.1628
190	190	-2326.4665	-2329.1874	-2151.79	-2.7208505	-2322.4736	-2125.0539	-2322.8912
191	191	-3034.9713	-3037.7006	-3018.5124	-2.7292732	-3031.232	-2991.1063	-3030.4099
192	192	-2141.5958	-2144.345	-1922.7161	-2.7492444	-2137.5782	-1896.3373	-2137.9959
193	193	-2141.0792	-2143.8254	-1961.8209	-2.7461679	-2137.0585	-1935.4995	-2137.4759
194	194	-4037.5178	-4040.0431	-3952.9802	-2.5253012	-4002.2478	-3926.8263	-4002.6652
195	195	-2639.9829	-2642.7212	-2410.7748	-2.7382436	-2636.1288	-2384.0993	-2636.5463
196	196	-3662.2662	-3665.0004	-3612.2311	-2.7341451	-3658.6789	-3585.8247	-3658.4263
197	197	-2542.1113	-2544.8568	-2409.128	-2.7455646	-2538.2483	-2383.0507	-2538.6657
198	198	-2278.5148	-2281.2506	-2010.4819	-2.7358161	-2274.5591	-1984.2376	-2274.978
199	199	-2488.1864	-2490.9515	-2320.3203	-2.7651577	-2484.3212	-2293.9935	-2484.7388
200	200	-2502.9749	-2505.3538	-2210.2849	-2.3788819	-2466.3362	-2184.1683	-2466.754
201	201	-3823.8276	-3826.5688	-3741.178	-2.7412184	-3820.2882	-3715.708	-3820.7056
202	202	-3659.5852	-3662.3412	-3612.987	-2.7560318	-3656.0125	-3586.8427	-3656.0119
203	203	-3689.6229	-3692.051	-3613.0476	-2.428042	-3686.0504	-3583.7606	-3684.399
204	204	-2502.8807	-2505.6507	-2300.9171	-2.769986	-2499.0058	-2274.8674	-2499.4232
205	205	-2972.567	-2975.3121	-2883.1215	-2.7450437	-2968.8518	-2853.9742	-2967.8056
206	206	-2960.1693	-2962.6114	-2783.8586	-2.4421233	-2923.4251	-2758.0928	-2923.847
207	207	-2317.0012	-2319.7506	-2203.2584	-2.7493711	-2313.0356	-2177.0251	-2313.453
208	208	-3100.1464	-3102.861	-2965.3604	-2.7146391	-3096.4549	-2939.6418	-3096.8729
209	209	-4202.212	-4204.9286	-4171.5696	-2.7165104	-4198.75	-4145.5382	-4199.1677
210	210	-2202.3783	-2204.9051	-1947.19	-2.5268234	-2166.226	-1920.864	-2166.648
211	211	-2848.5588	-2851.287	-2798.0722	-2.7282173	-2844.781	-2772.1138	-2845.1986
212	212	-2220.1736	-2222.8926	-1972.0278	-2.7189808	-2216.2035	-1945.5729	-2216.6209
213	213	-2735.6826	-2738.3895	-2644.0412	-2.7068789	-2731.8923	-2617.1554	-2731.4277
214	214	-2875.2366	-2877.9819	-2793.4149	-2.7452978	-2871.4761	-2767.3993	-2871.8936
215	215	-3389.3591	-3392.0558	-3305.325	-2.6966603	-3385.6667	-3279.2697	-3386.0841
216	216	-2647.5777	-2650.3159	-2481.9312	-2.7381948	-2643.7344	-2455.9277	-2644.1521
217	217	-2806.1719	-2808.8916	-2679.0861	-2.7197504	-2802.3765	-2652.3525	-2801.9409
218	218	-2663.1983	-2665.9159	-2464.9707	-2.7176232	-2659.3423	-2438.9657	-2659.7598
219	219	-3234.9826	-3237.2688	-3170.7149	-2.2862052	-3231.2729	-3142.542	-3229.1993
220	220	-3105.9687	-3108.4724	-3041.1169	-2.5037118	-3102.2297	-3011.6594	-3101.0337
221	221	-3485.9064	-3488.6544	-3353.1173	-2.7479788	-3482.2848	-3327.5587	-3482.7023
222	222	-2617.2263	-2619.9553	-2537.9783	-2.7289875	-2613.3602	-2505.538	-2612.5564
223	223	-2351.0569	-2353.7913	-2165.9187	-2.7344204	-2347.0954	-2139.583	-2347.5128
224	224	-3609.3625	-3612.0962	-3491.7506	-2.7337461	-3605.7733	-3466.2357	-3606.1907
225	225	-3628.2277	-3630.9721	-3493.4718	-2.7443315	-3624.6466	-3467.3158	-3624.5145
226	226	-2174.3936	-2177.149	-1938.5152	-2.75536	-2170.3696	-1912.1483	-2170.7884
227	227	-3360.1562	-3362.8891	-3272.9117	-2.7329402	-3356.482	-3247.2391	-3356.8999
228	228	-3219.6486	-3222.354	-3181.131	-2.7053705	-3215.9471	-3154.4306	-3216.3646
229	229	-3301.5562	-3304.2098	-3192.8801	-2.6536126	-3297.8324	-3166.3508	-3297.8806
230	230	-2767.2266	-2795.559	-2603.9557	-28.332331	-2731.548	-2578.0725	-2789.4534
231	231	-3748.0816	-3750.2677	-3739.3463	-2.1860793	-3744.5209	-3710.136	-3741.7923
232	232	-4148.7735	-4149.8844	-4014.0055	-1.1108587	-4110.085	-3988.3265	-4109.3778
233	233	-2540.1382	-2542.8955	-2456.5468	-2.7572733	-2536.2713	-2430.1026	-2536.6887
234	234	-2560.2021	-2562.2633	-2278.8628	-2.0612131	-2524.2559	-2251.2768	-2522.6062
235	235	-3180.6029	-3183.2987	-3037.8794	-2.6958364	-3176.889	-3012.214	-3177.3071
236	236	-2371.1348	-2374.1549	-2346.9588	-3.0201294	-2367.2162	-2319.4127	-2363.4875
237	237	-4182.8945	-4183.4215	-4116.4876	-0.52706329	-4146.354	-4090.5245	-4146.2594
238	238	-3239.1919	-3241.9451	-3229.5687	-2.7532013	-3235.5055	-3204.8023	-3235.1152
239	239	-3994.627	-3997.1049	-3888.9017	-2.4779111	-3991.1083	-3861.7939	-3989.743
240	240	-2097.1033	-2099.8649	-1956.5801	-2.7615437	-2093.0682	-1930.2267	-2093.4858
241	241	-3039.8901	-3042.6303	-2995.1688	-2.7401398	-3036.1604	-2969.223	-3036.5781
242	242	-2091.9518	-2094.6982	-1819.4706	-2.7464292	-2087.9156	-1793.0153	-2088.3331
243	243	-2276.4208	-2279.1628	-2114.2223	-2.7420526	-2272.4642	-2088.0028	-2272.8819
244	244	-3823.9877	-3826.5238	-3666.8532	-2.5360966	-3788.6825	-3641.5478	-3789.1018
245	245	-3518.3442	-3520.8861	-3369.4667	-2.5419809	-3480.5154	-3343.9625	-3481.018
246	246	-3115.664	-3118.0011	-2931.1171	-2.3371065	-3078.5702	-2905.4779	-3078.9903
247	247	-3990.4	-3992.7752	-3925.5613	-2.3752115	-3986.8978	-3898.008	-3984.8817
248	248	-2994.189	-2996.9154	-2794.1561	-2.7263863	-2990.4247	-2768.3692	-2990.8422
249	249	-2984.2851	-2987.0248	-2912.6943	-2.7396664	-2980.5586	-2886.8463	-2980.977
250	250	-3232.7595	-3246.6603	-3077.4431	-13.900797	-3193.7481	-3051.7953	-3194.3301
251	251	-2949.9429	-2952.7003	-2841.839	-2.7574563	-2946.2087	-2813.5957	-2945.306
252	252	-2332.3302	-2335.0592	-2216.7841	-2.7289549	-2328.394	-2190.5674	-2328.8115
253	253	-2949.6578	-2952.1539	-2751.1313	-2.4961009	-2914.0152	-2725.3188	-2914.4327
254	254	-2635.3028	-2638.0511	-2628.603	-2.7482608	-2631.5044	-2600.4687	-2631.9222
255	255	-3195.3748	-3198.1109	-3167.3608	-2.7361136	-3191.6797	-3138.9077	-3190.7635
256	256	-3746.7763	-3749.5269	-3684.1353	-2.7506279	-3743.2171	-3658.5938	-3743.6346
257	257	-3852.1089	-3854.6091	-3692.8677	-2.5001714	-3815.7888	-3667.4943	-3816.2362
258	258	-2794.9001	-2797.6371	-2751.7809	-2.7370745	-2791.1165	-2724.9212	-2790.6708
259	259	-2822.3052	-2824.5823	-2605.9075	-2.2771254	-2786.6711	-2578.718	-2785.2995
260	260	-2849.9961	-2852.6965	-2722.1726	-2.7003901	-2846.1942	-2695.2933	-2845.7612
261	261	-2874.7894	-2877.5255	-2701.3431	-2.7360027	-2871.0339	-2675.5028	-2871.4515
262	262	-2250.2064	-2252.9569	-1991.9941	-2.750532	-2246.2158	-1965.6805	-2246.6334
263	263	-2301.6762	-2304.2113	-2272.5439	-2.5350641	-2297.731	-2242.9755	-2296.2098
264	264	-2744.1993	-2746.9207	-2566.1522	-2.7213645	-2740.4029	-2540.2094	-2740.8203
265	265	-2585.8609	-2588.6008	-2407.6829	-2.7399531	-2581.9914	-2376.2186	-2579.4345
266	266	-3593.6288	-3596.1582	-3396.88	-2.5293654	-3558.0461	-3371.4877	-3558.465
267	267	-2024.7736	-2027.5101	-1847.689	-2.736491	-2020.7089	-1818.5236	-2021.127
268	268	-2686.1544	-2688.6458	-2381.3511	-2.4914086	-2650.1561	-2355.4162	-2650.5754
269	269	-3386.3075	-3388.7975	-3225.0856	-2.4900122	-3350.7696	-3199.5019	-3350.6094
270	270	-2834.095	-2836.8259	-2672.636	-2.7308906	-2830.3236	-2646.1818	-2830.7416
271	271	-3042.0121	-3044.7531	-2943.8791	-2.7410044	-3038.2714	-2918.0734	-3038.6894
272	272	-3009.2597	-3011.9578	-2958.975	-2.6980452	-3005.5124	-2931.9631	-3005.0109
273	273	-3247.6778	-3249.9177	-3130.2323	-2.239886	-3243.9919	-3100.588	-3241.2516
274	274	-2337.1972	-2339.9265	-2201.712	-2.7292415	-2333.2527	-2175.5603	-2333.6706
275	275	-3199.4254	-3202.1412	-3124.9626	-2.7157274	-3195.7078	-3097.3471	-3195.4446
276	276	-2559.1127	-2561.8385	-2477.8668	-2.7257466	-2555.2633	-2451.8114	-2555.6813
277	277	-2553.8895	-2555.8507	-2286.2175	-1.9611763	-2518.0076	-2258.659	-2515.9255
278	278	-2749.4359	-2751.9666	-2545.0489	-2.5307145	-2713.6762	-2518.9432	-2714.094
279	279	-2861.0934	-2862.0308	-2770.1073	-0.937404	-2857.2975	-2741.6997	-2853.2262
280	280	-2374.4528	-2377.1823	-2309.8348	-2.7295396	-2370.5357	-2282.5799	-2370.9539
281	281	-2432.7865	-2435.386	-2295.16	-2.5995698	-2428.8635	-2267.1892	-2427.9841
282	282	-2763.0941	-2765.835	-2719.1014	-2.7409322	-2759.3186	-2691.9802	-2759.5093
283	283	-2506.9274	-2509.6664	-2408.1941	-2.7390341	-2503.044	-2380.964	-2502.4699
284	284	-3134.228	-3136.9507	-3012.5096	-2.7227445	-3130.5019	-2986.8008	-3130.9195
285	285	-2663.2281	-2665.8313	-2531.1061	-2.6032086	-2659.4116	-2503.4462	-2658.423
286	286	-2946.8381	-2949.541	-2864.3079	-2.7028364	-2943.0771	-2835.4264	-2942.1996
287	287	-2586.9975	-2589.7479	-2407.6086	-2.7504531	-2583.1691	-2376.7454	-2581.4788
288	288	-1782.2058	-1784.9596	-1672.5818	-2.7538109	-1778.0157	-1645.9296	-1778.4332
289	289	-2635.3672	-2638.0927	-2526.4724	-2.7255695	-2631.5034	-2500.4454	-2631.9215
290	290	-2998.4313	-3001.1786	-2932.2759	-2.7473009	-2994.6934	-2906.3276	-2995.1116
291	291	-2967.0011	-2969.5303	-2749.9529	-2.5292023	-2930.7667	-2724.1988	-2931.1879
292	292	-2591.9003	-2594.499	-2419.8553	-2.5986945	-2588.0181	-2392.2475	-2587.3094
293	293	-2945.184	-2947.9318	-2791.5382	-2.7478932	-2941.4336	-2764.6821	-2941.0435
294	294	-2172.519	-2175.2552	-2096.0358	-2.7361627	-2168.5226	-2068.8024	-2168.94
295	295	-3250.957	-3253.6494	-3125.7304	-2.6924342	-3247.2407	-3100.0619	-3247.6583
296	296	-3492.5075	-3495.2338	-3453.3027	-2.726316	-3488.8853	-3423.815	-3488.8739
297	297	-2244.2832	-2247.0354	-2119.9513	-2.7522322	-2240.3415	-2093.1455	-2240.7591
298	298	-2748.8624	-2751.6071	-2598.1152	-2.7447332	-2745.0706	-2571.5671	-2745.4888
299	299	-3409.0652	-3411.6228	-3198.7846	-2.557555	-3373.536	-3173.3546	-3373.955
300	300	-2418.1803	-2420.924	-2223.5749	-2.7436724	-2414.2807	-2197.4916	-2414.6982
301	301	-3254.966	-3257.4952	-3092.9588	-2.5291374	-3219.4071	-3067.3646	-3219.827
302	302	-3245.4451	-3247.8023	-3042.4338	-2.3571834	-3207.4173	-3016.8202	-3207.8377
303	303	-3021.1576	-3023.9187	-2886.6052	-2.761043	-3017.4741	-2859.192	-3017.8919
304	304	-2415.6361	-2418.3964	-2302.2017	-2.7603489	-2411.7317	-2275.8764	-2412.1492
305	305	-2641.6137	-2644.1362	-2391.9109	-2.5225256	-2605.0296	-2365.938	-2604.3581
306	306	-2676.507	-2679.2469	-2661.3509	-2.739886	-2672.6939	-2633.005	-2673.1115
307	307	-2541.7944	-2544.5423	-2428.4198	-2.7478608	-2537.9362	-2402.3374	-2538.354
308	308	-2780.7901	-2783.4962	-2564.7187	-2.7060499	-2776.9673	-2538.77	-2777.3857
309	309	-2596.9672	-2599.7244	-2434.828	-2.7572085	-2593.1184	-2405.2083	-2591.4012
310	310	-2480.9988	-2483.7307	-2286.6307	-2.7318678	-2477.1001	-2260.576	-2477.5182
311	311	-2896.4858	-2898.4003	-2658.0167	-1.9144308	-2860.8093	-2630.5728	-2858.7305
312	312	-2045.2284	-2047.812	-1922.2865	-2.583606	-2041.1633	-1894.3695	-2040.2769
313	313	-2730.8804	-2733.5957	-2626.1008	-2.715345	-2727.0688	-2599.3167	-2727.4863
314	314	-3531.2231	-3533.7723	-3313.3747	-2.5491654	-3494.6053	-3287.9708	-3495.0227
315	315	-2640.0017	-2642.7688	-2547.9684	-2.7671113	-2636.1822	-2520.5467	-2635.6713
316	316	-1994.485	-1997.2238	-1811.0604	-2.738815	-1990.3875	-1784.1773	-1990.8049
317	317	-3268.2125	-3270.7623	-3033.3779	-2.5498883	-3232.4729	-3007.7701	-3232.8985
318	318	-2811.7696	-2814.5073	-2630.296	-2.7377414	-2807.9613	-2604.3594	-2808.379
319	319	-3399.9806	-3402.7349	-3304.2038	-2.7543552	-3396.3352	-3278.5376	-3396.7534
320	320	-2787.6108	-2790.3729	-2661.8846	-2.7621264	-2783.834	-2634.9265	-2783.3782
321	321	-2618.4234	-2621.1661	-2443.4356	-2.7426487	-2614.5765	-2415.9123	-2614.2002
322	322	-3057.515	-3059.8088	-2898.1802	-2.2938207	-3022.0535	-2871.2791	-3020.5413
323	323	-3311.368	-3314.054	-3136.8185	-2.6860335	-3307.6692	-3111.1968	-3308.0868
324	324	-3374.1834	-3376.9291	-3275.8672	-2.7457207	-3370.5089	-3250.1941	-3370.9263
325	325	-2630.4816	-2633.2036	-2393.1278	-2.7219847	-2626.6213	-2367.118	-2627.0387
326	326	-4096.1092	-4102.4302	-4013.6548	-6.3210072	-4059.0409	-3988.224	-4096.6161
327	327	-3304.4235	-3306.9056	-3131.1384	-2.482054	-3300.751	-3103.4162	-3261.5056
328	328	-2520.3078	-2523.0273	-2405.8498	-2.7194835	-2516.4417	-2379.7858	-2516.8593
329	329	-2876.1747	-2878.9157	-2701.7238	-2.7410479	-2872.4005	-2675.8666	-2872.8181
330	330	-2816.9603	-2819.6823	-2687.7789	-2.7220046	-2813.1627	-2661.8431	-2813.5801
331	331	-2780.8514	-2783.6036	-2630.5512	-2.7521746	-2777.0685	-2604.6507	-2777.4864
332	332	-3265.6147	-3268.3486	-3221.2248	-2.7339642	-3261.9271	-3192.5335	-3261.3939
333	333	-2879.2173	-2881.9556	-2699.6717	-2.7382381	-2875.4635	-2673.7524	-2875.8809
334	334	-3030.7964	-3033.5574	-2936.1804	-2.7610134	-3027.0722	-2910.7472	-3027.4897
335	335	-3174.6729	-3177.4873	-3086.4477	-2.814407	-3171.0242	-3058.4323	-3170.2858
336	336	-2199.8105	-2202.5643	-2049.8701	-2.7538267	-2195.8137	-2023.5607	-2196.2313
337	337	-2754.9651	-2757.6826	-2641.1297	-2.7175052	-2751.1639	-2615.1806	-2751.5814
338	338	-4427.5778	-4430.1374	-4367.4815	-2.5596432	-4424.1757	-4340.1135	-4423.0672
339	339	-2469.9186	-2472.683	-2273.4496	-2.7644678	-2466.0175	-2247.3476	-2466.4354
340	340	-2903.6818	-2906.2343	-2692.2628	-2.552513	-2865.1862	-2665.2873	-2865.6085
341	341	-2572.2884	-2575.0352	-2425.039	-2.74675	-2568.4273	-2399.0017	-2568.8447
342	342	-2853.8872	-2856.6327	-2734.762	-2.745517	-2850.1129	-2708.2953	-2850.5313
343	343	-2531.8282	-2534.447	-2275.5061	-2.618762	-2527.9222	-2247.8787	-2527.3059
344	344	-3553.4475	-3556.3869	-3426.6606	-2.9394281	-3517.7395	-3400.8096	-3516.6653
345	345	-2163.3975	-2166.1355	-2035.1759	-2.7379773	-2159.383	-2008.4429	-2159.8007
346	346	-4153.5556	-4156.319	-4083.2737	-2.7633624	-4150.0916	-4056.5681	-4149.754
347	347	-3453.324	-3456.0483	-3403.1998	-2.7243168	-3449.6907	-3376.6418	-3449.5162
348	348	-3247.8753	-3250.3961	-3078.8673	-2.5208739	-3212.3465	-3053.2266	-3212.7648
349	349	-2363.4846	-2366.2312	-2215.4783	-2.7465851	-2359.552	-2189.3043	-2359.9702
350	350	-2997.1439	-2999.8767	-2827.5588	-2.7327502	-2993.4298	-2801.8089	-2993.8472
351	351	-3850.2061	-3852.9466	-3843.1253	-2.7404797	-3846.7012	-3813.3768	-3847.119
352	352	-3040.8564	-3043.5239	-2809.112	-2.667533	-3003.9933	-2783.367	-3004.1479
353	353	-3819.5998	-3821.0229	-3651.6477	-1.4230266	-3780.6695	-3626.2969	-3781.1455
354	354	-3725.4984	-3728.2382	-3687.9235	-2.7398434	-3721.9337	-3664.9619	-3722.3513
355	355	-2999.451	-3002.2046	-2820.8435	-2.7535855	-2995.7253	-2795.0373	-2996.1427
356	356	-2745.3926	-2748.1257	-2591.9361	-2.7331066	-2741.607	-2566.0158	-2742.0249
357	357	-2548.43	-2551.1728	-2441.8353	-2.7427926	-2544.5574	-2415.2622	-2544.9753
358	358	-3012.5543	-3015.058	-2819.8526	-2.5036682	-2976.967	-2794.1208	-2977.3872
359	359	-2541.2203	-2543.9713	-2295.9478	-2.7509526	-2537.343	-2269.9157	-2537.7607
360	360	-2562.053	-2564.8259	-2426.2619	-2.7728781	-2558.1918	-2399.933	-2558.6092
361	361	-2686.9408	-2689.4723	-2464.8625	-2.5314351	-2649.2948	-2438.9067	-2649.7139
362	362	-2392.2515	-2394.9922	-2227.7084	-2.7407007	-2388.3394	-2201.5727	-2388.7581
363	363	-2118.511	-2121.2481	-2083.2673	-2.7371129	-2114.4947	-2054.6644	-2113.5515
364	364	-2486.4627	-2489.1717	-2293.7604	-2.7090085	-2482.5691	-2267.7117	-2482.9874
365	365	-2583.2268	-2585.7999	-2422.7315	-2.573141	-2579.3873	-2394.826	-2578.3097
366	366	-2878.4708	-2881.1099	-2663.9932	-2.639119	-2874.6744	-2637.0374	-2874.2584
367	367	-3090.9979	-3093.7605	-2920.952	-2.7625733	-3087.2477	-2894.1414	-3086.773
368	368	-2911.3677	-2914.099	-2798.2569	-2.73129	-2907.6164	-2771.8823	-2908.0339
369	369	-3609.7348	-3612.4716	-3479.3953	-2.7367974	-3606.137	-3453.8925	-3606.5545
370	370	-3419.9271	-3412.6154	-3265.4429	7.311742	-3373.8955	-3236.6102	-3372.7221
371	371	-2985.8463	-2988.5652	-2839.5872	-2.7189624	-2982.119	-2812.8691	-2981.7672
372	372	-3071.9704	-3074.7166	-2964.6629	-2.7461636	-3068.2497	-2938.8989	-3068.6683
373	373	-2819.1171	-2821.6276	-2571.9303	-2.5104374	-2781.868	-2546.1129	-2782.2863
374	374	-2583.1398	-2585.8879	-2487.7279	-2.7480833	-2579.2968	-2461.3898	-2579.7152
375	375	-2749.19	-2751.6903	-2584.2328	-2.5003062	-2712.6156	-2558.3596	-2713.035
376	376	-2732.852	-2735.6095	-2672.0486	-2.7574941	-2729.0513	-2644.5453	-2729.469
377	377	-2341.5555	-2344.2777	-2259.0755	-2.7221869	-2337.6219	-2232.8428	-2338.0393
378	378	-2806.6291	-2809.3512	-2690.6436	-2.7221027	-2802.8317	-2664.6565	-2803.2493
379	379	-2121.7332	-2124.4859	-2006.4959	-2.7526978	-2117.7083	-1980.0499	-2118.1258
380	380	-2466.9398	-2469.6922	-2342.9105	-2.7524292	-2463.0617	-2316.8591	-2463.4791
381	381	-2187.9543	-2201.4929	-1907.5446	-13.538566	-2151.7849	-1881.1056	-2152.2035
382	382	-2404.9622	-2407.7129	-2311.8664	-2.7506736	-2401.0623	-2285.6915	-2401.4798
383	383	-2507.9913	-2510.1281	-2230.2964	-2.1368079	-2471.2005	-2202.7694	-2469.7186
384	384	-2911.5521	-2914.315	-2788.5909	-2.7628594	-2907.8165	-2762.7534	-2908.234
385	385	-3148.7057	-3151.2333	-2986.6794	-2.5275773	-3111.6264	-2960.0848	-3110.7742
386	386	-2990.14	-2992.8462	-2951.3899	-2.7061607	-2986.4068	-2925.7622	-2986.8251
387	387	-3029.9783	-3032.5376	-2866.8346	-2.5593375	-2993.9073	-2841.1207	-2994.3279
388	388	-2163.1218	-2165.8612	-1842.4168	-2.739366	-2159.1009	-1815.9481	-2159.5188
389	389	-3791.5268	-3794.2282	-3752.1464	-2.7013968	-3787.9811	-3724.42	-3788.3989
390	390	-3036.4971	-3039.2824	-2888.2713	-2.7853179	-3032.7888	-2862.508	-3033.2068
391	391	-2052.8046	-2055.5332	-1796.4982	-2.7286569	-2048.7335	-1769.1596	-2049.1512
392	392	-2771.4435	-2774.189	-2681.8006	-2.7455304	-2767.6614	-2655.8383	-2768.0791
393	393	-2458.4287	-2461.1532	-2378.1644	-2.7245194	-2454.5348	-2352.0395	-2454.9525
394	394	-2372.7146	-2375.445	-2248.3113	-2.7304145	-2368.7918	-2221.9416	-2369.2102
395	395	-2584.5953	-2587.3267	-2482.9024	-2.7314031	-2580.7633	-2456.1845	-2581.1807
396	396	-2196.5767	-2199.3121	-2179.4778	-2.7354191	-2192.5858	-2157.3988	-2193.0039
397	397	-2647.1768	-2649.9231	-2435.987	-2.7463387	-2643.368	-2410.0142	-2643.7856
398	398	-2909.7744	-2912.5571	-2861.822	-2.7826822	-2906.0528	-2832.4691	-2905.6787
399	399	-2434.7637	-2437.5155	-2221.9696	-2.7518326	-2430.8729	-2195.6214	-2431.2904
400	400	-2914.0882	-2916.7342	-2797.3486	-2.6459837	-2910.3459	-2769.9617	-2909.5488
401	401	-2421.8949	-2424.6204	-2356.9166	-2.7254515	-2417.9691	-2333.0783	-2418.3874
402	402	-1661.7346	-1664.4711	-1627.7614	-2.7364725	-1657.4902	-1596.4621	-1657.9084
403	403	-3693.5181	-3696.065	-3602.7438	-2.5469567	-3655.2845	-3576.7829	-3655.6999
404	404	-2256.6563	-2259.1956	-1941.3149	-2.5393053	-2218.8596	-1914.9005	-2218.7464
405	405	-2469.5338	-2472.2897	-2326.7674	-2.7559215	-2465.6341	-2300.5769	-2466.0522
406	406	-2635.5094	-2638.0381	-2401.881	-2.5287053	-2599.718	-2375.962	-2599.9524
407	407	-2566.6763	-2569.4159	-2482.2753	-2.739577	-2562.8417	-2456.1855	-2563.2592
408	408	-4738.093	-4739.0562	-4624.1566	-0.96314528	-4703.7044	-4597.6703	-4701.5522
409	409	-3217.187	-3219.6987	-3025.271	-2.5117447	-3181.6438	-2999.6513	-3182.0614
410	410	-2996.7635	-2999.4891	-2932.3476	-2.7255583	-2993.0665	-2906.534	-2993.4841
411	411	-2646.3849	-2649.1311	-2513.3369	-2.7461104	-2642.5482	-2487.1182	-2642.9671
412	412	-2146.7126	-2149.4762	-1858.2364	-2.7635766	-2142.6966	-1831.812	-2143.114
413	413	-3870.9301	-3871.5937	-3722.8433	-0.66358735	-3831.9576	-3696.5498	-3831.172
414	414	-2670.2236	-2672.7555	-2393.6477	-2.531869	-2633.2613	-2367.7136	-2633.3398
415	415	-3952.7905	-3955.5466	-3897.4796	-2.756122	-3949.3008	-3872.14	-3949.7184
416	416	-3288.6333	-3291.1343	-3102.7307	-2.5010436	-3252.959	-3077.1579	-3253.1555
417	417	-3444.0556	-3446.7435	-3299.2934	-2.6879211	-3440.4048	-3272.6024	-3439.9946
418	418	-3160.6661	-3163.3644	-3058.7901	-2.6983097	-3156.9509	-3033.0052	-3157.3683
419	419	-2992.4789	-2995.0046	-2749.7102	-2.5256831	-2956.7644	-2723.9626	-2957.182
420	420	-2525.4648	-2528.1898	-2315.0807	-2.7250273	-2521.5845	-2289.039	-2522.0019
421	421	-2663.1928	-2665.7136	-2349.944	-2.5208725	-2627.3937	-2323.9845	-2627.4147
422	422	-3971.9138	-3974.6615	-3976.1538	-2.74768	-3968.3974	-3957.3211	-3968.153
423	423	-2305.5989	-2308.1853	-2115.4432	-2.5864268	-2301.6443	-2087.7501	-2300.7691
424	424	-2769.7616	-2772.505	-2635.7172	-2.7434415	-2765.9673	-2609.7529	-2766.3848
425	425	-2959.04	-2961.7467	-2871.5198	-2.7066767	-2955.2581	-2845.6661	-2955.6758
426	426	-3135.1002	-3137.8385	-3029.6592	-2.7383031	-3131.4046	-3003.9427	-3131.8225
427	427	-3620.1435	-3622.6513	-3532.0871	-2.5077366	-3583.4168	-3506.535	-3583.8362
428	428	-3707.4557	-3710.0117	-3585.3788	-2.5560109	-3672.1307	-3559.9475	-3672.5515
429	429	-3069.8242	-3072.5746	-2941.6692	-2.7503998	-3066.1036	-2915.915	-3066.5219
430	430	-2758.032	-2760.549	-2471.8333	-2.5169702	-2722.1594	-2445.9531	-2722.5778
431	431	-3306.0804	-3308.8362	-3136.3353	-2.7558572	-3270.8396	-3110.7222	-3271.2573
432	432	-2654.0102	-2656.7614	-2506.1516	-2.751256	-2650.1756	-2480.1484	-2650.5931
433	433	-2573.7082	-2576.3072	-2447.5547	-2.5989898	-2569.8409	-2419.9896	-2569.13
434	434	-2741.9867	-2744.7553	-2619.5726	-2.7685553	-2738.2094	-2593.6277	-2738.6268
435	435	-2857.7214	-2860.4478	-2824.3335	-2.7264304	-2853.9664	-2798.3779	-2854.3839
436	436	-2985.7962	-2988.5341	-2784.0947	-2.7378359	-2982.0431	-2758.3127	-2982.4606
437	437	-2644.0747	-2646.8347	-2524.6501	-2.7599681	-2640.2558	-2498.4489	-2640.6746
438	438	-2404.1782	-2406.9102	-2261.1129	-2.7320041	-2400.2557	-2233.4466	-2400.6734
439	439	-2067.145	-2069.8726	-1871.1492	-2.7275105	-2063.0899	-1844.7604	-2063.5078
440	440	-2662.4003	-2665.1298	-2591.0131	-2.7295327	-2658.5656	-2564.8951	-2658.9834
441	441	-2975.2207	-2977.9527	-2854.0175	-2.7319525	-2971.4418	-2827.1266	-2971.8592
442	442	-2739.4857	-2742.2267	-2560.5631	-2.7409867	-2735.6725	-2534.6124	-2736.0901
443	443	-2729.4929	-2732.2061	-2502.2353	-2.7131513	-2725.6753	-2476.3109	-2726.0939
444	444	-2809.6752	-2812.4252	-2746.3743	-2.7499651	-2805.878	-2720.4085	-2806.2959
445	445	-3161.1051	-3162.3257	-2906.5748	-1.2206496	-3123.3025	-2879.5163	-3121.3084
446	446	-2441.1779	-2443.9251	-2281.2269	-2.7472011	-2437.292	-2255.1261	-2437.7099
447	447	-2616.3573	-2619.1166	-2563.2133	-2.7593174	-2612.5552	-2537.0161	-2612.9736
448	448	-3608.554	-3611.167	-3447.9895	-2.6130559	-3573.2355	-3421.7628	-3570.7662
449	449	-1903.5203	-1906.2417	-1666.1549	-2.7213887	-1899.3668	-1639.2635	-1899.7844
450	450	-2840.1417	-2842.8403	-2767.0851	-2.6985775	-2836.3396	-2740.9875	-2836.7574
451	451	-2901.2967	-2904.0389	-2720.5013	-2.7422415	-2897.5278	-2694.6209	-2897.9452
452	452	-2734.7893	-2737.5578	-2454.6938	-2.768513	-2730.9813	-2428.7974	-2731.3988
453	453	-2267.7965	-2270.5341	-2048.3237	-2.7375891	-2263.8204	-2022.0976	-2264.2378
454	454	-3382.823	-3385.5417	-3295.7472	-2.7187179	-3379.1773	-3272.8474	-3379.5966
455	455	-3100.6291	-3103.4207	-2978.3227	-2.7916217	-3096.9445	-2952.5767	-3097.3626
456	456	-2338.3059	-2341.0252	-2132.0842	-2.7193583	-2334.354	-2105.9275	-2334.7722
457	457	-3879.1462	-3881.8788	-3883.7005	-2.7325759	-3875.6275	-3863.3595	-3875.7671
458	458	-3898.9029	-3899.1901	-3790.4446	-0.2872014	-3895.3722	-3764.8357	-3859.5404
459	459	-2542.0043	-2544.7425	-2348.64	-2.7382027	-2538.1593	-2322.4813	-2538.5768
460	460	-3231.746	-3243.4012	-3002.3309	-11.655189	-3195.1147	-2975.5301	-3194.3072
461	461	-2262.6107	-2265.0218	-1981.6075	-2.4110745	-2226.4357	-1955.3108	-2226.8532
462	462	-2061.9145	-2064.6521	-1777.5439	-2.7376524	-2057.8272	-1751.0446	-2058.2449
463	463	-3024.097	-3026.6311	-2776.5039	-2.5340808	-2987.995	-2749.7692	-2987.0692
464	464	-2060.5957	-2063.333	-1933.6249	-2.7373139	-2056.5528	-1907.2315	-2056.9702
465	465	-2891.7104	-2893.9765	-2676.9166	-2.2660599	-2855.6933	-2649.8157	-2854.4757
466	466	-3660.9899	-3663.6888	-3624.4389	-2.6989399	-3657.4048	-3599.2003	-3657.4266
467	467	-2292.117	-2294.6452	-1997.7169	-2.5282518	-2256.1198	-1971.4055	-2256.5416
468	468	-2951.9621	-2954.6971	-2915.428	-2.734985	-2948.2218	-2886.9635	-2948.6392
469	469	-3279.3429	-3282.0754	-3178.0288	-2.7325038	-3275.6432	-3151.6033	-3275.8125
470	470	-2191.6006	-2194.298	-2055.2171	-2.6973882	-2187.5819	-2028.9604	-2187.9993
471	471	-2959.1085	-2961.8506	-2902.8963	-2.7421703	-2955.3806	-2876.9193	-2955.799
472	472	-2454.8548	-2457.6009	-2278.6577	-2.746107	-2450.9548	-2252.3439	-2451.3732
473	473	-1951.1805	-1953.9271	-1707.8072	-2.7465758	-1947.0774	-1681.249	-1947.4949
474	474	-3126.4059	-3129.155	-3007.3178	-2.7490489	-3122.7377	-2981.5843	-3123.1556
475	475	-3095.6872	-3098.4402	-3043.7324	-2.7530097	-3091.9784	-3018.3161	-3092.3963
476	476	-4739.0389	-4741.7197	-4628.522	-2.6807502	-4702.4268	-4601.5498	-4701.7976
477	477	-2935.3479	-2938.058	-2753.4767	-2.7101273	-2931.583	-2726.5089	-2931.0466
478	478	-2577.5888	-2580.3218	-2397.7976	-2.7330744	-2573.7336	-2370.2011	-2573.3435
479	479	-2824.0257	-2826.7637	-2617.8408	-2.7379142	-2820.2384	-2591.9459	-2820.6562
480	480	-3046.4717	-3048.9809	-2852.398	-2.5092348	-3010.8675	-2826.6337	-3011.287
481	481	-2636.2153	-2638.9643	-2577.5991	-2.7490257	-2632.3873	-2550.5813	-2632.8053
482	482	-2202.0864	-2204.829	-1996.9672	-2.7426089	-2198.092	-1970.6933	-2198.5096
483	483	-3063.3829	-3066.0562	-3041.2112	-2.6732644	-3059.6417	-3014.9862	-3059.3358
484	484	-2624.3431	-2627.0957	-2403.8012	-2.7526112	-2620.519	-2377.833	-2620.9369
485	485	-2705.0324	-2707.7433	-2592.4506	-2.7109346	-2701.2079	-2564.7613	-2700.6075
486	486	-2158.3294	-2161.0463	-1979.2147	-2.7169221	-2154.3152	-1952.9247	-2154.7326
487	487	-2741.0906	-2743.8244	-2576.5645	-2.7337333	-2737.3001	-2550.6575	-2737.7177
488	488	-2677.881	-2680.6348	-2594.345	-2.7538076	-2674.0758	-2567.2402	-2674.4936
489	489	-3067.1023	-3069.8556	-2893.9223	-2.7532941	-3063.3775	-2868.1872	-3063.7951
490	490	-2227.2513	-2229.9749	-2089.5341	-2.7236421	-2223.291	-2062.7988	-2223.7085
491	491	-2646.6037	-2649.3638	-2516.9904	-2.760072	-2642.7924	-2487.8562	-2641.9835
492	492	-2742.854	-2745.3309	-2535.8284	-2.4768759	-2706.6994	-2509.9772	-2707.1175
493	493	-3187.6065	-3190.3278	-3048.7771	-2.7212987	-3183.9016	-3020.8393	-3182.9939
494	494	-2824.4311	-2827.1721	-2793.7647	-2.7410127	-2820.636	-2765.4019	-2821.0534
495	495	-2667.1496	-2669.7614	-2512.9564	-2.6117752	-2663.3233	-2485.6878	-2662.6565
496	496	-2469.1344	-2471.9028	-2400.1923	-2.7684554	-2465.2874	-2373.7264	-2465.7057
497	497	-3422.2866	-3424.6105	-3224.8684	-2.3239289	-3386.7457	-3198.4133	-3385.8991
498	498	-3475.0422	-3477.4454	-3327.2709	-2.4032242	-3471.408	-3299.7096	-3469.6631
499	499	-2950.9416	-2953.6434	-2826.2994	-2.7017905	-2947.1581	-2800.4741	-2947.5759
