No.	ID	loglik_NUll	loglik_RES	loglik_all	log_ratio	loglik_Max1	loglik_Max2	loglik_Max3
0	0	-2909.5349	-2858.6124	-2861.8688	50.922496	-2905.7823	-2849.2171	-2849.2172
1	1	-1834.4546	-1791.7797	-1795.1757	42.674831	-1830.2677	-1780.8936	-1780.8173
2	2	-1901.5771	-1866.6754	-1869.9976	34.90166	-1897.4245	-1856.6958	-1856.6944
3	3	-1914.9097	-1874.7608	-1878.0319	40.148915	-1910.7737	-1864.7708	-1864.7702
4	4	-3418.6235	-3393.2426	-3396.5532	25.380873	-3414.9822	-3383.9465	-3383.9474
5	5	-3519.0548	-3514.1079	-3517.4076	4.9468615	-3514.9561	-3503.7438	-3504.6597
6	6	-2360.9168	-2320.799	-2325.0474	40.117805	-2356.9728	-2308.5807	-2308.5588
7	7	-3503.9879	-3492.4758	-3496.1901	11.512097	-3500.3562	-3479.507	-3482.0653
8	8	-2135.9069	-2094.0885	-2097.3492	41.81844	-2131.9131	-2083.488	-2084.257
9	9	-3141.963	-3120.007	-3124.5349	21.955954	-3138.2299	-3108.5561	-3108.5512
10	10	-2108.8316	-2076.5192	-2079.7602	32.312426	-2104.7624	-2066.5521	-2066.5543
11	11	-2088.9988	-2037.7921	-2041.0445	51.206749	-2084.96	-2027.9796	-2027.9775
12	12	-2178.6976	-2125.4881	-2128.7949	53.209483	-2174.7112	-2115.7376	-2115.7372
13	13	-2543.1613	-2518.2991	-2521.5894	24.86215	-2539.2856	-2508.6016	-2508.6019
14	14	-2575.5134	-2525.357	-2528.6455	50.156345	-2571.6728	-2515.8228	-2515.8233
15	15	-1793.9162	-1729.6046	-1732.8979	64.311645	-1789.7347	-1719.6593	-1719.6591
16	16	-2364.7175	-2302.9558	-2306.2211	61.761694	-2360.7936	-2293.324	-2293.3237
17	17	-2092.1097	-2045.5294	-2048.8139	46.580248	-2088.0673	-2035.7149	-2035.7154
18	18	-2015.8535	-1964.5547	-1968.4942	51.298803	-2011.7744	-1954.0434	-1954.0445
19	19	-2875.4529	-2868.6743	-2871.5377	6.7786736	-2871.6912	-2855.7849	-2859.0015
20	20	-1783.0246	-1711.2137	-1714.4957	71.810838	-1778.799	-1701.272	-1701.2711
21	21	-2937.0774	-2939.0631	-2941.1166	-1.9856905	-2933.3706	-2929.4909	-2929.4603
22	22	-1731.2114	-1630.3496	-1633.6317	100.86187	-1726.9687	-1620.4005	-1620.4008
23	23	-1514.1219	-1493.4526	-1496.7044	20.669326	-1509.8407	-1483.1489	-1483.1476
24	24	-2442.4493	-2378.8883	-2382.1358	63.560941	-2438.5487	-2369.2908	-2369.289
25	25	-2526.1098	-2481.7741	-2485.4731	44.335634	-2522.231	-2470.9149	-2470.9148
26	26	-2743.92	-2699.8508	-2703.3682	44.069256	-2740.1298	-2689.7369	-2689.7304
27	27	-2353.1799	-2283.6313	-2287.2837	69.548609	-2349.2296	-2273.178	-2273.1687
28	28	-2409.947	-2378.8093	-2382.8311	31.137737	-2406.0073	-2366.6703	-2366.6657
29	29	-3176.4458	-3125.9405	-3129.6656	50.505333	-3172.7435	-3115.547	-3115.4515
30	30	-2631.7791	-2604.674	-2607.9574	27.105081	-2627.9325	-2595.0393	-2595.0393
31	31	-2465.9482	-2431.197	-2434.9206	34.751219	-2462.0675	-2420.2603	-2420.253
32	32	-2302.5887	-2269.4271	-2273.0631	33.161661	-2298.6568	-2258.8099	-2258.8035
33	33	-2175.3493	-2122.0482	-2125.3343	53.301103	-2171.3136	-2112.2519	-2112.2523
34	34	-2706.8758	-2622.8607	-2626.1601	84.015064	-2703.0146	-2613.473	-2613.4738
35	35	-2686.6212	-2679.1661	-2682.4351	7.4550652	-2682.8021	-2669.4207	-2669.4211
36	36	-3310.1118	-3285.9482	-3289.6121	24.163542	-3306.4303	-3276.1178	-3276.1204
37	37	-1951.6867	-1937.7898	-1941.0883	13.896887	-1947.5776	-1927.0024	-1927.7067
38	38	-2347.8296	-2314.4529	-2317.714	33.376758	-2343.8787	-2304.7087	-2304.708
39	39	-1877.24	-1819.673	-1822.9327	57.566989	-1873.1008	-1809.74	-1809.74
40	40	-2340.98	-2298.4813	-2302.2819	42.49872	-2337.0393	-2287.4395	-2287.4404
41	41	-2037.6206	-1987.9202	-1991.1905	49.700328	-2033.5488	-1978.0755	-1978.0759
42	42	-2138.094	-2115.0806	-2118.3544	23.013485	-2134.0688	-2104.0949	-2105.1644
43	43	-2462.4255	-2403.3402	-2406.9203	59.085299	-2458.5452	-2392.9502	-2392.9418
44	44	-2332.9668	-2290.1101	-2294.6911	42.856759	-2329.02	-2279.1803	-2279.1809
45	45	-1768.3623	-1697.9915	-1701.8256	70.370785	-1764.1893	-1686.9387	-1686.9303
46	46	-2962.9496	-2945.2745	-2948.5378	17.675055	-2959.2104	-2935.7189	-2935.7185
47	47	-1988.9439	-1956.8731	-1960.2677	32.070875	-1984.8875	-1946.3399	-1946.825
48	48	-2625.1495	-2606.1071	-2609.2758	19.042382	-2621.3256	-2594.4257	-2596.4803
49	49	-3491.6863	-3477.5098	-3480.7986	14.17654	-3488.0129	-3468.0832	-3468.0831
50	50	-1936.3758	-1851.8951	-1855.2096	84.480707	-1932.2412	-1842.0958	-1842.0963
51	51	-3019.7734	-2959.9681	-2963.2279	59.805378	-3016.0049	-2950.6369	-2950.6338
52	52	-1885.5113	-1827.7388	-1831.1251	57.772512	-1881.3342	-1817.8108	-1817.7827
53	53	-1846.638	-1803.102	-1806.3573	43.53598	-1842.4776	-1793.1016	-1793.1022
54	54	-2602.3182	-2590.3567	-2593.8154	11.961498	-2598.4574	-2579.3178	-2579.262
55	55	-2114.4203	-2053.4587	-2058.3006	60.961647	-2110.3907	-2041.8573	-2041.8542
56	56	-1764.8804	-1717.3864	-1720.7316	47.494048	-1760.6478	-1707.3694	-1707.3696
57	57	-2173.5346	-2126.8887	-2130.3844	46.645894	-2169.5143	-2115.9443	-2115.9451
58	58	-2435.8509	-2391.708	-2395.443	44.142929	-2431.9382	-2380.7731	-2380.7761
59	59	-2381.4163	-2344.9068	-2349.9604	36.50948	-2377.5039	-2332.9954	-2332.9917
60	60	-3085.4553	-3064.7738	-3068.041	20.681502	-3081.72	-3055.2736	-3055.2741
61	61	-1992.1231	-1963.6945	-1967.7395	28.428624	-1988.0385	-1952.1968	-1952.1953
62	62	-2215.4166	-2204.7965	-2208.7307	10.620108	-2211.44	-2194.1128	-2194.1124
63	63	-3194.0062	-3174.4337	-3177.704	19.572542	-3190.2714	-3164.9755	-3164.9762
64	64	-2440.5656	-2399.3396	-2402.9831	41.225997	-2436.6851	-2388.7819	-2388.7793
65	65	-1574.5945	-1513.2283	-1516.5157	61.366161	-1570.2888	-1503.0689	-1503.0685
66	66	-2055.9177	-2003.6577	-2006.9374	52.260005	-2051.8628	-1993.8194	-1993.8169
67	67	-2632.7995	-2591.9253	-2595.5153	40.874275	-2628.9849	-2581.6186	-2581.6141
68	68	-2926.1986	-2909.4365	-2912.7428	16.762069	-2922.4753	-2898.6622	-2899.4145
69	69	-2922.9688	-2893.4897	-2897.0105	29.479101	-2919.2102	-2883.341	-2883.3415
70	70	-2719.5281	-2692.1302	-2695.3961	27.397948	-2715.7163	-2682.5272	-2682.5239
71	71	-2497.7703	-2462.95	-2466.2149	34.820381	-2493.9227	-2453.3132	-2453.3154
72	72	-1620.8995	-1550.6186	-1554.0392	70.280885	-1616.6331	-1540.2946	-1540.2796
73	73	-2638.8919	-2608.9734	-2612.5598	29.918481	-2635.0648	-2598.6692	-2598.6728
74	74	-1510.5577	-1425.0484	-1428.9833	85.50926	-1506.2357	-1413.4311	-1413.4305
75	75	-1931.5863	-1861.1907	-1864.6059	70.395619	-1927.4549	-1851.0156	-1850.9226
76	76	-1802.2678	-1736.2052	-1739.4888	66.062605	-1798.0693	-1726.1284	-1726.1224
77	77	-1969.2077	-1934.5808	-1937.8491	34.626887	-1965.109	-1924.5851	-1924.5854
78	78	-2630.4167	-2574.1599	-2577.654	56.256783	-2626.5697	-2564.0323	-2564.0072
79	79	-2902.0944	-2843.0569	-2846.3221	59.0375	-2886.0394	-2833.7427	-2833.7436
80	80	-2324.1794	-2249.8041	-2253.0783	74.375351	-2320.2381	-2240.1765	-2240.1734
81	81	-2908.7522	-2869.7851	-2874.2315	38.967151	-2905.0092	-2859.7323	-2859.733
82	82	-2002.5354	-1971.7104	-1975.4181	30.824914	-1998.4499	-1960.7256	-1960.7176
83	83	-1642.3114	-1500.894	-1504.1864	141.41741	-1638.0529	-1490.9247	-1490.9254
84	84	-3691.4918	-3659.055	-3662.7469	32.436756	-3687.9214	-3649.2732	-3649.2745
85	85	-2142.5297	-2119.8023	-2123.0633	22.72744	-2138.5076	-2109.8548	-2109.8545
86	86	-1630.1852	-1507.9573	-1511.2443	122.22795	-1625.9293	-1497.9614	-1497.9625
87	87	-2920.74	-2866.8013	-2870.1044	53.938717	-2916.9681	-2857.4475	-2857.4471
88	88	-1637.7959	-1504.2677	-1507.5463	133.52816	-1633.5198	-1494.2873	-1494.288
89	89	-3092.4124	-3055.3383	-3058.6081	37.074135	-3088.7006	-3045.9899	-3045.9889
90	90	-2532.4461	-2501.9817	-2506.3712	30.464369	-2528.5869	-2490.0056	-2490.416
91	91	-2430.544	-2433.2774	-2434.7795	-2.7333786	-2426.6222	-2424.6699	-2424.1259
92	92	-3338.4243	-3287.3923	-3290.665	51.032014	-3327.3241	-3278.1412	-3278.1393
93	93	-3963.3175	-3939.6022	-3942.9147	23.715385	-3959.8255	-3930.4724	-3930.4724
94	94	-1581.2132	-1541.8665	-1545.116	39.346716	-1576.9481	-1531.6432	-1531.6427
95	95	-2664.1176	-2624.5529	-2627.834	39.564703	-2660.3046	-2615.0116	-2615.011
96	96	-2400.7083	-2374.6136	-2377.6609	26.094676	-2396.7834	-2362.2995	-2364.9007
97	97	-2529.2015	-2512.0639	-2515.3303	17.137629	-2525.3477	-2502.3097	-2502.3089
98	98	-1855.9336	-1724.3232	-1727.605	131.61043	-1851.7213	-1714.5213	-1714.5215
99	99	-2264.1866	-2218.3936	-2221.6737	45.792988	-2260.2201	-2208.677	-2208.6768
100	100	-3429.5319	-3402.7874	-3406.0693	26.744591	-3425.8993	-3393.4605	-3393.4599
101	101	-3618.1307	-3598.4726	-3601.7912	19.658075	-3614.5402	-3589.1875	-3589.1864
102	102	-2268.2901	-2251.5976	-2254.8795	16.692518	-2264.3005	-2241.2783	-2241.3463
103	103	-2644.326	-2576.0063	-2579.263	68.319713	-2640.4926	-2566.5263	-2566.5277
104	104	-2522.7317	-2456.6694	-2459.9633	66.062314	-2518.8507	-2447.1417	-2447.1412
105	105	-2408.7214	-2364.1662	-2367.4523	44.55524	-2404.7942	-2354.4894	-2354.4899
106	106	-2275.9841	-2267.4412	-2270.7257	8.5429625	-2272.022	-2257.5194	-2257.5193
107	107	-2427.1193	-2383.8253	-2387.1015	43.29398	-2423.2331	-2374.2049	-2374.2055
108	108	-2809.611	-2781.9322	-2786.1421	27.678757	-2805.8119	-2770.8111	-2770.8088
109	109	-2439.2269	-2407.2104	-2410.4881	32.016518	-2435.3426	-2397.5305	-2397.5304
110	110	-3015.2886	-2995.5097	-2998.7964	19.778909	-3011.5499	-2984.0872	-2986.0011
111	111	-2227.2312	-2189.1035	-2192.3932	38.127668	-2223.2471	-2179.3191	-2179.319
112	112	-2563.7995	-2507.4998	-2510.768	56.299727	-2559.9266	-2497.954	-2497.9537
113	113	-2265.5687	-2232.8484	-2236.1176	32.720291	-2261.6008	-2223.0879	-2223.089
114	114	-2175.8142	-2123.0451	-2126.3167	52.769162	-2171.8236	-2113.2792	-2113.2789
115	115	-2462.6156	-2395.1714	-2399.8129	67.444165	-2458.7077	-2383.7871	-2383.7866
116	116	-2412.0227	-2396.2922	-2399.5711	15.730522	-2408.1077	-2386.4856	-2386.486
117	117	-1545.4651	-1492.6141	-1496.88	52.851008	-1541.2079	-1480.6127	-1480.6115
118	118	-3534.1227	-3523.945	-3527.5845	10.177666	-3530.4948	-3514.2693	-3514.2674
119	119	-2814.1704	-2759.4255	-2762.9537	54.74487	-2810.3784	-2749.2886	-2749.2888
120	120	-2553.199	-2486.9496	-2490.2227	66.249459	-2549.3086	-2477.4273	-2477.4273
121	121	-3063.9027	-3049.1769	-3052.6966	14.72576	-3060.1865	-3039.1193	-3039.1125
122	122	-2432.6143	-2428.5035	-2433.0053	4.1108088	-2428.7108	-2417.531	-2417.4966
123	123	-2028.5094	-1987.355	-1990.6557	41.154412	-2024.4432	-1977.3674	-1977.3194
124	124	-2365.5851	-2299.8791	-2303.5485	65.706038	-2361.6683	-2289.3006	-2289.2993
125	125	-2273.3901	-2179.0818	-2182.9143	94.308274	-2269.4418	-2168.5889	-2168.592
126	126	-2203.1813	-2165.6259	-2168.9043	37.555409	-2199.202	-2155.8286	-2155.8286
127	127	-2742.8733	-2708.9473	-2713.2197	33.92593	-2739.0808	-2698.3282	-2698.326
128	128	-3314.3065	-3278.3721	-3281.6651	35.934385	-3310.659	-3269.0921	-3269.0924
129	129	-1798.0954	-1727.8815	-1731.1468	70.213959	-1793.8932	-1717.9225	-1717.9211
130	130	-1739.9363	-1698.3667	-1701.6603	41.569526	-1735.6981	-1688.3005	-1688.301
131	131	-3116.3413	-3105.063	-3108.3025	11.27835	-3112.6118	-3091.6266	-3095.5138
132	132	-1810.2989	-1743.1071	-1746.4104	67.191769	-1806.1394	-1733.1629	-1733.1626
133	133	-2179.598	-2159.5955	-2162.8654	20.002519	-2175.5923	-2149.4022	-2149.3999
134	134	-1603.1206	-1527.1894	-1530.4648	75.93129	-1598.7964	-1517.0493	-1517.0462
135	135	-1990.4684	-1953.6546	-1956.9183	36.813865	-1986.3988	-1943.7044	-1943.7033
136	136	-1976.8711	-1920.4612	-1923.7338	56.409957	-1972.7889	-1910.5849	-1910.5845
137	137	-3466.1513	-3449.6746	-3452.9531	16.476722	-3462.5423	-3440.3092	-3440.3093
138	138	-2973.4383	-2955.9289	-2959.2133	17.509346	-2969.7369	-2946.4257	-2946.4235
139	139	-3415.3323	-3397.8119	-3401.1231	17.52036	-3411.6666	-3388.4355	-3388.4352
140	140	-1652.2846	-1601.9545	-1605.212	50.330098	-1647.9906	-1591.856	-1591.8547
141	141	-2372.7833	-2320.5043	-2324.9261	52.278968	-2368.8427	-2309.0473	-2309.047
142	142	-2693.1506	-2689.0818	-2692.3501	4.0687891	-2689.3421	-2679.2082	-2679.1738
143	143	-2166.7925	-2121.6619	-2125.3611	45.130628	-2162.7561	-2110.887	-2110.8859
144	144	-2313.5668	-2316.1469	-2317.8217	-2.5801637	-2309.6484	-2308.8134	-2308.8178
145	145	-2321.664	-2284.0064	-2287.3139	37.657545	-2317.728	-2274.2797	-2274.2803
146	146	-1640.4421	-1559.1861	-1562.4771	81.256003	-1636.161	-1549.1421	-1549.1424
147	147	-2205.453	-2133.7356	-2137.3912	71.717398	-2201.4765	-2123.1122	-2123.1108
148	148	-2410.4444	-2385.158	-2388.4173	25.286326	-2406.5515	-2375.4138	-2375.4148
149	149	-2153.104	-2096.2922	-2099.5856	56.811872	-2149.0761	-2086.512	-2086.5128
150	150	-2427.2022	-2350.154	-2353.4378	77.048232	-2423.299	-2340.6296	-2340.6294
151	151	-3052.8789	-3037.5593	-3041.0818	15.31953	-3049.1272	-3026.7732	-3026.7738
152	152	-1562.0072	-1491.8837	-1495.6848	70.123499	-1557.7199	-1480.3996	-1480.4
153	153	-1915.4157	-1831.9123	-1836.2334	83.503383	-1911.2639	-1820.2542	-1820.2372
154	154	-1883.1553	-1819.3267	-1822.6063	63.828626	-1879.0009	-1809.4038	-1809.402
155	155	-2633.137	-2622.1082	-2625.7016	11.028751	-2629.3277	-2611.0516	-2611.0495
156	156	-1999.249	-1978.0284	-1981.3053	21.22063	-1995.154	-1967.9761	-1967.9749
157	157	-3080.4531	-3029.5836	-3033.0973	50.869494	-3076.7717	-3019.732	-3019.7276
158	158	-1445.7342	-1331.1792	-1334.4384	114.55495	-1441.3545	-1320.9355	-1320.9365
159	159	-2032.7317	-1989.9709	-1993.2675	42.760803	-2028.6609	-1980.0622	-1980.0589
160	160	-2823.2901	-2761.3744	-2764.6701	61.915663	-2819.5074	-2752.0017	-2752.0017
161	161	-2385.8906	-2342.9277	-2346.8908	42.962899	-2381.9789	-2331.459	-2331.4391
162	162	-2727.2866	-2690.331	-2693.9324	36.955533	-2723.4987	-2679.9782	-2679.9755
163	163	-2064.6443	-2056.2943	-2059.7081	8.3499979	-2060.5974	-2045.9165	-2045.9378
164	164	-2282.8747	-2243.6527	-2246.9127	39.222027	-2278.8904	-2233.8723	-2233.8737
165	165	-1613.9814	-1563.7934	-1567.0618	50.187989	-1609.6749	-1553.6658	-1553.6686
166	166	-1527.1043	-1479.8529	-1483.1439	47.251344	-1522.8001	-1469.6097	-1469.609
167	167	-3254.221	-3241.5442	-3244.8068	12.676829	-3250.5514	-3232.0551	-3232.0545
168	168	-2180.8202	-2170.8785	-2174.165	9.9416861	-2176.8216	-2160.083	-2160.9242
169	169	-2233.8891	-2211.5356	-2214.8223	22.35348	-2229.9327	-2201.6641	-2201.6656
170	170	-2455.4691	-2406.1727	-2409.4495	49.296383	-2451.5928	-2396.577	-2396.5771
171	171	-2899.9966	-2864.4493	-2867.4387	35.547256	-2896.2355	-2853.3714	-2853.3199
172	172	-1873.646	-1820.2678	-1823.5809	53.378182	-1869.4911	-1810.3656	-1810.3663
173	173	-2178.3064	-2086.0793	-2089.3348	92.227165	-2174.2937	-2076.3934	-2076.3938
174	174	-2490.4154	-2461.5761	-2465.1962	28.839278	-2486.5028	-2450.9653	-2450.9648
175	175	-2892.8441	-2881.3848	-2884.9359	11.459252	-2889.0913	-2871.027	-2871.028
176	176	-2068.1714	-2011.1348	-2014.4065	57.036584	-2064.1174	-2001.3123	-2001.3125
177	177	-2630.0951	-2622.0111	-2625.5748	8.0840847	-2626.2899	-2611.5329	-2611.5207
178	178	-1926.4196	-1866.4581	-1869.708	59.961553	-1922.2844	-1856.5728	-1856.5723
179	179	-2659.311	-2630.8696	-2634.5353	28.441423	-2655.4992	-2617.2738	-2619.7416
180	180	-2412.0749	-2346.5643	-2349.8563	65.510614	-2408.1597	-2336.9653	-2336.9656
181	181	-1949.6971	-1918.1519	-1921.4537	31.545272	-1945.5971	-1908.1815	-1908.1816
182	182	-2276.3776	-2204.83	-2208.0839	71.547641	-2272.406	-2195.1596	-2195.1596
183	183	-3047.7213	-3026.0719	-3029.62	21.649445	-3044.0267	-3015.9811	-3015.9805
184	184	-2632.9345	-2617.1371	-2620.4111	15.797336	-2629.1116	-2607.4508	-2607.4506
185	185	-2645.6252	-2644.0114	-2647.7683	1.6137454	-2641.7952	-2632.0151	-2632.0152
186	186	-2075.799	-2060.6131	-2063.8999	15.185864	-2071.789	-2050.6299	-2050.6295
187	187	-2894.8672	-2867.2764	-2870.5683	27.59081	-2891.1318	-2856.5266	-2857.8007
188	188	-1790.9347	-1722.5792	-1726.3189	68.355558	-1786.7207	-1711.3526	-1711.3518
189	189	-2052.4775	-2028.3831	-2031.7786	24.09436	-2048.435	-2017.7124	-2018.2604
190	190	-3592.8298	-3582.3511	-3585.9158	10.478724	-3589.2286	-3572.349	-3572.3496
191	191	-1719.4719	-1696.7363	-1700.0402	22.735647	-1715.2683	-1686.478	-1686.4698
192	192	-2552.148	-2511.6359	-2515.2347	40.512097	-2548.3087	-2500.9943	-2500.8819
193	193	-2593.5818	-2579.9357	-2582.2414	13.646129	-2589.7405	-2563.4908	-2568.4291
194	194	-2117.0926	-2067.2044	-2070.4769	49.888181	-2113.0773	-2057.3801	-2057.3798
195	195	-2091.6381	-2042.9805	-2046.9309	48.657534	-2087.5709	-2032.2486	-2032.2481
196	196	-1537.2528	-1487.5445	-1491.0216	49.7083	-1532.9564	-1476.8638	-1476.8581
197	197	-2720.9168	-2706.0608	-2709.3327	14.856019	-2717.1126	-2695.972	-2696.373
198	198	-2697.0797	-2673.686	-2676.9434	23.393787	-2693.2709	-2663.9477	-2664.0922
199	199	-2130.0598	-2065.2314	-2068.4926	64.828422	-2126.0555	-2055.4612	-2055.4615
200	200	-2321.0584	-2256.8257	-2260.096	64.232631	-2317.0994	-2247.1999	-2247.1995
201	201	-2840.7911	-2801.7472	-2805.0376	39.043891	-2837.0469	-2792.2922	-2792.2924
202	202	-2008.3251	-1948.8579	-1952.1326	59.467184	-2004.2232	-1938.9687	-1938.9687
203	203	-2352.8631	-2335.8291	-2339.1144	17.033982	-2348.9317	-2325.9917	-2325.9921
204	204	-2612.7582	-2592.5453	-2596.144	20.212815	-2608.9191	-2582.0875	-2582.0804
205	205	-2128.7691	-2113.6559	-2116.9114	15.113221	-2124.7404	-2103.6387	-2103.6388
206	206	-1927.8182	-1870.0308	-1873.2874	57.787462	-1923.6837	-1860.1301	-1860.1288
207	207	-3384.7916	-3375.9461	-3379.4179	8.8455393	-3381.1443	-3365.0557	-3366.018
208	208	-2591.926	-2543.6446	-2546.9252	48.281412	-2588.0821	-2534.0911	-2534.0906
209	209	-2304.9713	-2269.9346	-2273.2214	35.036792	-2301.023	-2260.2162	-2260.2158
210	210	-1686.4232	-1630.1005	-1633.3575	56.322626	-1682.1866	-1620.025	-1620.025
211	211	-1343.1198	-1192.449	-1195.714	150.67082	-1338.6894	-1182.1595	-1182.162
212	212	-1792.3993	-1763.9714	-1767.6055	28.427972	-1788.217	-1752.5032	-1752.5036
213	213	-2739.8563	-2718.5674	-2721.8246	21.288948	-2736.0541	-2708.9438	-2708.9436
214	214	-1944.1181	-1917.0948	-1920.8027	27.02331	-1940.0331	-1906.0466	-1906.0398
215	215	-3269.0318	-3232.5907	-3235.8638	36.441133	-3265.3476	-3223.2546	-3223.2551
216	216	-1692.6857	-1680.4024	-1683.6749	12.283293	-1688.4984	-1670.145	-1670.145
217	217	-1606.0443	-1515.6824	-1518.9486	90.361936	-1601.7794	-1505.6085	-1505.6071
218	218	-3086.0193	-3068.2891	-3071.6	17.730206	-3082.2722	-3058.7591	-3058.7513
219	219	-1559.6059	-1539.4072	-1542.9589	20.198717	-1555.3138	-1527.5652	-1527.6638
220	220	-3017.15	-3007.7669	-3010.7735	9.3831119	-3013.4041	-2989.236	-2998.1972
221	221	-1877.0293	-1819.532	-1823.4157	57.49726	-1872.8508	-1808.5002	-1808.498
222	222	-3031.7811	-3018.1896	-3021.4995	13.591493	-3028.0753	-3008.6804	-3008.6801
223	223	-1913.538	-1773.0209	-1776.9728	140.51711	-1896.8013	-1762.0512	-1762.0504
224	224	-1971.5701	-1894.0338	-1897.3304	77.536233	-1967.4669	-1884.2317	-1884.2322
225	225	-3067.7297	-3058.1107	-3061.7514	9.618951	-3064.024	-3047.6363	-3047.6203
226	226	-3261.3216	-3245.9484	-3249.2225	15.373188	-3257.6464	-3236.5275	-3236.5254
227	227	-1636.4731	-1595.4383	-1598.713	41.034861	-1632.2265	-1585.2377	-1585.276
228	228	-2130.2592	-2109.3578	-2112.6443	20.901479	-2126.2329	-2099.42	-2099.4197
229	229	-2203.5071	-2153.2474	-2156.5107	50.259716	-2199.5307	-2143.5066	-2143.507
230	230	-1952.127	-1918.8914	-1922.6396	33.235639	-1948.012	-1907.8914	-1907.8854
231	231	-2620.8685	-2603.9181	-2607.5587	16.950356	-2617.0383	-2593.7516	-2593.7456
232	232	-1599.0122	-1516.9076	-1520.1881	82.104587	-1594.7266	-1506.8544	-1506.855
233	233	-1963.9226	-1933.5205	-1936.0586	30.402094	-1959.823	-1919.8006	-1923.5409
234	234	-2611.2648	-2579.785	-2583.0525	31.47983	-2607.4392	-2570.1793	-2570.1775
235	235	-1683.6085	-1647.0751	-1650.3691	36.533368	-1679.4019	-1636.9483	-1636.9495
236	236	-2550.8202	-2521.5826	-2525.199	29.237593	-2546.9508	-2511.1648	-2511.1633
237	237	-2673.7906	-2622.325	-2625.636	51.465627	-2669.9622	-2612.7811	-2612.8058
238	238	-1476.8659	-1459.983	-1463.5045	16.882812	-1472.5343	-1448.6661	-1448.8816
239	239	-2030.017	-1964.4504	-1968.344	65.566569	-2025.9285	-1953.6854	-1953.6866
240	240	-2833.1545	-2808.1449	-2811.4284	25.009617	-2829.3803	-2798.599	-2798.5998
241	241	-1524.3826	-1482.0342	-1485.5252	42.348404	-1520.062	-1471.209	-1471.2089
242	242	-2351.0693	-2297.9658	-2301.6077	53.103469	-2347.1253	-2286.5399	-2287.4008
243	243	-2052.0485	-1940.7238	-1944.0183	111.32476	-2047.9728	-1931.033	-1931.0331
244	244	-2697.4564	-2677.923	-2681.2116	19.533321	-2693.661	-2668.2867	-2668.2875
245	245	-2231.3919	-2188.3133	-2192.6172	43.078618	-2227.3872	-2176.7919	-2176.7886
246	246	-2595.0527	-2567.3049	-2570.9193	27.747715	-2591.2138	-2556.8293	-2556.8254
247	247	-1616.0048	-1540.4079	-1543.8616	75.596845	-1611.766	-1530.1902	-1530.1877
248	248	-1878.6405	-1829.9739	-1833.4129	48.666639	-1874.4768	-1819.3273	-1819.8873
249	249	-3879.8028	-3874.06	-3877.3424	5.7428558	-3876.3025	-3864.4145	-3864.7553
250	250	-2079.6829	-2043.4967	-2046.6309	36.186131	-2075.6478	-2031.379	-2033.6526
251	251	-2951.0344	-2950.5918	-2953.1146	0.44261932	-2947.2939	-2935.6541	-2940.0314
252	252	-2442.8176	-2389.7542	-2393.4563	53.063372	-2438.9138	-2378.9567	-2378.9504
253	253	-1930.9951	-1893.3993	-1897.5296	37.595791	-1926.8923	-1881.8946	-1881.8971
254	254	-2320.5774	-2295.762	-2299.0243	24.815445	-2316.6584	-2285.9772	-2285.9767
255	255	-2726.4434	-2672.1638	-2675.9152	54.279678	-2722.6233	-2662.0201	-2661.9914
256	256	-2454.9663	-2424.3783	-2427.6537	30.587975	-2451.0629	-2414.6491	-2414.6496
257	257	-1884.1058	-1830.841	-1834.106	53.264797	-1879.9381	-1820.8513	-1820.85
258	258	-2052.565	-2032.7901	-2036.0612	19.774923	-2048.507	-2022.8153	-2022.8149
259	259	-1707.4403	-1606.3562	-1609.6291	101.08403	-1703.1919	-1596.4187	-1596.4188
260	260	-2271.0397	-2226.6772	-2230.3412	44.362462	-2267.0828	-2216.0226	-2216.0237
261	261	-2279.901	-2241.4062	-2244.6934	38.494736	-2275.9249	-2231.6569	-2231.6575
262	262	-2147.8415	-2060.6291	-2063.9392	87.212343	-2143.8	-2050.9363	-2050.9355
263	263	-1992.8828	-1948.4161	-1951.6833	44.466683	-1988.8278	-1938.4033	-1938.4016
264	264	-1579.3134	-1511.2531	-1514.5147	68.060293	-1575.0173	-1501.0992	-1501.1004
265	265	-2234.622	-2200.1072	-2203.3915	34.514781	-2230.6275	-2190.2855	-2190.2858
266	266	-2536.153	-2492.4126	-2496.0296	43.740394	-2532.293	-2482.0626	-2482.0633
267	267	-2093.4082	-2028.7468	-2032.0414	64.661429	-2089.3587	-2018.9385	-2018.9402
268	268	-2602.0241	-2598.5974	-2601.8584	3.4266672	-2598.1948	-2588.78	-2588.7789
269	269	-2149.1151	-2100.3237	-2103.592	48.791403	-2145.122	-2090.559	-2090.5612
270	270	-1714.9123	-1674.4542	-1677.7356	40.458141	-1710.6734	-1664.3829	-1664.3831
271	271	-3077.931	-3067.6072	-3070.8635	10.323774	-3074.2362	-3057.3642	-3058.0267
272	272	-1845.5702	-1762.0393	-1765.3343	83.530888	-1841.3766	-1752.157	-1752.1555
273	273	-2225.1041	-2194.2927	-2197.5697	30.811482	-2221.112	-2184.4508	-2184.4527
274	274	-2099.2217	-2014.9398	-2018.2296	84.281939	-2095.1984	-2005.2413	-2005.2411
275	275	-2071.0953	-2054.8453	-2057.9655	16.249992	-2067.0464	-2042.1316	-2044.8338
276	276	-1939.0012	-1902.0129	-1905.517	36.988302	-1934.8681	-1891.8598	-1891.8367
277	277	-2051.646	-2017.0977	-2020.37	34.548234	-2047.5954	-2007.19	-2007.1892
278	278	-3527.7175	-3474.938	-3478.2147	52.779465	-3511.6839	-3465.8106	-3465.81
279	279	-2688.5743	-2631.6437	-2634.9057	56.930637	-2684.7713	-2622.1962	-2622.1957
280	280	-3199.975	-3179.0351	-3182.3238	20.939985	-3196.2804	-3169.6152	-3169.6151
281	281	-2396.4977	-2389.3811	-2391.9223	7.1166422	-2392.5975	-2375.8094	-2379.484
282	282	-3119.0672	-3075.5634	-3079.0446	43.503843	-3115.3416	-3065.5051	-3065.5067
283	283	-1807.2024	-1772.3717	-1775.6767	34.830634	-1803.01	-1762.3211	-1762.3212
284	284	-1712.8167	-1694.1101	-1697.366	18.706614	-1708.606	-1683.8828	-1683.8833
285	285	-2702.1985	-2687.1572	-2690.7386	15.041284	-2698.3996	-2676.2284	-2676.2213
286	286	-2239.0305	-2231.3188	-2234.7408	7.7116634	-2235.0399	-2220.0679	-2221.1457
287	287	-2152.5781	-2111.654	-2115.5841	40.924027	-2148.5725	-2100.384	-2100.3823
288	288	-3451.5371	-3436.5978	-3439.8927	14.939331	-3447.9021	-3427.214	-3427.2141
289	289	-2131.9549	-2089.6625	-2092.9219	42.292453	-2127.925	-2079.8227	-2079.8228
290	290	-3730.3835	-3679.9209	-3683.3772	50.462601	-3726.7993	-3670.4792	-3670.2945
291	291	-2938.2279	-2926.1129	-2929.6308	12.115078	-2934.4912	-2915.9577	-2915.958
292	292	-3228.5865	-3199.2068	-3202.505	29.379757	-3224.8822	-3189.8561	-3189.8585
293	293	-2280.3905	-2258.2845	-2261.9296	22.105944	-2276.4318	-2247.4834	-2247.4838
294	294	-2023.1304	-1930.3233	-1933.6405	92.807095	-2019.0796	-1920.6277	-1920.6278
295	295	-3794.9563	-3773.7297	-3777.0193	21.226604	-3791.4162	-3764.529	-3764.5297
296	296	-1821.4651	-1786.7788	-1790.0365	34.686313	-1817.2783	-1776.7285	-1776.7285
297	297	-2257.8036	-2207.065	-2210.3346	50.738603	-2253.8442	-2197.3358	-2197.3371
298	298	-3518.4153	-3508.3867	-3512.0134	10.028562	-3514.8085	-3495.7304	-3497.514
299	299	-2979.229	-2976.2454	-2979.5211	2.9835805	-2975.5146	-2965.5958	-2966.307
300	300	-3484.179	-3487.3497	-3488.3978	-3.1706566	-3480.425	-3476.0861	-3475.7261
301	301	-2852.6105	-2766.3004	-2769.5794	86.310173	-2848.8244	-2756.9977	-2756.9989
302	302	-2853.8485	-2823.8784	-2827.1707	29.970131	-2850.0798	-2813.0071	-2814.3822
303	303	-2436.8068	-2403.7482	-2407.6397	33.058522	-2432.9015	-2393.4978	-2393.4936
304	304	-2007.87	-1999.0603	-2002.3435	8.8096958	-2003.8031	-1988.1063	-1988.0277
305	305	-2481.8744	-2396.8767	-2400.1925	84.997701	-2465.5385	-2387.411	-2387.4104
306	306	-2407.4607	-2380.5546	-2385.5511	26.906012	-2403.5756	-2368.0728	-2368.0556
307	307	-1728.7147	-1634.0581	-1637.365	94.656624	-1724.4729	-1624.1278	-1624.1297
308	308	-2539.0434	-2510.804	-2514.4155	28.239414	-2535.173	-2500.2781	-2500.2749
309	309	-2432.0488	-2412.7123	-2416.3063	19.336499	-2428.1435	-2402.1302	-2402.1275
310	310	-1482.7832	-1424.7888	-1428.041	57.99435	-1478.4725	-1414.5506	-1414.5496
311	311	-2142.0372	-2078.0154	-2081.3019	64.021742	-2138.0321	-2068.2934	-2068.2932
312	312	-1481.134	-1400.8183	-1404.1032	80.315692	-1476.7934	-1390.6047	-1390.6032
313	313	-2575.672	-2527.6974	-2531.2761	47.974561	-2571.8221	-2517.4291	-2517.4246
314	314	-1372.7873	-1327.5968	-1330.9047	45.190465	-1368.3647	-1317.1983	-1317.1974
315	315	-1328.7517	-1278.8947	-1282.1748	49.856972	-1324.2978	-1268.3965	-1268.3967
316	316	-1764.5763	-1758.1686	-1761.4792	6.407698	-1760.3903	-1747.9443	-1747.9447
317	317	-3114.6177	-3094.3901	-3097.6935	20.227553	-3110.889	-3084.93	-3084.93
318	318	-2033.0146	-2031.1395	-2034.3846	1.8751168	-2028.9204	-2017.1015	-2021.3469
319	319	-3397.127	-3337.5225	-3340.7548	59.604431	-3381.2209	-3328.3216	-3328.3205
320	320	-1610.7624	-1534.3718	-1537.655	76.390529	-1606.5198	-1524.3149	-1524.3155
321	321	-1853.3855	-1778.1826	-1781.9357	75.202965	-1849.2224	-1767.1607	-1767.1428
322	322	-2764.2994	-2739.3056	-2742.8573	24.993815	-2760.5055	-2729.0118	-2729.0105
323	323	-2352.5518	-2312.5128	-2315.7738	40.038926	-2348.6253	-2302.8268	-2302.8283
324	324	-2856.488	-2838.9719	-2842.2571	17.516079	-2852.731	-2829.4087	-2829.4093
325	325	-3054.3067	-3020.7304	-3024.0221	33.576348	-3050.5808	-3011.3381	-3011.3388
326	326	-2838.8734	-2791.8838	-2796.6703	46.989557	-2835.0837	-2779.9749	-2779.9746
327	327	-1820.0841	-1795.4297	-1798.8536	24.654467	-1815.9259	-1785.0042	-1784.9944
328	328	-1842.0071	-1803.7134	-1806.9677	38.293771	-1837.8618	-1793.7094	-1793.7115
329	329	-2260.0925	-2228.3722	-2231.6637	31.720273	-2256.16	-2218.6152	-2218.6149
330	330	-1989.5707	-1952.891	-1957.1373	36.67978	-1985.4679	-1942.2444	-1942.2442
331	331	-2453.9491	-2387.2241	-2390.5107	66.725058	-2450.0518	-2377.6631	-2377.6635
332	332	-2302.5991	-2242.117	-2245.4137	60.482098	-2298.6544	-2232.4722	-2232.4733
333	333	-2450.9768	-2400.0317	-2403.3052	50.945102	-2447.0907	-2390.4205	-2390.4222
334	334	-1631.5391	-1602.83	-1606.3475	28.709068	-1627.2687	-1592.0823	-1592.0769
335	335	-2871.515	-2853.7947	-2857.2828	17.720258	-2867.7512	-2842.4911	-2842.4896
336	336	-2534.2636	-2468.6755	-2471.9727	65.588107	-2530.3898	-2459.161	-2459.1611
337	337	-2473.8493	-2424.8251	-2428.1279	49.024258	-2469.9495	-2415.2161	-2415.2161
338	338	-2454.9331	-2401.0486	-2404.3385	53.884513	-2451.0345	-2391.4984	-2391.4983
339	339	-3980.2456	-3982.71	-3984.5201	-2.4643855	-3976.7677	-3973.3921	-3974.3329
340	340	-2568.0811	-2547.7496	-2551.0658	20.33154	-2564.2145	-2538.0698	-2538.0681
341	341	-2804.1242	-2719.1317	-2722.4019	84.992519	-2800.3337	-2709.7866	-2709.7855
342	342	-1959.5111	-1908.8182	-1912.1328	50.692906	-1955.4141	-1898.9625	-1898.9624
343	343	-2840.1129	-2782.4218	-2786.0142	57.691028	-2836.3331	-2772.2426	-2772.2359
344	344	-1809.8078	-1746.2243	-1749.4915	63.583543	-1805.631	-1736.2899	-1736.2868
345	345	-3176.8224	-3179.3539	-3181.0727	-2.5315206	-3173.1474	-3169.2456	-3171.0156
346	346	-1521.8395	-1396.791	-1400.0565	125.04856	-1517.5377	-1386.6773	-1386.6786
347	347	-1545.7233	-1539.7457	-1543.0463	5.9775482	-1541.4561	-1529.3465	-1529.3465
348	348	-1976.2398	-1970.7215	-1974.0099	5.5182234	-1972.1708	-1960.6136	-1960.6138
349	349	-2846.9376	-2825.1914	-2828.4486	21.746214	-2843.1792	-2815.6308	-2815.6308
350	350	-2420.7122	-2389.3946	-2393.088	31.317588	-2416.7971	-2379.162	-2379.1609
351	351	-2071.7727	-2041.4069	-2044.6511	30.365752	-2067.737	-2031.3064	-2031.2761
352	352	-2702.1117	-2609.7911	-2613.0585	92.320615	-2698.287	-2600.4141	-2600.4155
353	353	-2372.0995	-2331.7371	-2334.9921	40.362355	-2368.157	-2322.0583	-2322.0578
354	354	-2472.9119	-2449.3047	-2452.6069	23.607144	-2469.0358	-2439.5954	-2439.5948
355	355	-2629.6922	-2574.8284	-2578.0838	54.86373	-2625.8573	-2565.3054	-2565.3049
356	356	-1983.209	-1888.3113	-1891.602	94.897647	-1979.0973	-1878.5583	-1878.5581
357	357	-2771.8872	-2741.5833	-2744.8553	30.30388	-2768.0962	-2732.0175	-2732.0152
358	358	-2715.5946	-2695.7078	-2698.9789	19.886762	-2711.7853	-2686.0515	-2686.053
359	359	-3317.359	-3303.2094	-3308.3449	14.149685	-3313.6549	-3292.8248	-3292.3998
360	360	-2563.1853	-2516.0975	-2519.3594	47.087797	-2559.3411	-2506.5523	-2506.5524
361	361	-2125.0473	-2014.0347	-2017.3068	111.01266	-2120.9977	-2004.3479	-2004.3483
362	362	-2974.0877	-2954.7966	-2958.3186	19.291132	-2970.3679	-2945.1702	-2945.1294
363	363	-2509.3751	-2480.3969	-2483.6846	28.978133	-2505.5009	-2470.7268	-2470.7256
364	364	-2068.4261	-2006.7332	-2010.0231	61.6929	-2064.3757	-1996.9268	-1996.9282
365	365	-1773.8944	-1678.2432	-1681.5046	95.651198	-1769.6668	-1668.3263	-1668.3273
366	366	-2015.8876	-1962.5392	-1965.7885	53.348369	-2011.8239	-1952.6642	-1952.6645
367	367	-2199.7965	-2153.523	-2157.2116	46.273508	-2195.8039	-2142.791	-2142.7823
368	368	-1777.0188	-1730.9031	-1734.181	46.11565	-1772.8101	-1720.8736	-1720.8743
369	369	-2502.088	-2486.4335	-2489.7343	15.654433	-2498.2254	-2476.6428	-2476.6218
370	370	-2279.5114	-2269.0528	-2272.3386	10.458624	-2275.5657	-2258.8993	-2258.8943
371	371	-2685.2183	-2669.9317	-2673.2002	15.286654	-2681.372	-2658.5536	-2659.8841
372	372	-3317.9343	-3274.071	-3278.0276	43.863308	-3314.2543	-3264.1662	-3264.1623
373	373	-1872.0496	-1831.5505	-1834.7731	40.499153	-1867.9031	-1821.4954	-1821.4961
374	374	-2236.4962	-2159.8124	-2163.5236	76.683775	-2232.5197	-2149.1013	-2149.1028
375	375	-2255.4756	-2241.7869	-2245.4154	13.688715	-2251.5018	-2231.0057	-2230.9992
376	376	-2139.3552	-2092.075	-2095.77	47.280224	-2135.3372	-2081.192	-2081.1887
377	377	-2146.6848	-2082.4545	-2085.7451	64.230237	-2142.6836	-2072.7196	-2072.7177
378	378	-2875.7035	-2838.1339	-2841.4115	37.569592	-2871.9416	-2828.6566	-2828.6561
379	379	-2371.8229	-2238.4834	-2241.7832	133.33949	-2355.3322	-2229.0716	-2229.0713
380	380	-2583.7071	-2525.873	-2529.1627	57.834099	-2579.84	-2516.3609	-2516.3617
381	381	-1902.1106	-1868.5394	-1872.7933	33.571182	-1897.9763	-1854.0964	-1856.298
382	382	-2326.5433	-2249.8418	-2253.104	76.70157	-2322.5879	-2240.2082	-2240.2091
383	383	-2711.8623	-2668.6713	-2671.9531	43.190987	-2708.0627	-2659.1562	-2659.1554
384	384	-2112.0876	-2071.4989	-2075.1381	40.588776	-2108.0637	-2060.6527	-2060.6504
385	385	-3513.4025	-3506.8089	-3509.7922	6.5935929	-3509.7733	-3489.177	-3493.545
386	386	-2362.0094	-2350.7048	-2354.307	11.304535	-2358.0692	-2340.0196	-2340.015
387	387	-1997.2011	-1951.773	-1955.0522	45.428172	-1993.0894	-1941.8575	-1941.8581
388	388	-2026.4922	-1988.9588	-1993.2784	37.533377	-2022.4019	-1977.1277	-1977.1274
389	389	-1536.029	-1514.1684	-1517.4816	21.860518	-1531.7513	-1503.9227	-1503.9216
390	390	-2087.8349	-2053.5329	-2056.8065	34.30199	-2083.8028	-2043.6259	-2043.6259
391	391	-2080.7851	-2076.0657	-2079.5435	4.7194485	-2076.7429	-2065.6952	-2065.6972
392	392	-2228.0694	-2164.9736	-2168.2255	63.095806	-2224.0742	-2155.2732	-2155.2727
393	393	-3251.2412	-3236.6827	-3240.2949	14.558452	-3247.5571	-3224.3948	-3226.1842
394	394	-1894.9539	-1861.1249	-1865.0688	33.829041	-1890.7819	-1850.098	-1850.0859
395	395	-2777.8638	-2760.8511	-2764.1201	17.012687	-2774.0493	-2751.2013	-2751.2016
396	396	-4303.5924	-4284.6621	-4288.1575	18.930282	-4300.1738	-4274.6898	-4275.2492
397	397	-2452.0194	-2438.3933	-2442.1941	13.626092	-2448.1643	-2426.8663	-2427.9803
398	398	-1428.8307	-1368.2065	-1371.5066	60.624279	-1424.4638	-1357.9089	-1357.9078
399	399	-2729.3575	-2694.7017	-2697.9669	34.655888	-2725.578	-2685.1769	-2685.1782
400	400	-1926.5712	-1827.4444	-1830.747	99.126819	-1922.4409	-1817.7057	-1817.7068
401	401	-2332.767	-2266.9835	-2270.6622	65.783479	-2328.8344	-2256.3962	-2256.3919
402	402	-3166.5969	-3164.2024	-3167.4994	2.3944511	-3162.8727	-3148.4997	-3153.942
403	403	-2225.6147	-2145.3411	-2148.6116	80.273606	-2221.628	-2135.6801	-2135.6804
404	404	-1972.8567	-1938.8594	-1942.1787	33.997275	-1968.7526	-1928.9209	-1928.9196
405	405	-3051.71	-3042.3399	-3045.8573	9.3700794	-3048.0272	-3032.2471	-3032.245
406	406	-1724.6599	-1698.9996	-1702.2845	25.660379	-1720.447	-1688.833	-1688.7888
407	407	-1346.41	-1292.8991	-1296.2144	53.510933	-1341.9414	-1281.9956	-1282.4766
408	408	-2352.86	-2344.6187	-2348.0374	8.2412888	-2348.9204	-2334.5845	-2334.5859
409	409	-2257.6726	-2212.504	-2215.7692	45.168574	-2253.6973	-2202.7627	-2202.7648
410	410	-3678.4417	-3681.1977	-3682.6671	-2.7560008	-3674.8694	-3666.9121	-3675.0052
411	411	-2806.2019	-2786.6526	-2789.9071	19.549237	-2802.4216	-2777.0708	-2777.0708
412	412	-2339.8484	-2289.9904	-2293.5939	49.858009	-2335.8825	-2279.394	-2279.3938
413	413	-1819.661	-1763.6669	-1766.9458	55.994102	-1815.475	-1753.6754	-1753.675
414	414	-2413.5835	-2383.6879	-2387.9164	29.895554	-2409.6793	-2371.7802	-2371.7675
415	415	-1542.0398	-1520.7878	-1524.2858	21.252056	-1537.7375	-1510.2395	-1510.4451
416	416	-2329.4209	-2241.9067	-2245.1887	87.514145	-2325.4528	-2232.3373	-2232.3368
417	417	-1652.9437	-1637.7466	-1641.0251	15.197065	-1648.6739	-1627.4896	-1627.4868
418	418	-1771.2221	-1766.7249	-1770.302	4.497224	-1767.0422	-1754.5385	-1754.5218
419	419	-3034.4083	-3018.7141	-3022.28	15.69416	-3030.6681	-3009.0664	-3009.0482
420	420	-2531.4862	-2480.3573	-2483.9519	51.128907	-2527.6071	-2469.9544	-2469.9524
421	421	-2263.0989	-2224.1912	-2227.4634	38.907688	-2259.1276	-2214.4142	-2214.4137
422	422	-2864.3977	-2830.3348	-2833.6196	34.062898	-2860.6258	-2820.863	-2820.8636
423	423	-1617.8208	-1586.963	-1590.4281	30.857803	-1613.5856	-1576.9396	-1576.9408
424	424	-2144.4701	-2049.1113	-2052.378	95.358823	-2140.4572	-2039.4448	-2039.4446
425	425	-2490.9907	-2405.6884	-2409.3249	85.302298	-2487.1247	-2395.3187	-2395.3045
426	426	-2635.738	-2590.0933	-2593.3784	45.644711	-2631.8933	-2580.5006	-2580.5072
427	427	-2592.5533	-2553.1358	-2558.5847	39.417516	-2588.6863	-2540.1334	-2541.186
428	428	-2020.3345	-1984.6363	-1987.9125	35.698229	-2016.2742	-1974.6815	-1974.6821
429	429	-2428.7668	-2400.2782	-2403.5667	28.488585	-2424.8668	-2390.5802	-2390.5854
430	430	-3235.8778	-3214.0624	-3217.3435	21.815414	-3232.1784	-3204.6507	-3204.6516
431	431	-1295.5639	-1236.436	-1239.7198	59.127866	-1291.0531	-1225.9475	-1225.9479
432	432	-1924.0355	-1869.7899	-1873.2586	54.245535	-1919.916	-1859.8916	-1859.8887
433	433	-1958.0958	-1894.1635	-1897.4943	63.932341	-1953.99	-1884.2933	-1884.2945
434	434	-2558.2426	-2560.2302	-2562.3137	-1.9876136	-2554.3929	-2551.8011	-2551.8013
435	435	-2052.3835	-1981.4375	-1984.6968	70.946024	-2048.3221	-1971.6202	-1971.6186
436	436	-1553.0936	-1483.4578	-1486.7433	69.635865	-1548.8156	-1473.3335	-1473.3336
437	437	-3213.2346	-3213.8023	-3216.6507	-0.56777202	-3209.5558	-3201.0316	-3204.1954
438	438	-2701.5236	-2641.906	-2645.1815	59.617683	-2697.7204	-2632.4633	-2632.4648
439	439	-2417.3205	-2374.6956	-2377.9844	42.624944	-2413.3923	-2365.0222	-2365.0223
440	440	-3032.2484	-3016.0691	-3019.6134	16.179361	-3028.5112	-3005.0279	-3005.0266
441	441	-1441.4619	-1407.8135	-1411.093	33.648415	-1437.1264	-1397.4781	-1397.4766
442	442	-2718.7755	-2684.5943	-2687.8524	34.181163	-2714.9819	-2675.0426	-2675.0423
443	443	-2088.7105	-2034.4887	-2037.7513	54.221834	-2084.6683	-2024.6421	-2024.6422
444	444	-2170.0915	-2143.0729	-2146.3536	27.018605	-2166.0807	-2133.1876	-2133.1884
445	445	-2084.2431	-2036.1463	-2041.4127	48.096764	-2080.1911	-2022.5537	-2022.5419
446	446	-2132.3213	-2090.649	-2093.9282	41.672289	-2128.2919	-2080.8263	-2080.8263
447	447	-1475.5262	-1350.8117	-1354.2177	124.71455	-1471.1921	-1340.6164	-1340.6072
448	448	-1770.1026	-1717.0417	-1720.3204	53.060874	-1765.9123	-1707.0007	-1706.9999
449	449	-2047.6803	-1962.5865	-1966.3998	85.093817	-2043.5987	-1951.8475	-1951.8491
450	450	-1652.7348	-1581.8531	-1585.1321	70.881677	-1648.4875	-1571.8116	-1571.8136
451	451	-2357.869	-2342.3753	-2345.6911	15.493683	-2353.93	-2332.4472	-2332.4194
452	452	-1833.7127	-1825.9001	-1829.3852	7.8126609	-1829.5471	-1815.1895	-1815.1897
453	453	-1368.2955	-1279.561	-1282.8403	88.734503	-1363.8645	-1269.197	-1269.197
454	454	-3100.7283	-3050.6824	-3053.9942	50.045966	-3097.0227	-3041.3921	-3041.3917
455	455	-1512.1906	-1403.5522	-1406.8292	108.63835	-1507.8748	-1393.4191	-1393.4187
456	456	-3761.2419	-3738.6551	-3741.9592	22.586785	-3757.6756	-3729.4274	-3729.4282
457	457	-2656.5676	-2590.1119	-2593.392	66.455697	-2652.7398	-2580.6645	-2580.6667
458	458	-1613.0026	-1568.8645	-1572.1431	44.138148	-1608.7442	-1558.7126	-1558.709
459	459	-3342.0986	-3333.256	-3336.7851	8.8425347	-3338.4306	-3323.3235	-3323.3256
460	460	-2777.5315	-2768.9717	-2772.2588	8.5598045	-2773.7598	-2759.3	-2759.2979
461	461	-1675.6894	-1656.8627	-1660.1394	18.826655	-1671.4759	-1646.6823	-1646.6823
462	462	-1682.0468	-1662.7352	-1666.0585	19.311594	-1677.818	-1651.0753	-1652.5257
463	463	-2067.0066	-2029.4671	-2032.7235	37.539501	-2062.9541	-2019.479	-2019.4587
464	464	-1793.9891	-1767.4639	-1770.7595	26.525228	-1789.7795	-1757.3583	-1757.3582
465	465	-2877.6267	-2861.3853	-2865.1472	16.241415	-2873.8682	-2851.4176	-2851.4167
466	466	-2721.8188	-2672.2533	-2675.8283	49.565455	-2718.0098	-2662.092	-2662.0941
467	467	-1295.2518	-1240.8425	-1244.4446	54.409327	-1290.7891	-1229.6047	-1229.5941
468	468	-3024.1822	-2990.084	-2994.6867	34.098163	-3020.4472	-2977.7049	-2978.5334
469	469	-3539.0946	-3541.8304	-3543.3454	-2.7357807	-3535.4768	-3535.196	-3535.1013
470	470	-2758.5829	-2725.2201	-2728.4899	33.362867	-2754.8016	-2715.6829	-2715.6831
471	471	-3010.8463	-2965.3516	-2968.968	45.494676	-3007.0712	-2955.1716	-2955.1673
472	472	-1673.9033	-1600.21	-1603.5028	73.693295	-1669.6649	-1590.1847	-1590.1858
473	473	-2712.255	-2644.2501	-2647.79	68.004904	-2708.4398	-2634.1317	-2634.1286
474	474	-1599.9916	-1557.6386	-1561.1415	42.353021	-1595.7254	-1546.9642	-1546.9616
475	475	-2560.811	-2519.773	-2523.065	41.038007	-2556.9474	-2510.1947	-2510.1931
476	476	-3578.9363	-3567.6112	-3571.4645	11.325122	-3575.3386	-3553.5416	-3556.5637
477	477	-1650.2649	-1635.3096	-1638.5868	14.95535	-1646.0366	-1625.08	-1625.0803
478	478	-2240.7699	-2229.7228	-2233.0129	11.047147	-2236.7724	-2219.7859	-2219.7828
479	479	-2160.5801	-2109.6849	-2112.9893	50.895207	-2156.5615	-2099.9323	-2099.9331
480	480	-3002.477	-2944.5524	-2947.8416	57.924554	-2998.7388	-2935.2423	-2935.2427
481	481	-1731.9472	-1716.3812	-1719.6065	15.565979	-1727.7357	-1706.1874	-1706.1876
482	482	-1953.9828	-1842.8367	-1846.091	111.1461	-1949.8606	-1833.054	-1833.0536
483	483	-1469.8212	-1423.6954	-1426.9757	46.1258	-1465.5026	-1413.4415	-1413.4413
484	484	-1999.2393	-1908.6526	-1911.8817	90.586672	-1995.1349	-1898.8588	-1898.8582
485	485	-2381.5277	-2316.3306	-2319.586	65.197177	-2377.6112	-2306.7221	-2306.7223
486	486	-1858.5156	-1827.2781	-1830.634	31.237521	-1854.3652	-1817.2469	-1817.2475
487	487	-1615.8914	-1577.0169	-1580.3006	38.874451	-1611.6415	-1566.8464	-1566.8462
488	488	-2837.8032	-2806.9325	-2810.4539	30.870747	-2834.0337	-2797.2938	-2797.2927
489	489	-1788.1969	-1728.8005	-1732.6497	59.396454	-1783.9949	-1717.6915	-1717.6913
490	490	-1969.1833	-1938.8117	-1942.1095	30.371651	-1965.0708	-1928.8224	-1928.8202
491	491	-1771.7413	-1737.084	-1741.0197	34.657244	-1767.5265	-1724.8165	-1724.8116
492	492	-2736.2991	-2699.9608	-2703.4538	36.338365	-2732.4789	-2690.1915	-2690.1966
493	493	-1876.5659	-1809.9401	-1813.1732	66.625773	-1872.4241	-1800.0091	-1800.0089
494	494	-2186.7929	-2160.1316	-2163.4126	26.661272	-2182.8335	-2150.3105	-2150.31
495	495	-3088.2297	-3079.3248	-3082.6023	8.9049307	-3084.5369	-3069.7475	-3069.7474
496	496	-2103.6554	-2032.967	-2036.2702	70.688445	-2099.6183	-2023.2162	-2023.2153
497	497	-1948.7012	-1876.3266	-1879.9896	72.374604	-1944.5563	-1865.3174	-1865.3157
498	498	-1562.5096	-1529.8734	-1533.1301	32.636163	-1558.2444	-1519.6353	-1519.6355
499	499	-1827.635	-1788.563	-1791.8388	39.071982	-1823.4695	-1778.1767	-1778.1756
