No.	ID	loglik_Null	loglik_Acc	loglik_Full	logBF1	logBF2	loglik_Max_M0	loglik_Max_M1	loglik_Max_M2
0	0	-1295.9014	-1241.3777	-1254.4229	54.523697	13.0452	-1276.6624	-1233.7714	-1235.1222
1	1	-1482.4564	-1424.3885	-1437.4665	58.067877	13.078	-1463.8801	-1417.9793	-1418.5901
2	2	-1783.41	-1743.2997	-1756.3921	40.110303	13.0924	-1764.3606	-1737.8309	-1737.8304
3	3	-1502.2227	-1468.1294	-1481.2585	34.093312	13.1290999999999	-1483.747	-1460.3023	-1460.4181
4	4	-1441.1232	-1425.2062	-1438.5596	15.917087	13.3534	-1437.6699	-1413.9818	-1414.734
5	5	-1741.9976	-1709.7047	-1722.5258	32.292911	12.8210999999999	-1724.9599	-1703.8666	-1703.9955
6	6	-1389.0747	-1287.6872	-1300.8007	101.38742	13.1134999999999	-1370.6097	-1281.8055	-1281.8063
7	7	-1348.3776	-1273.3143	-1286.5937	75.063366	13.2793999999999	-1329.68	-1266.9898	-1266.9869
8	8	-1136.0644	-1085.3002	-1098.5128	50.764263	13.2126000000001	-1117.165	-1078.8714	-1078.8786
9	9	-1207.1387	-1167.8134	-1180.9233	39.325281	13.1098999999999	-1203.555	-1157.685	-1157.685
10	10	-1132.4807	-1113.2519	-1124.7537	19.228827	11.5018	-1128.8641	-1098.0676	-1102.4248
11	11	-1051.762	-978.17579	-991.29793	73.586202	13.1221399999999	-1033.1057	-968.11558	-968.02467
12	12	-2119.6456	-2082.6114	-2095.705	37.03418	13.0936000000002	-2100.7802	-2076.8872	-2077.2559
13	13	-1853.6938	-1812.1257	-1823.522	41.568081	11.3962999999999	-1835.0423	-1806.0849	-1806.3135
14	14	-1326.3376	-1266.6183	-1279.5902	59.71923	12.9719	-1308.1648	-1259.4747	-1260.632
15	15	-987.06982	-909.18334	-922.41455	77.886478	13.2312099999999	-968.15464	-902.07318	-902.48094
16	16	-1465.5064	-1410.9038	-1424.1628	54.60254	13.259	-1441.4832	-1404.7322	-1404.8476
17	17	-1654.8711	-1618.8915	-1632.2406	35.979648	13.3491000000001	-1642.1329	-1608.2514	-1609.0487
18	18	-1661.5589	-1633.6752	-1646.6123	27.883689	12.9371000000001	-1643.2837	-1627.3775	-1627.3704
19	19	-1109.5418	-1045.9878	-1059.244	63.55402	13.2561999999998	-1090.4718	-1039.5278	-1039.5174
20	20	-2059.41	-2060.4596	-2061.625	-1.0495586	1.16539999999986	-2056.2814	-2048.3141	-2052.3932
21	21	-1232.4445	-1173.9027	-1187.1204	58.541726	13.2176999999999	-1214.3083	-1167.602	-1167.5984
22	22	-1369.2205	-1307.5106	-1320.6279	61.709936	13.1172999999999	-1351.0254	-1301.4601	-1301.6181
23	23	-1327.5148	-1256.9877	-1270.0658	70.527105	13.0781000000002	-1309.0985	-1251.038	-1251.0374
24	24	-1450.1747	-1386.9634	-1400.2007	63.211305	13.2373	-1432.0023	-1380.0796	-1380.0796
25	25	-1371.029	-1323.5953	-1336.6923	47.433742	13.097	-1358.9352	-1317.6183	-1317.6168
26	26	-1244.1364	-1162.85	-1175.9337	81.286382	13.0837000000001	-1225.5882	-1156.6654	-1156.6646
27	27	-1771.7311	-1718.4978	-1731.4548	53.233319	12.9569999999999	-1753.6436	-1711.6034	-1712.9071
28	28	-1318.6962	-1272.0935	-1281.646	46.602746	9.55250000000001	-1315.1616	-1265.3077	-1265.3051
29	29	-1106.7944	-1026.6379	-1039.7414	80.156403	13.1035000000002	-1088.1882	-1020.3505	-1020.3504
30	30	-1590.9674	-1551.9635	-1565.219	39.003947	13.2555	-1587.5963	-1545.6501	-1546.0105
31	31	-1705.8844	-1691.3103	-1700.309	14.574162	8.99869999999987	-1702.5917	-1678.5649	-1685.4731
32	32	-1413.8522	-1327.0154	-1340.138	86.836818	13.1225999999999	-1395.4296	-1321.1272	-1321.1256
33	33	-1527.2397	-1478.8814	-1492.1362	48.358291	13.2547999999999	-1509.146	-1472.8829	-1472.8836
34	34	-1389.5182	-1338.7457	-1352.0135	50.772459	13.2678000000001	-1371.0724	-1331.8955	-1332.5533
35	35	-1110.3294	-1021.1963	-1034.3234	89.133131	13.1271	-1091.2292	-1014.9434	-1014.9432
36	36	-1208.9673	-1143.6648	-1156.6167	65.302515	12.9519	-1189.0252	-1135.4889	-1137.2739
37	37	-1799.7645	-1772.3552	-1785.1298	27.409239	12.7746	-1782.395	-1763.6253	-1764.8163
38	38	-1650.8115	-1537.2609	-1550.357	113.55068	13.0961	-1632.5594	-1531.7412	-1531.742
39	39	-1537.5988	-1443.7256	-1456.8124	93.873205	13.0868	-1519.0383	-1438.0481	-1438.0491
40	40	-1252.3086	-1195.8808	-1209.012	56.427817	13.1312	-1233.955	-1189.865	-1189.8653
41	41	-1414.7447	-1363.9774	-1377.0921	50.767316	13.1147000000001	-1394.6078	-1357.3161	-1357.9796
42	42	-1777.1446	-1771.6186	-1777.1894	5.5259206	5.57079999999996	-1773.8919	-1762.2554	-1765.4621
43	43	-2017.174	-1991.7935	-2003.4817	25.3805	11.6882000000001	-2000.1554	-1985.209	-1986.1181
44	44	-1295.2951	-1248.6732	-1261.9012	46.621862	13.2280000000001	-1275.3146	-1241.9166	-1241.9079
45	45	-2257.5685	-2201.8663	-2214.9616	55.702155	13.0953	-2238.2294	-2196.7102	-2196.7106
46	46	-1392.0815	-1339.0856	-1352.1833	52.995828	13.0976999999998	-1373.2738	-1333.2005	-1333.1874
47	47	-1553.1973	-1472.9146	-1486.1838	80.282729	13.2692	-1534.9649	-1466.8929	-1466.8875
48	48	-1546.4287	-1512.1165	-1524.7627	34.312217	12.6461999999999	-1543.0286	-1506.0155	-1505.9983
49	49	-1666.2036	-1629.6839	-1642.3511	36.519724	12.6672000000001	-1647.8379	-1621.0301	-1623.8248
50	50	-1323.5748	-1263.3731	-1276.6051	60.201789	13.232	-1305.2823	-1256.3498	-1256.3482
51	51	-1638.7094	-1632.2277	-1638.9522	6.4816995	6.72450000000003	-1635.366	-1622.1862	-1626.303
52	52	-1499.2617	-1432.9684	-1445.9205	66.293285	12.9521	-1480.6451	-1425.3667	-1426.3731
53	53	-1126.4545	-1101.0555	-1114.201	25.399061	13.1455000000001	-1122.8331	-1090.3597	-1090.3577
54	54	-1497.7698	-1449.086	-1462.3119	48.683783	13.2258999999999	-1479.6912	-1443.0339	-1443.0363
55	55	-1658.0805	-1626.328	-1639.441	31.752473	13.1130000000001	-1640.1992	-1620.6507	-1620.6507
56	56	-1737.8165	-1656.9084	-1670.0126	80.908071	13.1042	-1719.0776	-1651.4359	-1651.4363
57	57	-1703.7828	-1647.4535	-1660.5144	56.329267	13.0608999999999	-1685.6461	-1641.8299	-1641.849
58	58	-1227.5027	-1165.275	-1178.5346	62.227674	13.2595999999999	-1208.5232	-1158.9045	-1158.9029
59	59	-1976.9058	-1948.9128	-1961.4604	27.992964	12.5475999999999	-1973.7237	-1936.3839	-1941.9905
60	60	-1433.4485	-1377.0444	-1390.2846	56.404068	13.2402	-1414.9487	-1370.0847	-1370.0665
61	61	-1899.305	-1866.6498	-1879.6975	32.655208	13.0477000000001	-1877.8475	-1858.0347	-1860.8942
62	62	-1439.795	-1409.7116	-1422.5663	30.083427	12.8546999999999	-1436.3479	-1400.917	-1403.1955
63	63	-1522.9393	-1491.4556	-1504.2721	31.48376	12.8164999999999	-1508.5181	-1482.8006	-1485.6247
64	64	-1895.5373	-1867.4671	-1877.9355	28.070176	10.4684	-1876.2719	-1861.0604	-1861.8671
65	65	-1285.1892	-1256.7141	-1268.3088	28.475087	11.5947000000001	-1281.6819	-1250.6644	-1250.662
66	66	-940.56214	-914.90991	-927.67315	25.652231	12.76324	-936.73593	-904.62399	-907.65927
67	67	-1966.4125	-1907.1538	-1920.2702	59.258674	13.1163999999999	-1948.349	-1901.8085	-1901.81
68	68	-1263.2086	-1224.3022	-1237.4248	38.906412	13.1225999999999	-1259.6161	-1218.2036	-1218.204
69	69	-1193.8133	-1152.2016	-1163.9388	41.611687	11.7371999999998	-1190.2216	-1145.8967	-1145.889
70	70	-1481.095	-1435.8457	-1448.6458	45.249305	12.8000999999999	-1466.7669	-1428.4201	-1429.9001
71	71	-1653.7787	-1597.9957	-1611.0739	55.783025	13.0782000000002	-1635.2327	-1592.4528	-1592.456
72	72	-1949.6626	-1897.3687	-1910.614	52.293973	13.2453	-1931.8889	-1890.6739	-1890.6438
73	73	-1318.8784	-1234.0522	-1247.1423	84.826153	13.0900999999999	-1300.3888	-1228.0354	-1228.0388
74	74	-1398.4215	-1332.1298	-1345.2326	66.291628	13.1028000000001	-1379.8287	-1326.2488	-1326.2476
75	75	-1432.3528	-1387.1626	-1398.3918	45.190164	11.2292	-1413.5639	-1378.1963	-1378.1869
76	76	-1427.578	-1379.4828	-1392.6297	48.095274	13.1469	-1408.6813	-1373.6581	-1373.6572
77	77	-1172.0373	-1117.6981	-1130.7948	54.339194	13.0966999999998	-1152.4027	-1111.5074	-1111.5079
78	78	-1437.1231	-1358.5228	-1371.6118	78.600305	13.0889999999999	-1418.5067	-1352.7677	-1352.7696
79	79	-1933.071	-1888.453	-1901.5479	44.617979	13.0949000000001	-1914.3189	-1883.0102	-1883.0104
80	80	-1858.0571	-1804.3969	-1817.5159	53.660152	13.1190000000001	-1839.3933	-1798.9823	-1798.9839
81	81	-1292.4394	-1226.6554	-1239.9017	65.78403	13.2462999999998	-1273.699	-1220.3637	-1220.3508
82	82	-1173.2789	-1127.5885	-1140.8392	45.69039	13.2506999999998	-1154.638	-1120.7336	-1120.7485
83	83	-1119.9034	-1053.2657	-1066.5266	66.637681	13.2609	-1100.3265	-1045.9382	-1045.9015
84	84	-1080.9969	-1025.2048	-1038.3063	55.79207	13.1015	-1061.9703	-1018.9826	-1018.9824
85	85	-1208.4507	-1146.8686	-1160.0052	61.582015	13.1366	-1189.0494	-1140.7914	-1140.7916
86	86	-1168.7279	-1052.272	-1065.5182	116.45587	13.2462	-1150.0055	-1045.4726	-1045.4792
87	87	-1493.5668	-1451.7223	-1464.9612	41.844504	13.2389000000001	-1474.5101	-1445.2884	-1445.2127
88	88	-1360.5057	-1279.5438	-1292.805	80.961919	13.2612000000001	-1342.1001	-1273.3105	-1273.2896
89	89	-1530.5765	-1482.2853	-1491.6985	48.291207	9.41319999999996	-1524.4301	-1471.8209	-1476.2351
90	90	-897.89695	-825.81754	-839.0642	72.079414	13.24666	-877.74254	-818.4594	-818.38547
91	91	-1326.9562	-1266.2598	-1279.5075	60.696422	13.2476999999999	-1308.1647	-1259.1001	-1259.1093
92	92	-1062.6205	-985.97267	-999.21036	76.64785	13.23769	-1043.4549	-979.37045	-979.37026
93	93	-1092.7128	-1032.1141	-1045.3658	60.598749	13.2517	-1089.0288	-1024.9609	-1024.9606
94	94	-1548.9736	-1488.1863	-1501.4664	60.787264	13.2800999999999	-1530.8416	-1482.146	-1482.138
95	95	-1765.8947	-1722.711	-1735.6407	43.183761	12.9296999999999	-1746.2221	-1715.5204	-1717.1426
96	96	-1235.3795	-1194.0683	-1205.8428	41.311225	11.7745	-1231.8207	-1187.9731	-1187.9732
97	97	-1678.875	-1640.8846	-1654.1707	37.990414	13.2860999999998	-1660.8291	-1633.9582	-1633.7697
98	98	-1550.0249	-1519.5415	-1530.9346	30.483391	11.3931	-1533.3625	-1510.8265	-1513.7407
99	99	-1346.5714	-1264.2978	-1277.5306	82.273549	13.2328	-1327.8298	-1257.9462	-1257.9532
100	100	-1216.8907	-1161.2852	-1174.4028	55.605461	13.1176	-1198.0728	-1155.2052	-1155.2042
101	101	-1400.9894	-1339.8241	-1353.0816	61.165256	13.2574999999999	-1382.7719	-1332.642	-1332.6424
102	102	-1359.0191	-1268.9504	-1282.2297	90.068681	13.2793000000001	-1340.3881	-1262.6331	-1262.6287
103	103	-1987.3161	-1961.2017	-1973.37	26.114372	12.1682999999998	-1968.6128	-1955.5121	-1955.7786
104	104	-1326.6724	-1274.6631	-1287.9059	52.009298	13.2428	-1308.1338	-1268.491	-1268.4884
105	105	-1555.1231	-1511.6181	-1524.873	43.505007	13.2549000000001	-1536.6027	-1505.6616	-1505.661
106	106	-1374.1656	-1340.3066	-1352.384	33.858962	12.0774000000001	-1370.6709	-1330.8611	-1334.3401
107	107	-1182.3364	-1126.8751	-1139.6889	55.461253	12.8138000000001	-1163.5441	-1120.4607	-1120.4576
108	108	-1858.2745	-1821.163	-1834.2479	37.111514	13.0849000000001	-1838.2502	-1815.58	-1815.4473
109	109	-752.72546	-657.83699	-671.10693	94.888473	13.26994	-732.64004	-650.31459	-650.31547
110	110	-1435.4954	-1405.2596	-1418.6517	30.235825	13.3920999999998	-1432.0613	-1394.6174	-1396.5703
111	111	-1857.0387	-1815.0168	-1825.6721	42.021897	10.6552999999999	-1837.0159	-1803.3658	-1809.2239
112	112	-1143.33	-1051.8557	-1065.099	91.474274	13.2432999999999	-1124.4348	-1044.3686	-1044.3432
113	113	-1679.3078	-1643.0582	-1656.1271	36.249572	13.0689	-1660.6636	-1636.2815	-1637.3747
114	114	-1692.6319	-1654.9024	-1668.0572	37.729551	13.1548	-1674.0856	-1648.9952	-1648.9934
115	115	-1336.2703	-1277.5025	-1290.7346	58.767719	13.2320999999999	-1316.6092	-1270.7003	-1270.5666
116	116	-1441.3938	-1398.2092	-1411.3357	43.184525	13.1265000000001	-1423.5467	-1391.7913	-1391.7149
117	117	-1258.4058	-1236.6837	-1246.4543	21.722176	9.77060000000006	-1254.8317	-1226.5868	-1228.9115
118	118	-1225.9532	-1158.0043	-1171.1115	67.94894	13.1071999999999	-1207.4012	-1151.9404	-1151.9403
119	119	-1299.1668	-1240.1906	-1253.4341	58.976271	13.2435	-1279.5877	-1233.9315	-1233.9277
120	120	-1184.6097	-1114.8591	-1128.0877	69.750576	13.2286000000001	-1165.2627	-1107.7786	-1107.7705
121	121	-1450.6931	-1420.8285	-1430.3839	29.864606	9.55539999999996	-1447.2606	-1412.4553	-1413.9103
122	122	-1318.8844	-1244.0968	-1257.0606	74.787563	12.9638	-1300.0624	-1236.9511	-1238.1501
123	123	-1118.4164	-1078.4118	-1091.6419	40.004606	13.2301	-1114.8082	-1071.7619	-1071.6395
124	124	-1446.0189	-1391.3919	-1404.4904	54.626999	13.0984999999998	-1427.8026	-1385.6395	-1385.6393
125	125	-1016.6816	-924.94698	-938.17266	91.734611	13.2256799999999	-996.98013	-918.14134	-918.14126
126	126	-1453.3629	-1431.5026	-1442.2136	21.860295	10.711	-1449.9369	-1423.6835	-1423.0474
127	127	-1251.001	-1185.1196	-1198.3548	65.881457	13.2352000000001	-1232.5481	-1178.7556	-1178.7512
128	128	-1187.7008	-1107.2625	-1120.1653	80.438309	12.9027999999998	-1169.2004	-1097.8055	-1099.957
129	129	-1282.8256	-1207.7237	-1220.8215	75.101949	13.0978	-1264.2057	-1201.7108	-1201.7108
130	130	-1233.768	-1170.6341	-1183.9091	63.133883	13.2750000000001	-1215.2665	-1164.2812	-1164.2681
131	131	-1468.8758	-1413.1307	-1425.9355	55.745073	12.8048000000001	-1450.2472	-1402.3289	-1407.3504
132	132	-1434.9981	-1391.2622	-1404.2926	43.735876	13.0304000000001	-1416.917	-1382.8367	-1385.1962
133	133	-1286.0062	-1231.2467	-1244.3656	54.759495	13.1189000000002	-1267.712	-1225.2893	-1225.2905
134	134	-2252.9362	-2246.0134	-2257.6367	6.9227987	11.6233000000002	-2243.6759	-2231.6457	-2237.0597
135	135	-1169.0529	-1077.7457	-1090.8344	91.307246	13.0887	-1150.476	-1071.5632	-1071.5655
136	136	-1406.4923	-1344.7083	-1357.9511	61.783917	13.2428	-1386.819	-1338.5614	-1338.562
137	137	-2383.6699	-2383.0226	-2386.2709	0.64731091	3.2483000000002	-2380.6819	-2373.5593	-2377.6412
138	138	-1770.3529	-1751.6335	-1763.2651	18.719416	11.6316000000002	-1753.5449	-1745.7025	-1745.3472
139	139	-1796.8414	-1744.0654	-1757.2996	52.776067	13.2342000000001	-1778.5541	-1738.1704	-1738.1568
140	140	-1175.9152	-1122.0611	-1135.3209	53.854076	13.2598	-1157.0597	-1115.1702	-1115.1755
141	141	-850.6706	-786.18568	-799.43252	64.484927	13.2468399999999	-846.76535	-778.93558	-778.774
142	142	-1230.7033	-1164.3813	-1177.1907	66.322042	12.8094000000001	-1212.2441	-1155.5137	-1157.9373
143	143	-1295.0494	-1221.2974	-1234.2438	73.751965	12.9464	-1275.7558	-1213.1379	-1214.9689
144	144	-1636.9314	-1588.5798	-1601.6771	48.351627	13.0973000000001	-1618.1372	-1582.9338	-1582.9334
145	145	-922.68746	-831.35247	-844.59031	91.334997	13.23784	-902.78335	-823.83832	-823.80978
146	146	-969.77607	-886.45708	-899.55844	83.318995	13.10136	-949.96394	-878.77084	-879.88191
147	147	-1842.4744	-1820.7795	-1831.9463	21.694931	11.1668	-1839.2383	-1808.8378	-1810.2474
148	148	-1659.1247	-1615.4225	-1628.6807	43.702218	13.2582	-1640.5867	-1609.5239	-1609.5225
149	149	-1577.5618	-1531.5963	-1544.6509	45.965465	13.0546000000002	-1557.2586	-1523.367	-1523.0779
150	150	-1135.2043	-1056.5863	-1069.7631	78.617995	13.1768	-1117.491	-1050.3285	-1050.3285
151	151	-2392.4433	-2360.8306	-2373.925	31.612715	13.0944000000004	-2375.3688	-2350.6782	-2355.3165
152	152	-1461.73	-1407.2225	-1420.4731	54.507513	13.2505999999998	-1458.2492	-1400.5434	-1400.4658
153	153	-1114.5296	-1063.3261	-1076.0795	51.203527	12.7534000000001	-1097.7215	-1056.8566	-1056.8587
154	154	-1413.2991	-1363.3266	-1376.3986	49.972549	13.0719999999999	-1394.7626	-1355.4444	-1356.2775
155	155	-1413.5522	-1371.3853	-1383.9863	42.166852	12.6010000000001	-1410.0987	-1362.4351	-1365.2995
156	156	-1293.7942	-1242.8626	-1256.1179	50.931591	13.2553	-1275.3681	-1236.6286	-1236.6255
157	157	-1397.068	-1323.0676	-1336.3279	74.00038	13.2602999999999	-1378.7743	-1315.9189	-1315.9237
158	158	-1620.2916	-1571.7975	-1584.7374	48.494134	12.9399000000001	-1599.8138	-1565.6881	-1566.2507
159	159	-1236.2546	-1165.6444	-1178.9067	70.610202	13.2623000000001	-1217.7533	-1158.4325	-1158.3915
160	160	-1207.3525	-1146.9099	-1160.1537	60.442637	13.2438	-1187.9964	-1139.9157	-1139.913
161	161	-1496.0299	-1461.7748	-1474.5744	34.255089	12.7996000000001	-1492.6213	-1455.1605	-1455.1749
162	162	-1234.5362	-1194.778	-1207.605	39.758219	12.827	-1230.9612	-1186.8525	-1188.6509
163	163	-1503.8571	-1472.3421	-1485.146	31.515083	12.8038999999999	-1500.4533	-1464.3334	-1466.384
164	164	-1452.0138	-1412.2539	-1425.4663	39.759918	13.2124000000001	-1433.5176	-1399.1971	-1401.6242
165	165	-1933.2176	-1904.1909	-1916.5859	29.026679	12.395	-1914.3235	-1898.3736	-1897.8828
166	166	-1286.901	-1227.9136	-1241.1616	58.987379	13.2479999999998	-1267.9428	-1220.7731	-1220.7372
167	167	-1259.8148	-1189.9	-1202.9778	69.914831	13.0777999999998	-1240.9452	-1183.8409	-1183.8404
168	168	-1782.8569	-1749.913	-1763.0288	32.943864	13.1158	-1764.6934	-1744.3087	-1744.3086
169	169	-1375.0168	-1328.8504	-1342.0749	46.166368	13.2245	-1357.6823	-1322.2023	-1322.2204
170	170	-1909.6275	-1845.5535	-1858.6412	64.073954	13.0877	-1891.7882	-1840.167	-1840.1664
171	171	-1756.4459	-1695.8424	-1709.0782	60.603563	13.2357999999999	-1738.8077	-1689.034	-1689.0133
172	172	-1415.0958	-1344.3291	-1357.6045	70.766657	13.2754	-1396.7806	-1337.3686	-1337.309
173	173	-1533.9438	-1470.6068	-1483.7025	63.337001	13.0957000000001	-1515.8248	-1464.9261	-1464.9261
174	174	-1285.6642	-1214.5339	-1227.6343	71.130318	13.1004	-1266.8983	-1208.5345	-1208.5345
175	175	-1551.2644	-1510.4824	-1523.719	40.781995	13.2366	-1530.2697	-1502.0261	-1502.0199
176	176	-1391.3535	-1315.5955	-1328.7053	75.757998	13.1098000000002	-1373.0238	-1308.6457	-1308.6431
177	177	-1051.6767	-988.38478	-1001.6734	63.291886	13.28862	-1047.9808	-981.27524	-981.25924
178	178	-1253.0413	-1182.06	-1195.3475	70.9813	13.2875000000001	-1233.4991	-1174.8425	-1174.8429
179	179	-1432.7786	-1372.9577	-1386.1976	59.820921	13.2399	-1418.9557	-1366.8039	-1366.8052
180	180	-1172.9562	-1095.4277	-1106.7411	77.52851	11.3134	-1154.4231	-1088.8909	-1088.1615
181	181	-1212.9165	-1129.5367	-1142.8132	83.379812	13.2764999999999	-1193.8881	-1123.078	-1123.0782
182	182	-1277.6133	-1229.1174	-1242.3495	48.495969	13.2320999999999	-1274.1059	-1219.7099	-1219.6904
183	183	-1328.8285	-1243.9634	-1256.989	84.86514	13.0255999999999	-1310.5941	-1235.7732	-1237.562
184	184	-1657.2769	-1592.9585	-1606.0632	64.318398	13.1047000000001	-1639.2849	-1587.3458	-1587.3452
185	185	-1289.7407	-1217.1243	-1230.3595	72.616416	13.2352000000001	-1270.9923	-1210.8265	-1210.8253
186	186	-1333.2494	-1276.5596	-1289.6727	56.689813	13.1131	-1314.7406	-1270.6374	-1270.6376
187	187	-1679.1312	-1614.1715	-1627.4457	64.959692	13.2742000000001	-1660.197	-1607.5484	-1607.5332
188	188	-1837.9936	-1801.207	-1814.3356	36.786558	13.1286	-1821.7036	-1794.9892	-1795.5718
189	189	-1202.8281	-1137.9949	-1151.2134	64.833258	13.2185000000002	-1184.4638	-1131.6703	-1131.673
190	190	-2142.2231	-2089.9325	-2102.9998	52.290541	13.0673000000002	-2124.2031	-2084.652	-2084.6524
191	191	-1096.6588	-974.76144	-987.99231	121.89737	13.23087	-1077.4464	-966.96839	-966.97012
192	192	-1129.1819	-1069.076	-1082.412	60.10588	13.336	-1110.6313	-1062.1577	-1061.938
193	193	-1576.8891	-1519.4623	-1532.5385	57.426886	13.0762000000002	-1558.7583	-1513.7526	-1513.7528
194	194	-992.89291	-925.98048	-939.08297	66.912425	13.1024900000001	-973.17949	-919.5387	-919.53859
195	195	-1194.8844	-1109.8207	-1122.9231	85.063671	13.1024	-1176.2651	-1103.7277	-1103.7279
196	196	-1444.6181	-1402.2393	-1415.3621	42.3788	13.1228000000001	-1425.859	-1395.6505	-1396.4361
197	197	-1362.0187	-1307.5557	-1320.5385	54.462996	12.9828000000002	-1343.7703	-1300.6613	-1301.6452
198	198	-1914.2299	-1880.0383	-1892.9322	34.191667	12.8939	-1896.1666	-1874.5165	-1874.5159
199	199	-1935.2947	-1885.6445	-1898.9126	49.650184	13.2681	-1916.083	-1879.8356	-1879.8224
200	200	-1859.6798	-1807.4883	-1820.6029	52.191517	13.1146000000001	-1841.8339	-1802.0354	-1802.0347
201	201	-1942.2823	-1911.9376	-1921.897	30.344687	9.95939999999996	-1923.4504	-1906.513	-1906.5146
202	202	-1120.8943	-1037.4186	-1050.6868	83.475687	13.2682	-1102.6161	-1030.9149	-1030.9146
203	203	-1700.6637	-1633.8473	-1646.8094	66.816423	12.9621000000002	-1681.8519	-1626.8938	-1628.2912
204	204	-1420.9644	-1350.3631	-1363.6264	70.601299	13.2633000000001	-1402.2883	-1344.1677	-1344.1714
205	205	-1709.9547	-1650.6122	-1663.8718	59.342464	13.2595999999999	-1692.1308	-1644.7335	-1644.7346
206	206	-1097.7848	-1025.3334	-1038.6169	72.451342	13.2835	-1079.0376	-1018.2847	-1018.2527
207	207	-1172.8287	-1095.8394	-1108.9295	76.989276	13.0900999999999	-1153.9488	-1089.7375	-1089.7375
208	208	-1927.4385	-1899.0398	-1910.1535	28.398699	11.1136999999999	-1914.9886	-1893.3936	-1893.373
209	209	-1551.9832	-1510.0372	-1523.1324	41.94607	13.0952	-1548.5765	-1502.4836	-1503.4433
210	210	-1606.6933	-1605.9468	-1611.2046	0.74648362	5.25780000000009	-1603.3756	-1591.7581	-1597.4012
211	211	-1788.8243	-1728.442	-1741.6925	60.38225	13.2505000000001	-1768.5039	-1722.476	-1722.4876
212	212	-1409.7128	-1357.4992	-1370.5018	52.213527	13.0026	-1390.3194	-1350.0158	-1350.8405
213	213	-1138.7848	-1050.9598	-1063.9131	87.825034	12.9532999999999	-1120.1771	-1042.527	-1044.4218
214	214	-1798.4313	-1716.8985	-1730.1814	81.532895	13.2828999999999	-1780.0526	-1710.9041	-1710.815
215	215	-1386.2326	-1328.1216	-1341.2279	58.11099	13.1063000000001	-1367.9589	-1322.2699	-1322.2701
216	216	-1262.8197	-1186.8672	-1199.5567	75.952497	12.6895000000002	-1243.9034	-1178.4278	-1180.8321
217	217	-1280.1339	-1229.1636	-1242.3988	50.970299	13.2351999999998	-1264.8072	-1223.0159	-1223.0147
218	218	-1510.7518	-1454.7457	-1467.8482	56.006064	13.1025	-1492.2022	-1448.9503	-1448.9508
219	219	-1051.3874	-1017.1938	-1029.8962	34.19355	12.7023999999999	-1047.7117	-1008.5519	-1010.8265
220	220	-1276.2701	-1224.2122	-1237.441	52.057887	13.2288000000001	-1256.9458	-1217.255	-1217.2532
221	221	-1406.3455	-1351.3108	-1364.5289	55.034713	13.2181	-1389.8591	-1344.405	-1343.9259
222	222	-1107.0249	-1039.3551	-1052.607	67.669775	13.2519	-1087.96	-1032.8698	-1032.863
223	223	-1182.1398	-1116.415	-1129.6666	65.724745	13.2516000000001	-1163.726	-1109.2299	-1109.1397
224	224	-1690.0097	-1645.2985	-1658.3279	44.711244	13.0293999999999	-1671.5732	-1639.7057	-1639.7044
225	225	-1045.604	-1019.445	-1031.4152	26.159033	11.9701999999999	-1041.9079	-1008.8321	-1012.5326
226	226	-1107.5118	-1054.4808	-1067.555	53.031065	13.0742	-1088.9366	-1047.7889	-1048.1562
227	227	-1946.4419	-1910.707	-1923.9803	35.734865	13.2732999999998	-1927.6305	-1905.0424	-1905.0379
228	228	-1521.6263	-1478.5674	-1490.9466	43.058952	12.3792000000001	-1503.6299	-1471.1708	-1472.5756
229	229	-1555.2259	-1504.9232	-1517.2801	50.302718	12.3569	-1536.7241	-1496.4271	-1499.181
230	230	-1218.4812	-1162.9405	-1176.0234	55.540677	13.0829000000001	-1199.6794	-1155.9459	-1155.8318
231	231	-1062.583	-953.87068	-967.12056	108.71228	13.24988	-1043.3112	-947.01828	-947.00649
232	232	-1146.564	-1085.4904	-1098.5654	61.073552	13.075	-1127.1922	-1079.3586	-1079.3587
233	233	-1705.903	-1655.7556	-1669.0604	50.147396	13.3048000000001	-1688.1483	-1649.7592	-1649.8283
234	234	-1776.7964	-1768.9862	-1777.7486	7.8102221	8.76239999999984	-1773.5426	-1763.3018	-1763.0311
235	235	-1279.5472	-1232.2855	-1245.3961	47.261756	13.1106	-1260.974	-1226.2137	-1226.2131
236	236	-1955.432	-1917.2272	-1929.6341	38.204857	12.4069	-1937.0931	-1908.017	-1911.7629
237	237	-1447.4299	-1357.9674	-1371.0944	89.462484	13.127	-1429.0718	-1352.1783	-1352.181
238	238	-1793.0381	-1734.6105	-1747.7183	58.427575	13.1078	-1775.132	-1729.109	-1729.1086
239	239	-1123.7017	-1060.0803	-1073.1459	63.621367	13.0655999999999	-1104.6438	-1053.8317	-1053.8331
240	240	-1845.9749	-1801.4641	-1810.7592	44.510822	9.29510000000005	-1827.1291	-1793.6113	-1794.7497
241	241	-965.27796	-868.18393	-881.18145	97.094032	12.99752	-945.99845	-859.39918	-861.28809
242	242	-1195.8649	-1122.4955	-1135.7848	73.369463	13.2892999999999	-1176.5317	-1115.2172	-1115.205
243	243	-1444.3092	-1353.3806	-1366.4757	90.928556	13.0951	-1426.0251	-1347.5952	-1347.5956
244	244	-1364.0339	-1331.0735	-1344.1985	32.960398	13.125	-1360.5388	-1325.0911	-1325.0896
245	245	-1616.1643	-1551.5434	-1564.7733	64.620925	13.2299	-1597.8606	-1544.8466	-1544.6981
246	246	-1194.3984	-1127.1953	-1140.3038	67.20311	13.1084999999998	-1175.5643	-1121.093	-1121.0927
247	247	-1798.3129	-1763.6213	-1776.8605	34.691581	13.2392	-1779.8677	-1757.7508	-1757.748
248	248	-1269.7348	-1169.3144	-1182.59	100.42036	13.2755999999999	-1250.6561	-1162.7675	-1162.7717
249	249	-1407.2256	-1349.2174	-1362.4659	58.008155	13.2484999999999	-1388.8445	-1343.0458	-1343.046
250	250	-1257.7356	-1183.1817	-1196.427	74.553907	13.2452999999998	-1239.1146	-1176.691	-1176.6738
251	251	-1250.7177	-1191.6573	-1204.7666	59.06044	13.1092999999998	-1231.9392	-1185.628	-1185.6277
252	252	-1675.8782	-1596.7429	-1610.0266	79.135267	13.2837	-1657.8219	-1590.7266	-1590.6938
253	253	-1291.3377	-1263.2434	-1276.1974	28.094305	12.954	-1287.8029	-1255.5994	-1257.191
254	254	-1958.7681	-1911.9402	-1924.8835	46.827893	12.9432999999999	-1939.3397	-1905.2089	-1906.5263
255	255	-1589.21	-1519.4173	-1532.6518	69.792787	13.2345	-1569.8401	-1513.5243	-1513.5295
256	256	-2225.7195	-2199.6485	-2211.6097	26.071	11.9612000000002	-2207.4853	-2194.1443	-2194.1324
257	257	-1574.0125	-1492.3781	-1503.8206	81.634331	11.4425000000001	-1555.814	-1486.7101	-1486.7099
258	258	-1221.1077	-1169.8049	-1183.0184	51.302818	13.2134999999998	-1201.831	-1162.7697	-1163.0068
259	259	-917.39371	-840.58279	-853.81803	76.810925	13.23524	-898.10063	-833.69236	-833.68856
260	260	-991.40951	-902.18897	-915.43268	89.220544	13.24371	-971.66727	-894.15276	-894.06287
261	261	-1398.279	-1331.1839	-1344.4135	67.095041	13.2296000000001	-1379.4148	-1324.0846	-1324.0652
262	262	-1456.9956	-1442.2446	-1454.7681	14.751059	12.5235	-1453.5404	-1430.7998	-1435.866
263	263	-1252.1984	-1196.4339	-1209.0338	55.764476	12.5998999999999	-1233.4182	-1186.5924	-1189.4298
264	264	-1547.9438	-1466.9507	-1480.0622	80.993086	13.1115	-1529.6485	-1461.2774	-1461.2769
265	265	-1559.7316	-1509.1771	-1519.0729	50.554502	9.89579999999978	-1541.2834	-1497.5603	-1503.4915
266	266	-1846.3276	-1826.2141	-1835.7502	20.113458	9.53610000000003	-1843.1445	-1818.0732	-1818.065
267	267	-1456.4465	-1405.7541	-1418.404	50.692354	12.6498999999999	-1452.9612	-1399.8862	-1399.8862
268	268	-1350.516	-1332.2683	-1344.9446	18.247681	12.6763000000001	-1347.0427	-1325.5566	-1325.7623
269	269	-1557.5913	-1490.5332	-1503.7811	67.05818	13.2478999999998	-1539.6789	-1483.6653	-1483.668
270	270	-1299.5167	-1265.6834	-1276.6867	33.833324	11.0033000000001	-1295.9569	-1257.5544	-1258.4103
271	271	-1110.3053	-992.72593	-1005.7985	117.57935	13.07257	-1091.4261	-986.28128	-986.28155
272	272	-1643.378	-1591.6359	-1604.857	51.742097	13.2211	-1625.1454	-1585.5913	-1585.5937
273	273	-1119.2199	-1032.4108	-1045.505	86.809135	13.0942	-1100.1994	-1026.1991	-1026.1995
274	274	-1565.5707	-1510.0397	-1523.1657	55.531007	13.126	-1546.805	-1504.3603	-1504.3586
275	275	-1352.765	-1305.1597	-1318.27	47.605328	13.1103000000001	-1333.9686	-1297.409	-1298.094
276	276	-1336.368	-1278.5021	-1291.5586	57.865957	13.0565000000001	-1316.711	-1270.6987	-1271.7647
277	277	-1585.3543	-1524.9198	-1538.1302	60.434522	13.2104000000002	-1567.1923	-1519.0985	-1519.2643
278	278	-1159.5504	-1092.3575	-1103.838	67.19292	11.4804999999999	-1139.5937	-1081.9466	-1086.1155
279	279	-1154.0688	-1125.6945	-1138.8153	28.374309	13.1207999999999	-1150.4331	-1119.2376	-1119.4556
280	280	-708.88559	-646.20077	-659.28834	62.684817	13.0875699999999	-704.83062	-637.28626	-637.27274
281	281	-1005.1672	-909.11465	-922.2064	96.052577	13.09175	-985.86571	-902.41911	-902.54784
282	282	-1318.9416	-1294.5755	-1307.237	24.366025	12.6615000000002	-1315.4411	-1283.1411	-1284.5722
283	283	-2047.2498	-2019.3192	-2028.6306	27.930569	9.31140000000005	-2031.1966	-2012.2898	-2012.2434
284	284	-1192.3565	-1109.4455	-1122.5247	82.910962	13.0791999999999	-1173.8202	-1103.3866	-1103.3886
285	285	-1715.2963	-1689.8668	-1702.9662	25.429527	13.0994000000001	-1712.0032	-1684.1459	-1684.1461
286	286	-1179.688	-1130.3111	-1143.3955	49.376916	13.0844000000002	-1160.6258	-1124.1136	-1124.1137
287	287	-1686.4048	-1622.3564	-1635.6481	64.048389	13.2917000000002	-1668.4986	-1616.4011	-1616.3972
288	288	-1632.1352	-1562.1827	-1575.2734	69.95249	13.0907	-1613.9808	-1556.5993	-1556.5995
289	289	-1717.2783	-1640.7258	-1653.9869	76.552455	13.2611000000002	-1699.2929	-1634.8404	-1634.8403
290	290	-1430.0169	-1391.0946	-1404.4844	38.922315	13.3898000000002	-1415.3808	-1382.1639	-1385.2198
291	291	-1654.5457	-1617.1322	-1630.2031	37.413573	13.0708999999999	-1636.5107	-1611.4383	-1611.4381
292	292	-1587.2672	-1542.4711	-1552.7194	44.796101	10.2483	-1568.8324	-1536.6125	-1536.617
293	293	-1371.2491	-1293.3477	-1306.4314	77.901343	13.0836999999999	-1352.9348	-1287.3922	-1287.3917
294	294	-1418.0048	-1395.3023	-1407.9809	22.702538	12.6786	-1414.584	-1384.4893	-1386.8576
295	295	-1142.2228	-1072.9012	-1085.4087	69.321609	12.5074999999999	-1123.4843	-1064.2811	-1066.7302
296	296	-1171.9163	-1111.2757	-1124.3666	60.640549	13.0909000000001	-1153.4167	-1105.0356	-1105.0351
297	297	-1056.2617	-1031.7626	-1043.3626	24.499102	11.5999999999999	-1052.5655	-1023.7107	-1025.1956
298	298	-1138.9513	-1098.468	-1111.541	40.483289	13.0729999999999	-1120.3227	-1092.2543	-1092.2537
299	299	-1220.6394	-1145.7928	-1159.1025	74.846593	13.3097	-1202.1897	-1139.453	-1139.4587
300	300	-1159.8193	-1073.4917	-1086.5928	86.327668	13.1010999999999	-1140.824	-1067.3352	-1067.3352
301	301	-1974.6801	-1962.462	-1974.1756	12.218054	11.7136	-1971.5132	-1949.8186	-1956.4409
302	302	-1311.8623	-1252.8585	-1265.9431	59.003785	13.0845999999999	-1293.1535	-1245.4092	-1246.5988
303	303	-1417.7632	-1359.9307	-1373.0396	57.832527	13.1089000000002	-1398.9652	-1354.0814	-1354.0818
304	304	-1649.4434	-1612.5715	-1625.691	36.871833	13.1195	-1631.5109	-1606.9198	-1606.9194
305	305	-990.91362	-894.02231	-907.32392	96.891314	13.3016100000001	-971.59637	-887.01813	-887.01396
306	306	-1829.3387	-1737.9239	-1751.0024	91.414808	13.0785000000001	-1811.3384	-1732.5229	-1732.523
307	307	-1268.2483	-1204.0969	-1217.3258	64.151439	13.2289000000001	-1249.9112	-1197.7718	-1197.7803
308	308	-1159.1915	-1114.9147	-1128.1418	44.276772	13.2271000000001	-1140.4547	-1108.5299	-1108.5286
309	309	-2030.246	-1989.4265	-2002.4692	40.819507	13.0427	-2012.5175	-1982.0935	-1982.7995
310	310	-1514.9475	-1474.6003	-1487.844	40.347196	13.2437	-1496.0896	-1468.6163	-1468.6202
311	311	-1297.9569	-1249.709	-1262.9477	48.247882	13.2386999999999	-1279.8023	-1242.8819	-1242.8523
312	312	-1272.4199	-1238.3558	-1251.5638	34.064067	13.2079999999999	-1268.8741	-1232.1055	-1232.0993
313	313	-1497.5458	-1450.9048	-1464.0337	46.641007	13.1288999999999	-1479.4498	-1444.9692	-1445.1154
314	314	-1848.9505	-1806.0734	-1818.9965	42.877102	12.9231	-1831.003	-1799.0982	-1800.5811
315	315	-1646.6268	-1616.628	-1629.5217	29.998764	12.8937000000001	-1643.3015	-1610.7547	-1610.743
316	316	-1448.4162	-1362.5645	-1375.6732	85.851737	13.1087	-1430.2907	-1356.811	-1356.8119
317	317	-1043.6256	-968.13879	-981.25225	75.486819	13.11346	-1024.895	-961.35299	-961.75883
318	318	-1005.0073	-934.00191	-947.22569	71.005422	13.22378	-986.04631	-927.30083	-927.29841
319	319	-1256.011	-1178.7108	-1191.818	77.300208	13.1071999999999	-1237.3475	-1172.6697	-1172.6694
320	320	-1003.2937	-951.90752	-964.94889	51.386155	13.04137	-999.58071	-942.81229	-944.84803
321	321	-984.53867	-930.25419	-943.46417	54.284477	13.20998	-980.75458	-922.6998	-923.58857
322	322	-1324.9853	-1268.8011	-1282.0619	56.184257	13.2608	-1309.646	-1262.6088	-1262.6061
323	323	-1379.9058	-1304.8635	-1318.1204	75.042281	13.2569000000001	-1359.7433	-1298.6685	-1298.6666
324	324	-1421.3974	-1323.254	-1336.3084	98.14334	13.0544	-1402.7242	-1317.3632	-1317.3632
325	325	-1595.4087	-1576.6723	-1589.8951	18.736451	13.2228	-1592.0652	-1569.0731	-1570.3215
326	326	-1061.498	-989.7802	-1002.4347	71.71777	12.6545	-1057.8079	-981.20474	-983.47903
327	327	-1196.4782	-1135.3695	-1148.4794	61.108625	13.1098999999999	-1178.156	-1129.3165	-1129.3171
328	328	-1195.5143	-1133.0338	-1146.2828	62.480469	13.249	-1174.2796	-1125.9991	-1125.9156
329	329	-1394.2581	-1333.3079	-1346.4069	60.950147	13.0989999999999	-1375.6652	-1326.1086	-1326.0734
330	330	-2056.3535	-2010.3118	-2021.7657	46.041731	11.4539	-2038.6238	-1999.2073	-2004.9825
331	331	-1564.6703	-1526.8585	-1539.8026	37.811814	12.9440999999999	-1546.8771	-1521.1497	-1521.1499
332	332	-1131.8691	-1089.7714	-1102.8885	42.097739	13.1170999999999	-1128.2237	-1083.5514	-1083.5512
333	333	-1452.5045	-1381.4447	-1394.7208	71.059789	13.2761	-1433.349	-1374.3156	-1374.3037
334	334	-1195.6449	-1153.6674	-1166.6024	41.977562	12.9349999999999	-1176.9134	-1145.2634	-1147.2933
335	335	-1447.3163	-1418.394	-1431.434	28.922241	13.04	-1443.8585	-1412.0054	-1412.0236
336	336	-1598.7778	-1550.8241	-1564.0702	47.953641	13.2461000000001	-1580.5015	-1544.579	-1544.8536
337	337	-1931.059	-1874.1536	-1887.2261	56.905361	13.0725	-1913.2403	-1868.7807	-1868.7804
338	338	-1282.8787	-1232.5874	-1245.6786	50.291284	13.0912000000001	-1263.8227	-1226.5589	-1226.5574
339	339	-1140.4635	-1063.5809	-1076.6503	76.882596	13.0694000000001	-1121.771	-1057.3942	-1057.3953
340	340	-1597.0482	-1526.6921	-1539.8002	70.356095	13.1080999999999	-1577.4818	-1521.0981	-1521.0974
341	341	-1699.582	-1640.1023	-1653.1835	59.479697	13.0812000000001	-1681.6942	-1634.0909	-1634.5531
342	342	-1430.3153	-1372.5255	-1385.7493	57.789765	13.2238	-1411.9739	-1365.684	-1365.6668
343	343	-1174.2438	-1102.4671	-1115.7134	71.776647	13.2463	-1155.546	-1095.9431	-1095.9396
344	344	-1279.8745	-1225.7718	-1238.9988	54.102698	13.2270000000001	-1260.6017	-1219.4975	-1219.498
345	345	-1476.8436	-1421.3064	-1434.5825	55.537231	13.2761	-1457.6904	-1415.2018	-1415.1879
346	346	-995.51966	-922.81997	-936.05177	72.699681	13.2318	-976.52183	-916.23967	-916.28063
347	347	-1702.0143	-1687.4562	-1698.8673	14.558103	11.4110999999998	-1698.733	-1680.3262	-1681.6817
348	348	-1207.5772	-1159.6438	-1172.9138	47.933348	13.27	-1204.0127	-1153.2986	-1153.3003
349	349	-1327.468	-1294.0123	-1307.5264	33.455743	13.5140999999999	-1323.9498	-1284.4159	-1287.3292
350	350	-1261.3496	-1185.7041	-1198.8239	75.645495	13.1198000000002	-1242.5113	-1179.7061	-1179.7064
351	351	-1803.3797	-1756.4938	-1769.7172	46.885958	13.2234000000001	-1785.2295	-1750.6386	-1750.6364
352	352	-1385.8601	-1311.1008	-1324.2003	74.759261	13.0995	-1367.089	-1305.1777	-1305.1752
353	353	-2052.8852	-2018.9405	-2031.8512	33.944639	12.9107000000001	-2034.6183	-2012.8219	-2013.5668
354	354	-1270.7575	-1199.9971	-1213.2365	70.760419	13.2393999999999	-1252.1501	-1193.6965	-1193.6863
355	355	-1830.5651	-1772.2663	-1785.5489	58.298748	13.2826	-1812.7022	-1766.3978	-1766.3934
356	356	-1002.9359	-936.89367	-950.14682	66.04224	13.25315	-999.16754	-930.35433	-930.35041
357	357	-1666.9376	-1604.1533	-1613.6425	62.784258	9.48919999999998	-1648.9169	-1598.1225	-1598.1214
358	358	-1221.3935	-1154.7385	-1167.9881	66.65499	13.2496000000001	-1202.0438	-1147.6067	-1147.6101
359	359	-1832.1529	-1775.153	-1788.2591	56.999841	13.1061	-1814.2883	-1769.6505	-1769.6488
360	360	-1373.7297	-1309.1135	-1322.1812	64.616176	13.0677000000001	-1355.3909	-1303.2843	-1303.2822
361	361	-1086.1886	-958.0035	-971.1208	128.18513	13.1173	-1066.9806	-951.44878	-951.44854
362	362	-1966.1498	-1938.4307	-1949.5857	27.719091	11.1550000000002	-1947.9742	-1931.865	-1931.997
363	363	-1480.2053	-1423.1899	-1436.4452	57.015404	13.2553	-1459.9779	-1416.4158	-1416.3889
364	364	-1464.4204	-1416.7201	-1429.8068	47.700357	13.0867000000001	-1447.8317	-1408.8029	-1410.1051
365	365	-1351.3745	-1299.2889	-1312.3993	52.085638	13.1104	-1332.7492	-1293.2955	-1293.301
366	366	-1635.9819	-1615.6286	-1628.4722	20.353245	12.8435999999999	-1632.6203	-1605.1779	-1608.1444
367	367	-1217.7211	-1138.7103	-1151.8061	79.01086	13.0958000000001	-1198.7292	-1132.6064	-1132.6061
368	368	-1533.2248	-1463.7962	-1476.9006	69.428609	13.1043999999999	-1514.73	-1458.0472	-1458.0484
369	369	-1526.8442	-1480.82	-1492.8335	46.024231	12.0135	-1509.3091	-1474.9575	-1474.957
370	370	-1369.7397	-1317.6616	-1330.9159	52.078102	13.2543000000001	-1351.1818	-1311.4578	-1311.4561
371	371	-1327.6636	-1278.3297	-1290.0845	49.333856	11.7547999999999	-1308.7609	-1268.193	-1272.0434
372	372	-1853.1598	-1794.2919	-1807.5079	58.867919	13.2160000000001	-1834.8981	-1788.3197	-1788.322
373	373	-1087.4253	-1029.2955	-1042.4039	58.12974	13.1084000000001	-1083.743	-1022.9846	-1022.9837
374	374	-1658.0048	-1618.1504	-1631.3624	39.854366	13.212	-1638.9315	-1611.4514	-1611.574
375	375	-1427.1466	-1373.7987	-1386.1106	53.347895	12.3118999999999	-1408.1811	-1364.4762	-1367.7189
376	376	-1140.2953	-1077.3642	-1090.5964	62.93104	13.2321999999999	-1121.3932	-1070.847	-1070.843
377	377	-988.53092	-897.65507	-910.73205	90.875846	13.0769799999999	-966.37998	-890.91195	-891.14989
378	378	-1375.8367	-1313.6342	-1326.1793	62.20248	12.5451	-1355.6348	-1305.0284	-1307.7343
379	379	-1500.4476	-1456.1509	-1469.2522	44.296735	13.1012999999998	-1481.9285	-1450.3838	-1450.3826
380	380	-1655.0544	-1600.8168	-1613.8136	54.237582	12.9967999999999	-1636.082	-1592.7316	-1594.6491
381	381	-1218.6626	-1167.5128	-1177.2482	51.149828	9.73540000000003	-1215.083	-1161.1226	-1161.1229
382	382	-1410.0982	-1364.0912	-1377.2092	46.007037	13.1179999999999	-1391.9063	-1358.2848	-1358.284
383	383	-1601.9091	-1556.252	-1569.4945	45.657131	13.2425000000001	-1581.7248	-1550.3727	-1550.3772
384	384	-1292.1445	-1239.9767	-1252.8298	52.167822	12.8531	-1288.6285	-1229.8834	-1233.2077
385	385	-1728.1321	-1680.0412	-1693.2415	48.090918	13.2003000000002	-1709.9261	-1674.1572	-1674.1513
386	386	-1444.9139	-1385.5625	-1398.8072	59.3514	13.2447	-1426.8821	-1379.4633	-1379.4633
387	387	-1737.3367	-1699.363	-1710.8606	37.973724	11.4975999999999	-1719.6004	-1693.3514	-1693.4683
388	388	-1522.2471	-1461.5042	-1474.7728	60.742859	13.2685999999999	-1503.9108	-1454.7026	-1455.4437
389	389	-1129.2616	-1070	-1083.1953	59.261657	13.1953000000001	-1109.8927	-1063.5753	-1063.5703
390	390	-1557.2281	-1435.8411	-1448.9424	121.38694	13.1012999999998	-1538.8222	-1430.2007	-1430.2019
391	391	-1389.4277	-1374.3336	-1383.0883	15.094079	8.75469999999996	-1385.9918	-1362.0262	-1367.9656
392	392	-1421.4797	-1370.994	-1384.1092	50.485686	13.1152000000002	-1402.9131	-1365.1416	-1365.1425
393	393	-1430.3783	-1391.053	-1400.9704	39.325372	9.91739999999982	-1420.1346	-1383.8456	-1385.0849
394	394	-1691.7207	-1608.7451	-1621.8677	82.975526	13.1225999999999	-1673.3888	-1603.2548	-1603.2556
395	395	-1400.0113	-1342.6545	-1355.8904	57.356782	13.2358999999999	-1381.6758	-1335.2461	-1335.7791
396	396	-1464.2308	-1430.2381	-1440.0584	33.992714	9.82029999999986	-1460.7765	-1417.5694	-1423.3941
397	397	-1308.8578	-1272.659	-1285.7334	36.198832	13.0744	-1305.3531	-1266.5878	-1266.6229
398	398	-1469.6897	-1419.0068	-1432.1212	50.682879	13.1143999999999	-1451.5785	-1413.2393	-1413.2393
399	399	-1315.2513	-1282.6816	-1294.5478	32.569709	11.8662000000002	-1311.7627	-1274.9543	-1276.4559
400	400	-1550.6603	-1506.008	-1519.0416	44.652259	13.0336	-1532.463	-1494.4352	-1496.7448
401	401	-1136.6131	-1068.4182	-1081.4198	68.194846	13.0015999999998	-1117.1435	-1061.9042	-1061.9041
402	402	-1493.8987	-1400.0431	-1413.3421	93.855561	13.299	-1475.745	-1393.6919	-1393.6976
403	403	-1271.615	-1212.3289	-1225.6014	59.286099	13.2725	-1252.9832	-1205.5333	-1205.4473
404	404	-1085.679	-1049.6685	-1062.7534	36.010465	13.0849000000001	-1082.0336	-1043.3504	-1043.3503
405	405	-1532.7936	-1477.5928	-1490.8632	55.200876	13.2704000000001	-1513.7746	-1470.6582	-1470.6499
406	406	-1610.915	-1557.3674	-1570.6096	53.547569	13.2421999999999	-1592.1143	-1551.4258	-1551.431
407	407	-1399.2437	-1340.6557	-1353.7767	58.587961	13.1209999999999	-1380.5213	-1334.3362	-1334.1551
408	408	-1365.3628	-1290.4405	-1303.7251	74.922282	13.2846000000002	-1347.1586	-1284.135	-1284.1273
409	409	-1146.4938	-1079.2935	-1092.5416	67.200311	13.2481	-1127.7715	-1072.4002	-1072.3916
410	410	-1192.6468	-1094.5487	-1107.8284	98.098162	13.2797	-1173.9461	-1086.8918	-1086.9004
411	411	-2035.4055	-2007.5954	-2020.6949	27.810139	13.0995	-2016.3174	-2001.7321	-2001.5829
412	412	-1765.3789	-1691.4854	-1704.7846	73.893521	13.2991999999999	-1747.2306	-1684.3673	-1684.3524
413	413	-1819.7069	-1788.6832	-1801.9153	31.023688	13.2320999999999	-1807.7045	-1782.9125	-1782.8988
414	414	-1583.7006	-1545.5996	-1558.8233	38.101018	13.2237	-1565.3688	-1539.6571	-1539.6533
415	415	-1913.4893	-1875.8505	-1888.9447	37.638872	13.0942	-1894.6178	-1868.9993	-1870.1179
416	416	-1198.2987	-1134.4161	-1147.5533	63.882581	13.1372000000001	-1194.6792	-1126.4337	-1127.4023
417	417	-1993.2234	-1969.5337	-1982.7533	23.689638	13.2196000000001	-1975.3268	-1963.9033	-1963.8925
418	418	-1366.071	-1345.4827	-1356.9943	20.588362	11.5116	-1362.5725	-1337.9928	-1338.4072
419	419	-1532.6912	-1486.1066	-1499.8631	46.584578	13.7565	-1514.3446	-1479.846	-1480.3784
420	420	-1881.1367	-1824.9439	-1838.2075	56.192756	13.2636	-1863.2979	-1819.158	-1819.1586
421	421	-1655.698	-1600.4319	-1613.6774	55.266085	13.2455	-1637.6984	-1593.9744	-1594.4304
422	422	-1418.1203	-1330.3392	-1343.4461	87.781133	13.1069	-1399.7189	-1324.534	-1324.5339
423	423	-1261.19	-1194.3413	-1207.4764	66.8487	13.1351	-1242.7975	-1188.4072	-1188.4074
424	424	-1478.6896	-1424.8208	-1437.9149	53.868781	13.0941	-1460.4193	-1419.0061	-1418.9199
425	425	-1430.7865	-1386.3063	-1398.9805	44.48019	12.6741999999999	-1412.8238	-1376.8248	-1379.7186
426	426	-1045.6781	-959.62036	-972.71082	86.057781	13.09046	-1025.6092	-953.25333	-953.25263
427	427	-1615.6346	-1564.4862	-1577.4032	51.148365	12.9169999999999	-1595.9259	-1556.3507	-1558.4919
428	428	-1163.1506	-1106.0693	-1119.2962	57.081291	13.2268999999999	-1143.7396	-1099.6802	-1099.6781
429	429	-1568.8328	-1528.279	-1541.1504	40.553801	12.8714	-1549.5224	-1520.1646	-1522.373
430	430	-1389.1533	-1347.5622	-1359.9474	41.591101	12.3851999999999	-1375.0806	-1341.3948	-1341.3898
431	431	-1447.3563	-1404.3362	-1417.4097	43.020079	13.0735	-1427.4189	-1398.4702	-1398.4692
432	432	-1300.613	-1240.0571	-1253.2869	60.555889	13.2298000000001	-1279.3139	-1233.7942	-1233.7914
433	433	-1435.115	-1392.0937	-1405.3404	43.021288	13.2467000000001	-1414.9804	-1385.4133	-1386.0755
434	434	-1639.4136	-1589.6973	-1602.7894	49.716336	13.0920999999998	-1617.9111	-1584.1034	-1584.1049
435	435	-1706.7682	-1632.9506	-1646.2493	73.817547	13.2987000000001	-1688.7106	-1626.9737	-1626.9774
436	436	-851.57097	-772.02171	-785.13791	79.549266	13.1162	-832.43876	-765.21474	-765.21451
437	437	-1374.5305	-1297.4824	-1310.5628	77.048107	13.0803999999998	-1354.0539	-1291.5817	-1291.5818
438	438	-1494.5928	-1451.1012	-1464.2099	43.491634	13.1087	-1475.7567	-1445.2946	-1445.2948
439	439	-1421.8032	-1369.7349	-1382.9865	52.068289	13.2516000000001	-1403.6759	-1363.6791	-1363.6741
440	440	-1457.141	-1383.4271	-1396.5251	73.713965	13.098	-1438.8819	-1377.6541	-1377.6555
441	441	-1278.9994	-1227.9096	-1241.1414	51.08984	13.2318	-1275.4559	-1221.191	-1221.1734
442	442	-1547.8663	-1478.5369	-1491.8178	69.329338	13.2809	-1529.7269	-1470.7949	-1470.8262
443	443	-1570.8258	-1528.2125	-1541.4369	42.613276	13.2243999999998	-1552.9538	-1522.2235	-1522.2286
444	444	-1370.0639	-1317.7777	-1330.2352	52.286231	12.4575	-1350.4875	-1308.5526	-1311.591
445	445	-1367.6946	-1300.2415	-1313.371	67.453025	13.1295	-1347.5206	-1294.3435	-1294.3421
446	446	-1006.0487	-922.68295	-935.91007	83.365769	13.22712	-984.39429	-915.38905	-915.31056
447	447	-1801.1525	-1762.9006	-1776.1519	38.251947	13.2513000000001	-1782.9708	-1757.1058	-1757.1053
448	448	-1154.0376	-1091.4277	-1103.4213	62.609946	11.9936	-1134.7373	-1085.1222	-1085.256
449	449	-1591.664	-1532.8745	-1545.9755	58.789434	13.1010000000001	-1573.8345	-1527.1832	-1526.7768
450	450	-1598.2083	-1564.2587	-1575.5057	33.949654	11.2469999999998	-1594.8493	-1553.9109	-1558.5067
451	451	-1102.7178	-1027.6188	-1040.7427	75.099013	13.1239	-1083.8923	-1021.4052	-1021.4069
452	452	-1158.2661	-1065.5292	-1078.6133	92.736831	13.0841	-1139.3594	-1059.3693	-1059.3694
453	453	-1375.28	-1318.9181	-1332.1713	56.361927	13.2531999999999	-1356.6944	-1312.0717	-1312.0563
454	454	-1185.2385	-1137.6695	-1150.7991	47.569006	13.1296	-1181.6814	-1131.5333	-1131.5335
455	455	-1348.8467	-1255.3106	-1268.3696	93.536095	13.059	-1330.3556	-1249.3704	-1249.3707
456	456	-1593.7105	-1527.9741	-1541.2256	65.73637	13.2515000000001	-1575.5552	-1521.7459	-1521.7265
457	457	-1601.0543	-1539.347	-1552.6092	61.707378	13.2622000000001	-1582.8702	-1532.5395	-1533.3236
458	458	-1253.4941	-1172.3497	-1185.4281	81.144368	13.0784000000001	-1234.9932	-1166.3098	-1166.3093
459	459	-1076.5177	-1003.5698	-1016.4368	72.947923	12.867	-1057.3295	-994.84066	-994.92716
460	460	-1943.2295	-1919.1825	-1932.2829	24.046966	13.1004	-1924.6434	-1910.5749	-1910.5647
461	461	-1101.421	-1003.5941	-1016.8755	97.826846	13.2814	-1082.708	-996.84472	-996.84496
462	462	-1277.9904	-1229.9489	-1242.805	48.041453	12.8561	-1259.5702	-1223.8358	-1223.8354
463	463	-1235.4559	-1160.3164	-1173.5065	75.139466	13.1901	-1216.8593	-1153.1007	-1153.0713
464	464	-1005.2346	-985.16051	-993.36605	20.074074	8.20553999999993	-1001.5196	-964.25992	-973.58951
465	465	-1571.4717	-1524.8542	-1535.8349	46.617506	10.9807000000001	-1552.3814	-1514.2673	-1519.1205
466	466	-1165.3768	-1112.3021	-1125.5248	53.074667	13.2226999999998	-1161.7779	-1105.9422	-1105.9234
467	467	-1296.7604	-1232.3373	-1245.5712	64.423087	13.2339000000002	-1277.8864	-1226.1611	-1226.1585
468	468	-1370.5113	-1259.7037	-1272.7655	110.80755	13.0617999999999	-1351.8895	-1253.8094	-1253.8099
469	469	-1128.9351	-1052.9553	-1066.1912	75.979753	13.2358999999999	-1110.4446	-1046.4916	-1046.49
470	470	-1361.2602	-1291.2826	-1304.5302	69.977591	13.2475999999999	-1342.9254	-1284.9739	-1284.9674
471	471	-997.18362	-901.24731	-914.35495	95.936319	13.1076400000001	-977.15301	-894.65762	-894.6569
472	472	-1706.7244	-1696.7424	-1708.0758	9.9820305	11.3334	-1703.4257	-1683.689	-1686.3176
473	473	-1840.4133	-1832.1315	-1841.4331	8.2818025	9.30160000000001	-1837.2173	-1813.9965	-1823.9721
474	474	-1539.5574	-1495.4958	-1508.7522	44.061563	13.2564	-1520.9958	-1488.6699	-1488.686
475	475	-1312.8805	-1236.3144	-1249.4098	76.566092	13.0953999999999	-1293.9912	-1230.4257	-1230.4256
476	476	-2094.702	-2057.653	-2070.7631	37.049047	13.1101000000003	-2076.0976	-2051.4182	-2052.3098
477	477	-1412.2434	-1366.7273	-1379.9797	45.516041	13.2524000000001	-1393.9887	-1360.63	-1360.6133
478	478	-1353.96	-1293.4493	-1306.5653	60.510774	13.116	-1334.7459	-1287.6157	-1287.6151
479	479	-1330.6874	-1283.8727	-1297.113	46.814698	13.2403000000002	-1310.3281	-1277.8055	-1277.8054
480	480	-1214.6526	-1155.7323	-1168.9546	58.920285	13.2223000000001	-1195.1513	-1149.4215	-1149.4174
481	481	-1230.1164	-1205.5253	-1217.9915	24.591147	12.4662000000001	-1226.5713	-1193.6492	-1199.2516
482	482	-778.02673	-724.64396	-737.90584	53.382771	13.26188	-774.0206	-716.58833	-717.19952
483	483	-1663.9144	-1606.5403	-1619.836	57.374116	13.2957000000001	-1645.8615	-1600.4726	-1600.4616
484	484	-1322.6002	-1309.0678	-1319.1268	13.532372	10.059	-1319.1553	-1300.535	-1300.5481
485	485	-1383.7698	-1301.308	-1314.4173	82.461861	13.1093000000001	-1365.5226	-1295.4611	-1295.4616
486	486	-1900.3625	-1834.7737	-1847.8443	65.588827	13.0706	-1882.4758	-1829.3568	-1829.357
487	487	-1362.4598	-1358.1857	-1361.5447	4.274091	3.35899999999992	-1358.9727	-1349.5999	-1349.5983
488	488	-1672.5266	-1616.7253	-1629.6985	55.801288	12.9731999999999	-1654.4893	-1608.9415	-1610.7927
489	489	-1566.7007	-1519.7013	-1532.8332	46.999386	13.1319000000001	-1548.8426	-1514.0533	-1514.0547
490	490	-1254.6909	-1225.6465	-1238.8887	29.044372	13.2421999999999	-1251.1277	-1218.5729	-1218.9457
491	491	-1503.262	-1432.4368	-1445.6959	70.825225	13.2591	-1484.7163	-1426.3625	-1426.3614
492	492	-1432.2164	-1333.5087	-1346.7874	98.707704	13.2786999999998	-1414.0482	-1327.2237	-1327.2229
493	493	-1380.6609	-1319.4019	-1332.4766	61.258933	13.0746999999999	-1362.3212	-1313.5601	-1313.561
494	494	-1174.1203	-1115.328	-1128.1942	58.792314	12.8661999999999	-1155.3248	-1106.1611	-1108.3462
495	495	-1071.0572	-972.27656	-985.37503	98.78061	13.09847	-1052.2225	-965.83947	-965.83962
496	496	-1828.9403	-1781.5115	-1794.7507	47.428839	13.2392	-1811.2736	-1774.7996	-1774.7205
497	497	-1622.3742	-1607.1599	-1620.6756	15.214296	13.5156999999999	-1619.0401	-1597.5663	-1600.8789
498	498	-2085.0476	-2043.2882	-2056.4088	41.759428	13.1206000000002	-2065.6037	-2037.3023	-2037.2104
499	499	-1446.6895	-1389.5702	-1402.6862	57.119285	13.116	-1428.5393	-1379.2687	-1383.6841
