#chr	start	end	name	null_scale	alt_scale	alt_subscale	lnlratio	pval
0	0	200	1	0.23384	0.21539	6.02011	30.10279	0.00000
1	200	400	2	0.34758	0.32798	4.44556	25.05083	0.00000
2	400	600	3	0.15117	0.13839	6.39129	22.05225	0.00000
3	600	800	4	0.28391	0.25716	7.31069	47.03325	0.00000
4	800	1000	5	0.30513	0.28855	4.31871	21.00529	0.00000
5	1000	1200	6	0.24960	0.22633	7.15739	40.87704	0.00000
6	1200	1400	7	0.12528	0.10417	13.53971	51.68246	0.00000
7	1400	1600	8	0.17020	0.14582	11.03107	56.06705	0.00000
8	1600	1800	9	0.63651	0.62040	2.38826	10.28076	0.00000
9	1800	2000	10	0.19721	0.17379	8.99684	47.76961	0.00000
10	2000	2200	11	0.19656	0.16758	11.70492	65.44969	0.00000
11	2200	2400	12	0.38254	0.35350	5.88652	42.95468	0.00000
12	2400	2600	13	0.26881	0.24737	6.08949	34.96206	0.00000
13	2600	2800	14	0.25571	0.23972	4.91563	22.33903	0.00000
14	2800	3000	15	0.17686	0.15611	9.12320	42.09393	0.00000
15	3000	3200	16	0.19507	0.18361	4.60040	15.55778	0.00000
16	3200	3400	17	0.23027	0.21458	5.29911	23.40245	0.00000
17	3400	3600	18	0.21238	0.18703	9.28768	51.91794	0.00000
18	3600	3800	19	0.16552	0.13569	14.92675	75.96396	0.00000
19	3800	4000	20	0.11483	0.08856	20.60470	71.88141	0.00000
20	4000	4200	21	0.12680	0.10960	10.45980	38.86015	0.00000
21	4200	4400	22	0.24175	0.20794	11.16880	74.23543	0.00000
22	4400	4600	23	0.22156	0.20850	4.63089	17.77271	0.00000
23	4600	4800	24	0.20546	0.19629	3.67689	10.45586	0.00000
24	4800	5000	25	0.26085	0.24125	5.84539	30.01893	0.00000
25	5000	5200	26	0.22056	0.20262	6.22671	29.06410	0.00000
26	5200	5400	27	0.20922	0.19048	6.78271	32.91299	0.00000
27	5400	5600	28	0.09115	0.06091	33.38296	100.00773	0.00000
28	5600	5800	29	0.15903	0.13349	12.80144	60.64779	0.00000
29	5800	6000	30	0.19311	0.17401	7.43594	36.77229	0.00000
30	6000	6200	31	0.31714	0.29549	5.34717	31.21420	0.00000
31	6200	6400	32	0.11891	0.09409	17.42141	68.62595	0.00000
32	6400	6600	33	0.25737	0.22190	10.90316	76.54130	0.00000
33	6600	6800	34	0.19492	0.16839	10.68408	57.06653	0.00000
34	6800	7000	35	0.15102	0.11980	17.67005	83.81620	0.00000
35	7000	7200	36	0.17782	0.15193	11.40656	57.63679	0.00000
36	7200	7400	37	0.16937	0.15032	8.64659	38.17365	0.00000
37	7400	7600	38	0.14848	0.13045	9.51626	37.58436	0.00000
38	7600	7800	39	0.16810	0.14375	11.28000	56.18648	0.00000
39	7800	8000	40	0.14380	0.13073	6.88262	23.38880	0.00000
40	8000	8200	41	0.19164	0.16412	11.38770	61.48834	0.00000
41	8200	8400	42	0.16828	0.15617	5.49747	18.95771	0.00000
42	8400	8600	43	0.11797	0.09821	13.61349	49.31046	0.00000
43	8600	8800	44	0.18538	0.17319	5.07189	17.91913	0.00000
44	8800	9000	45	0.16925	0.14582	10.96454	51.91676	0.00000
45	9000	9200	46	0.26165	0.24184	5.78260	30.85278	0.00000
46	9200	9400	47	0.24688	0.21893	8.75446	54.76060	0.00000
47	9400	9600	48	0.26847	0.24349	7.10965	43.05745	0.00000
48	9600	9800	49	0.26594	0.25617	3.19219	9.48356	0.00001
49	9800	10000	50	0.15614	0.13342	11.53319	50.56466	0.00000
50	10000	10200	51	0.21062	0.17540	13.60350	86.35900	0.00000
51	10200	10400	52	0.32554	0.30773	4.31138	22.38644	0.00000
52	10400	10600	53	0.20157	0.18230	7.26767	35.89533	0.00000
53	10600	10800	54	0.34883	0.32564	5.15929	32.95656	0.00000
54	10800	11000	55	0.22623	0.20246	8.24962	45.35948	0.00000
55	11000	11200	56	0.17924	0.13333	23.74280	136.50286	0.00000
56	11200	11400	57	0.23468	0.21259	7.15205	39.39970	0.00000
57	11400	11600	58	0.18004	0.15946	8.70035	41.96240	0.00000
58	11600	11800	59	0.12108	0.09059	22.14008	93.50840	0.00000
59	11800	12000	60	0.21465	0.19731	6.16919	28.68318	0.00000
60	12000	12200	61	0.19511	0.17710	6.94854	31.34510	0.00000
61	12200	12400	62	0.23607	0.21120	8.03968	47.38595	0.00000
62	12400	12600	63	0.23229	0.20968	7.51739	41.55457	0.00000
63	12600	12800	64	0.18671	0.16584	8.63802	41.43992	0.00000
64	12800	13000	65	0.18731	0.15811	12.25110	70.99099	0.00000
65	13000	13200	66	0.31201	0.28234	7.32718	51.55548	0.00000
66	13200	13400	67	0.19312	0.17306	7.85832	38.22571	0.00000
67	13400	13600	68	0.29858	0.26122	9.91265	75.58790	0.00000
68	13600	13800	69	0.33826	0.31599	5.06697	31.71588	0.00000
69	13800	14000	70	0.28958	0.24797	11.92668	89.42976	0.00000
70	14000	14200	71	0.18494	0.16916	6.50620	27.16726	0.00000
71	14200	14400	72	0.20100	0.18736	5.32152	20.26140	0.00000
72	14400	14600	73	0.13380	0.10252	21.22796	86.20697	0.00000
73	14600	14800	74	0.34279	0.32273	4.56788	25.87916	0.00000
74	14800	15000	75	0.46293	0.44166	3.71981	22.60438	0.00000
75	15000	15200	76	0.22073	0.19637	8.48349	47.96216	0.00000
76	15200	15400	77	0.28907	0.26491	6.38415	39.24663	0.00000
77	15400	15600	78	0.30360	0.28663	4.38787	21.60824	0.00000
78	15600	15800	79	0.20809	0.18541	8.32660	44.35020	0.00000
79	15800	16000	80	0.20091	0.17811	8.61123	45.41214	0.00000
80	16000	16200	81	0.34521	0.32626	4.34460	23.79071	0.00000
81	16200	16400	82	0.49640	0.47617	3.37394	19.68728	0.00000
82	16400	16600	83	0.10934	0.08345	20.83063	75.14437	0.00000
83	16600	16800	84	0.28513	0.27449	3.18243	10.41841	0.00000
84	16800	17000	85	0.28714	0.26672	5.51132	30.73220	0.00000
85	17000	17200	86	0.21582	0.17817	14.45437	95.36786	0.00000
86	17200	17400	87	0.16886	0.13436	17.59946	91.87356	0.00000
87	17400	17600	88	0.21392	0.18864	9.03703	51.61441	0.00000
88	17600	17800	89	0.17374	0.16029	5.93300	21.46503	0.00000
89	17800	18000	90	0.18869	0.16248	10.91448	58.04417	0.00000
90	18000	18200	91	0.19547	0.16515	12.36282	71.06282	0.00000
91	18200	18400	92	0.33418	0.31771	3.98677	19.22187	0.00000
92	18400	18600	93	0.20384	0.18193	8.25933	41.90487	0.00000
93	18600	18800	94	0.23662	0.22504	3.97606	13.80615	0.00000
94	18800	19000	95	0.11698	0.10559	7.39252	21.44037	0.00000
95	19000	19200	96	0.34969	0.33026	4.40106	24.63125	0.00000
96	19200	19400	97	0.22064	0.19725	8.02191	45.34765	0.00000
97	19400	19600	98	0.27017	0.25762	3.80405	14.16988	0.00000
98	19600	19800	99	0.16102	0.14201	9.00823	39.07430	0.00000
99	19800	20000	100	0.21926	0.18948	10.75696	64.90975	0.00000
100	20000	20200	101	0.08738	0.07111	14.85864	42.77840	0.00000
101	20200	20400	102	0.23468	0.21829	5.36350	24.61191	0.00000
102	20400	20600	103	0.24214	0.20232	13.52905	92.17274	0.00000
103	20600	20800	104	0.19553	0.17137	9.63047	50.65039	0.00000
104	20800	21000	105	0.10161	0.08218	15.40314	53.33109	0.00000
105	21000	21200	106	0.15781	0.13676	10.34434	47.12966	0.00000
106	21200	21400	107	0.19046	0.17612	5.77144	22.71075	0.00000
107	21400	21600	108	0.34339	0.31779	5.71999	38.54371	0.00000
108	21600	21800	109	0.23965	0.20711	10.88665	70.20651	0.00000
109	21800	22000	110	0.25694	0.23502	6.48573	37.72094	0.00000
110	22000	22200	111	0.10257	0.08833	10.61576	32.83587	0.00000
111	22200	22400	112	0.19217	0.17447	7.05007	31.92009	0.00000
112	22400	22600	113	0.34589	0.31817	6.21131	43.75184	0.00000
113	22600	22800	114	0.44691	0.42804	3.47379	19.23441	0.00000
114	22800	23000	115	0.36092	0.34350	3.88374	19.71150	0.00000
115	23000	23200	116	0.34744	0.32055	5.92611	41.62311	0.00000
116	23200	23400	117	0.38795	0.37497	2.95257	11.31923	0.00000
117	23400	23600	118	0.28394	0.26984	4.00610	16.69156	0.00000
118	23600	23800	119	0.25977	0.24185	5.27010	26.00889	0.00000
119	23800	24000	120	0.16343	0.14074	10.89005	50.58346	0.00000
120	24000	24200	121	0.12543	0.10895	10.12287	35.68011	0.00000
121	24200	24400	122	0.23487	0.21402	6.72360	36.70206	0.00000
122	24400	24600	123	0.14392	0.12843	8.09797	31.02784	0.00000
123	24600	24800	124	0.14462	0.12611	9.96095	40.17604	0.00000
124	24800	25000	125	0.14695	0.11326	19.76656	98.07179	0.00000
125	25000	25200	126	0.17432	0.15586	8.01542	36.28691	0.00000
126	25200	25400	127	0.13479	0.10258	21.55436	91.90301	0.00000
127	25400	25600	128	0.31248	0.29964	3.41607	13.37481	0.00000
128	25600	25800	129	0.12711	0.11200	8.99741	32.10525	0.00000
129	25800	26000	130	0.24253	0.22299	6.22353	31.39524	0.00000
130	26000	26200	131	0.26564	0.24795	5.10722	25.05769	0.00000
131	26200	26400	132	0.22653	0.19179	12.41552	80.39867	0.00000
132	26400	26600	133	0.14165	0.11140	17.94367	84.96237	0.00000
133	26600	26800	134	0.15709	0.11548	24.69880	124.84503	0.00000
134	26800	27000	135	0.21558	0.20155	5.07103	20.16587	0.00000
135	27000	27200	136	0.09568	0.06436	33.89969	102.67981	0.00000
136	27200	27400	137	0.19343	0.18004	5.30639	20.50148	0.00000
137	27400	27600	138	0.17886	0.15097	12.33361	66.23813	0.00000
138	27600	27800	139	0.17784	0.14293	16.67837	92.46678	0.00000
139	27800	28000	140	0.15018	0.13301	9.03149	33.74812	0.00000
140	28000	28200	141	0.36473	0.34848	3.64136	17.58374	0.00000
141	28200	28400	142	0.12252	0.09582	18.35360	76.98659	0.00000
142	28400	28600	143	0.16455	0.15322	5.28335	17.09500	0.00000
143	28600	28800	144	0.22112	0.20291	6.32597	30.32542	0.00000
144	28800	29000	145	0.37594	0.35415	4.55648	27.41277	0.00000
145	29000	29200	146	0.19053	0.15567	15.46429	89.93223	0.00000
146	29200	29400	147	0.30525	0.29251	3.50403	13.31997	0.00000
147	29400	29600	148	0.35662	0.33596	4.55236	26.61852	0.00000
148	29600	29800	149	0.18229	0.15882	9.78876	50.55746	0.00000
149	29800	30000	150	0.07626	0.04703	40.21768	106.40468	0.00000
150	30000	30200	151	0.21904	0.18550	12.18995	80.17449	0.00000
151	30200	30400	152	0.16831	0.14407	11.28695	56.15072	0.00000
152	30400	30600	153	0.23531	0.21713	5.88570	28.44541	0.00000
153	30600	30800	154	0.28996	0.25524	9.28421	70.66283	0.00000
154	30800	31000	155	0.12265	0.07960	38.63427	141.37685	0.00000
155	31000	31200	156	0.43136	0.40528	4.70727	33.39287	0.00000
156	31200	31400	157	0.08504	0.06008	27.13517	81.10108	0.00000
157	31400	31600	158	0.28653	0.27264	3.94002	16.01355	0.00000
158	31600	31800	159	0.26596	0.25209	4.21122	16.97565	0.00000
159	31800	32000	160	0.24753	0.22518	6.91897	39.20650	0.00000
160	32000	32200	161	0.26205	0.24827	4.20602	17.23928	0.00000
161	32200	32400	162	0.16984	0.15937	4.84032	14.88867	0.00000
162	32400	32600	163	0.14660	0.12226	13.12923	61.38452	0.00000
163	32600	32800	164	0.30828	0.27940	7.12551	50.07799	0.00000
164	32800	33000	165	0.30744	0.29420	3.55801	14.11611	0.00000
165	33000	33200	166	0.30486	0.27937	6.46482	41.89076	0.00000
166	33200	33400	167	0.09639	0.07936	14.00481	44.39840	0.00000
167	33400	33600	168	0.15051	0.14135	4.74451	12.58670	0.00000
168	33600	33800	169	0.11689	0.10345	8.72967	27.67119	0.00000
169	33800	34000	170	0.30938	0.25459	15.19183	132.06447	0.00000
170	34000	34200	171	0.22442	0.19438	10.47212	64.17712	0.00000
171	34200	34400	172	0.12921	0.10777	13.01625	55.09398	0.00000
172	34400	34600	173	0.23430	0.20371	10.24016	65.04707	0.00000
173	34600	34800	174	0.20800	0.18649	7.86318	41.25712	0.00000
174	34800	35000	175	0.32361	0.29975	5.68203	35.44041	0.00000
175	35000	35200	176	0.15481	0.12718	14.57892	68.34925	0.00000
176	35200	35400	177	0.16414	0.15083	6.11081	22.33900	0.00000
177	35400	35600	178	0.14697	0.11724	16.61916	80.87055	0.00000
178	35600	35800	179	0.13763	0.12297	8.21207	28.49728	0.00000
179	35800	36000	180	0.29882	0.28425	3.96595	17.26669	0.00000
180	36000	36200	181	0.15226	0.13341	9.49405	40.67706	0.00000
181	36200	36400	182	0.27450	0.25173	6.40735	37.09547	0.00000
182	36400	36600	183	0.16145	0.15631	2.86784	4.65901	0.00113
183	36600	36800	184	0.12034	0.10090	12.95989	46.34081	0.00000
184	36800	37000	185	0.27901	0.26623	3.72904	14.23501	0.00000
185	37000	37200	186	0.37547	0.35750	3.84557	20.07796	0.00000
186	37200	37400	187	0.32906	0.31479	3.58699	15.32137	0.00000
187	37400	37600	188	0.35028	0.32500	5.58905	37.13579	0.00000
188	37600	37800	189	0.42642	0.41365	2.72010	10.24386	0.00000
189	37800	38000	190	0.18247	0.16023	9.34844	45.61023	0.00000
190	38000	38200	191	0.08575	0.06900	15.89167	45.61226	0.00000
191	38200	38400	192	0.29454	0.27635	4.77506	24.73258	0.00000
192	38400	38600	193	0.20708	0.18509	8.29788	42.20258	0.00000
193	38600	38800	194	0.46263	0.41373	8.31685	85.48709	0.00000
194	38800	39000	195	0.17172	0.14906	10.31484	49.05401	0.00000
195	39000	39200	196	0.13630	0.09598	29.62828	123.02649	0.00000
196	39200	39400	197	0.22643	0.19976	9.01253	54.50655	0.00000
197	39400	39600	198	0.21182	0.18390	10.27186	60.99047	0.00000
198	39600	39800	199	0.17341	0.16022	5.83158	21.12638	0.00000
199	39800	40000	200	0.11778	0.10257	9.83472	33.50400	0.00000
200	40000	40200	201	0.21634	0.19001	9.63040	52.89584	0.00000
201	40200	40400	202	0.11649	0.09741	12.97142	46.47876	0.00000
202	40400	40600	203	0.37757	0.33285	9.26922	87.74662	0.00000
203	40600	40800	204	0.14098	0.13030	5.77876	17.32923	0.00000
204	40800	41000	205	0.29728	0.27848	4.93036	26.38951	0.00000
205	41000	41200	206	0.17258	0.15077	9.87825	46.36838	0.00000
206	41200	41400	207	0.17677	0.17118	2.85999	5.03003	0.00076
207	41400	41600	208	0.23393	0.20440	9.78980	60.63100	0.00000
208	41600	41800	209	0.47535	0.43759	6.14547	55.80965	0.00000
209	41800	42000	210	0.17211	0.14753	11.35048	55.65548	0.00000
210	42000	42200	211	0.26442	0.23815	7.67646	47.56698	0.00000
211	42200	42400	212	0.38186	0.35794	4.84933	32.47797	0.00000
212	42400	42600	213	0.36626	0.33612	6.30109	47.69778	0.00000
213	42600	42800	214	0.18916	0.14980	18.07409	104.10041	0.00000
214	42800	43000	215	0.34929	0.34280	2.05576	3.61578	0.00358
215	43000	43200	216	0.21257	0.19093	7.76292	40.80979	0.00000
216	43200	43400	217	0.26311	0.24214	6.15051	33.90343	0.00000
217	43400	43600	218	0.24883	0.21191	11.92568	83.56634	0.00000
218	43600	43800	219	0.21367	0.19145	7.92889	42.16861	0.00000
219	43800	44000	220	0.21743	0.16758	21.28930	138.43195	0.00000
220	44000	44200	221	0.26511	0.24479	5.88986	31.73234	0.00000
221	44200	44400	222	0.15832	0.12633	16.62685	87.15849	0.00000
222	44400	44600	223	0.33367	0.31343	4.70326	27.19521	0.00000
223	44600	44800	224	0.34310	0.33237	2.81205	9.13984	0.00001
224	44800	45000	225	0.23274	0.20887	7.91285	44.29961	0.00000
225	45000	45200	226	0.24514	0.20287	14.70809	100.33777	0.00000
226	45200	45400	227	0.24755	0.20820	13.19794	89.39384	0.00000
227	45400	45600	228	0.15531	0.14044	7.29987	27.57804	0.00000
228	45600	45800	229	0.23946	0.22673	4.25242	16.17726	0.00000
229	45800	46000	230	0.10058	0.07635	20.51836	73.92703	0.00000
230	46000	46200	231	0.24491	0.21686	8.79250	55.89100	0.00000
231	46200	46400	232	0.33061	0.31079	4.64297	26.29557	0.00000
232	46400	46600	233	0.32422	0.28481	9.61895	79.35837	0.00000
233	46600	46800	234	0.35860	0.34372	3.44424	15.22698	0.00000
234	46800	47000	235	0.13672	0.11445	13.01305	54.43159	0.00000
235	47000	47200	236	0.10027	0.08601	10.95709	33.28659	0.00000
236	47200	47400	237	0.28057	0.27097	3.01534	8.76859	0.00001
237	47400	47600	238	0.32984	0.30956	4.74451	27.55880	0.00000
238	47600	47800	239	0.09006	0.06981	19.52228	56.13580	0.00000
239	47800	48000	240	0.19490	0.16484	12.09968	70.31403	0.00000
240	48000	48200	241	0.12263	0.10807	9.06968	30.78145	0.00000
241	48200	48400	242	0.27097	0.24376	7.60868	49.22964	0.00000
242	48400	48600	243	0.10744	0.08289	19.75365	69.99095	0.00000
243	48600	48800	244	0.11657	0.09014	20.03801	73.95168	0.00000
244	48800	49000	245	0.22449	0.18297	16.21365	99.57705	0.00000
245	49000	49200	246	0.27928	0.23250	14.02226	111.82016	0.00000
246	49200	49400	247	0.22060	0.19883	7.47729	40.68319	0.00000
247	49400	49600	248	0.23733	0.20611	10.38641	67.57240	0.00000
248	49600	49800	249	0.20913	0.18232	10.24597	55.02834	0.00000
249	49800	50000	250	0.16629	0.14911	7.91943	32.44998	0.00000
250	50000	50200	251	0.13505	0.12470	5.86848	16.88265	0.00000
251	50200	50400	252	0.17381	0.15020	10.48245	54.03440	0.00000
252	50400	50600	253	0.25342	0.21482	12.36169	88.28242	0.00000
253	50600	50800	254	0.15056	0.13420	8.24896	32.40642	0.00000
254	50800	51000	255	0.14032	0.12317	9.29648	36.55712	0.00000
255	51000	51200	256	0.28315	0.25557	7.46586	50.25593	0.00000
256	51200	51400	257	0.22843	0.20658	7.43728	39.32131	0.00000
257	51400	51600	258	0.29552	0.26246	8.73834	63.18299	0.00000
258	51600	51800	259	0.26278	0.24183	6.07791	33.56543	0.00000
259	51800	52000	260	0.18953	0.15980	12.30692	69.17970	0.00000
260	52000	52200	261	0.23820	0.21428	7.75274	44.87015	0.00000
261	52200	52400	262	0.30497	0.29954	2.01143	3.03176	0.00690
262	52400	52600	263	0.22445	0.20926	5.22273	22.49069	0.00000
263	52600	52800	264	0.21740	0.20621	4.15164	13.88704	0.00000
264	52800	53000	265	0.21021	0.18160	10.79778	62.41712	0.00000
265	53000	53200	266	0.22344	0.20915	4.99499	20.39133	0.00000
266	53200	53400	267	0.43936	0.42333	3.12482	14.66853	0.00000
267	53400	53600	268	0.14417	0.12922	7.78301	29.13114	0.00000
268	53600	53800	269	0.22918	0.20443	8.35851	45.97092	0.00000
269	53800	54000	270	0.27586	0.25850	4.90965	24.01600	0.00000
270	54000	54200	271	0.23323	0.19451	13.68676	92.79736	0.00000
271	54200	54400	272	0.20349	0.16507	16.31371	94.31265	0.00000
272	54400	54600	273	0.28519	0.25744	7.44687	49.16137	0.00000
273	54600	54800	274	0.21774	0.20143	5.81746	25.80654	0.00000
274	54800	55000	275	0.21865	0.18946	10.40420	63.07719	0.00000
275	55000	55200	276	0.12965	0.10331	17.09475	70.48524	0.00000
276	55200	55400	277	0.17522	0.15204	10.33883	49.71671	0.00000
277	55400	55600	278	0.27101	0.24682	6.85368	40.88475	0.00000
278	55600	55800	279	0.20521	0.18214	8.85374	44.52653	0.00000
279	55800	56000	280	0.37027	0.34962	4.41279	25.42743	0.00000
280	56000	56200	281	0.23540	0.19849	13.10356	80.78947	0.00000
281	56200	56400	282	0.20107	0.16991	12.43170	71.87306	0.00000
282	56400	56600	283	0.14457	0.12672	9.53596	36.86384	0.00000
283	56600	56800	284	0.25890	0.22596	10.22200	67.51040	0.00000
284	56800	57000	285	0.20404	0.17800	10.08855	54.38654	0.00000
285	57000	57200	286	0.31423	0.27573	9.45796	79.08044	0.00000
286	57200	57400	287	0.25459	0.19824	20.22849	150.69496	0.00000
287	57400	57600	288	0.32823	0.31715	2.97202	10.19202	0.00000
288	57600	57800	289	0.22203	0.19828	8.19714	45.64013	0.00000
289	57800	58000	290	0.19572	0.17308	8.97699	45.91365	0.00000
290	58000	58200	291	0.13814	0.11385	14.00433	59.71859	0.00000
291	58200	58400	292	0.15640	0.12277	18.65078	93.08141	0.00000
292	58400	58600	293	0.21154	0.19394	6.30920	29.25196	0.00000
293	58600	58800	294	0.28823	0.27456	3.83242	15.64118	0.00000
294	58800	59000	295	0.25559	0.24305	3.97085	15.03925	0.00000
295	59000	59200	296	0.36560	0.35765	2.24891	5.07763	0.00072
296	59200	59400	297	0.29185	0.25586	9.68853	74.49044	0.00000
297	59400	59600	298	0.11519	0.08981	18.98135	72.17830	0.00000
298	59600	59800	299	0.26922	0.25755	3.55593	12.66986	0.00000
299	59800	60000	300	0.21653	0.19622	7.16190	36.34470	0.00000
300	60000	60200	301	0.16117	0.13560	12.75335	61.10743	0.00000
301	60200	60400	302	0.34904	0.32199	5.98897	41.01507	0.00000
302	60400	60600	303	0.26293	0.22904	10.25073	68.27996	0.00000
303	60600	60800	304	0.30572	0.27853	6.85996	44.85504	0.00000
304	60800	61000	305	0.24621	0.22853	5.50507	27.83367	0.00000
305	61000	61200	306	0.36650	0.34560	4.48545	26.31380	0.00000
306	61200	61400	307	0.12226	0.09629	18.56812	67.85011	0.00000
307	61400	61600	308	0.14634	0.12642	10.60566	44.55711	0.00000
308	61600	61800	309	0.31127	0.29042	5.20043	29.87677	0.00000
309	61800	62000	310	0.26897	0.24345	7.23899	44.49769	0.00000
310	62000	62200	311	0.47937	0.46753	2.39838	8.01805	0.00003
311	62200	62400	312	0.24922	0.22267	8.28301	50.56410	0.00000
312	62400	62600	313	0.24616	0.21647	9.38473	59.82436	0.00000
313	62600	62800	314	0.26486	0.24520	5.70895	30.26829	0.00000
314	62800	63000	315	0.44353	0.41999	4.20208	27.92687	0.00000
315	63000	63200	316	0.18440	0.16444	8.38604	38.64724	0.00000
316	63200	63400	317	0.32630	0.29289	7.88812	59.08580	0.00000
317	63400	63600	318	0.22413	0.21347	3.91540	12.72704	0.00000
318	63600	63800	319	0.16219	0.14706	7.06706	26.38395	0.00000
319	63800	64000	320	0.13627	0.12399	6.81233	22.24466	0.00000
320	64000	64200	321	0.20034	0.17093	11.49722	68.29209	0.00000
321	64200	64400	322	0.41355	0.38234	5.75903	46.52101	0.00000
322	64400	64600	323	0.11591	0.08890	19.90009	78.99740	0.00000
323	64600	64800	324	0.19886	0.17299	9.94815	55.73340	0.00000
324	64800	65000	325	0.14258	0.11671	14.80973	67.77422	0.00000
325	65000	65200	326	0.12528	0.11135	8.37906	28.31346	0.00000
326	65200	65400	327	0.46995	0.45005	3.46894	20.09780	0.00000
327	65400	65600	328	0.11772	0.09967	11.76662	43.49500	0.00000
328	65600	65800	329	0.23560	0.22610	3.37297	9.69904	0.00001
329	65800	66000	330	0.25267	0.23784	4.62003	19.88607	0.00000
330	66000	66200	331	0.11546	0.09214	16.75859	63.64781	0.00000
331	66200	66400	332	0.13197	0.09854	22.66159	99.04760	0.00000
332	66400	66600	333	0.27245	0.24257	8.54820	56.63664	0.00000
333	66600	66800	334	0.32720	0.30552	5.10338	31.13910	0.00000
334	66800	67000	335	0.25416	0.22590	8.37103	54.41339	0.00000
335	67000	67200	336	0.25073	0.21311	12.31248	82.81346	0.00000
336	67200	67400	337	0.13466	0.11442	11.93279	46.88666	0.00000
337	67400	67600	338	0.22042	0.20027	6.94745	35.75966	0.00000
338	67600	67800	339	0.22596	0.20083	8.61422	49.53479	0.00000
339	67800	68000	340	0.36265	0.33825	5.28751	34.34338	0.00000
340	68000	68200	341	0.13638	0.10808	17.57956	76.80654	0.00000
341	68200	68400	342	0.43317	0.40742	4.69802	32.98020	0.00000
342	68400	68600	343	0.32627	0.29915	6.39293	43.90642	0.00000
343	68600	68800	344	0.30153	0.28481	4.37417	21.36067	0.00000
344	68800	69000	345	0.27375	0.25552	5.20188	26.09066	0.00000
345	69000	69200	346	0.29489	0.26950	6.64436	41.88773	0.00000
346	69200	69400	347	0.24614	0.22410	6.80263	38.60824	0.00000
347	69400	69600	348	0.41039	0.39155	3.72708	20.46196	0.00000
348	69600	69800	349	0.31777	0.28944	6.88260	46.54979	0.00000
349	69800	70000	350	0.26422	0.24498	5.61696	29.77240	0.00000
350	70000	70200	351	0.24710	0.22017	8.56525	50.88830	0.00000
351	70200	70400	352	0.35021	0.31168	8.56782	71.66351	0.00000
352	70400	70600	353	0.14449	0.12886	8.11266	30.52711	0.00000
353	70600	70800	354	0.10527	0.08540	15.78147	50.25585	0.00000
354	70800	71000	355	0.25201	0.24289	3.12809	8.79233	0.00001
355	71000	71200	356	0.29922	0.27684	5.74667	33.90031	0.00000
356	71200	71400	357	0.28013	0.26935	3.25175	10.69700	0.00000
357	71400	71600	358	0.29700	0.27136	6.62615	41.52921	0.00000
358	71600	71800	359	0.18775	0.16497	9.22533	47.17593	0.00000
359	71800	72000	360	0.19872	0.16103	16.03937	96.85455	0.00000
360	72000	72200	361	0.39050	0.37957	2.61545	8.53106	0.00002
361	72200	72400	362	0.25874	0.24357	4.63965	20.60639	0.00000
362	72400	72600	363	0.51378	0.48809	3.96966	28.38136	0.00000
363	72600	72800	364	0.14108	0.11735	13.25320	58.84004	0.00000
364	72800	73000	365	0.23104	0.19357	12.86744	88.93015	0.00000
365	73000	73200	366	0.16202	0.13974	10.60890	50.30309	0.00000
366	73200	73400	367	0.10281	0.08245	16.42670	54.31676	0.00000
367	73400	73600	368	0.19826	0.17103	10.89629	59.97861	0.00000
368	73600	73800	369	0.32491	0.30482	4.83766	27.31144	0.00000
369	73800	74000	370	0.26623	0.24464	6.26140	34.98202	0.00000
370	74000	74200	371	0.20679	0.18266	8.94679	49.63616	0.00000
371	74200	74400	372	0.23062	0.20629	8.03810	47.41839	0.00000
372	74400	74600	373	0.21389	0.17930	12.99667	80.91725	0.00000
373	74600	74800	374	0.36436	0.34242	4.68788	28.63907	0.00000
374	74800	75000	375	0.15491	0.12422	16.36128	82.59594	0.00000
375	75000	75200	376	0.07634	0.05905	18.98063	51.19365	0.00000
376	75200	75400	377	0.26541	0.23521	9.10488	57.74297	0.00000
377	75400	75600	378	0.24507	0.20633	13.01750	89.70621	0.00000
378	75600	75800	379	0.32287	0.30369	4.61346	25.04212	0.00000
379	75800	76000	380	0.23800	0.21486	7.38300	43.42500	0.00000
380	76000	76200	381	0.25256	0.23371	5.75975	29.57304	0.00000
381	76200	76400	382	0.25155	0.22639	7.72994	46.12366	0.00000
382	76400	76600	383	0.48479	0.44587	6.29885	58.81460	0.00000
383	76600	76800	384	0.12870	0.11271	9.55203	34.28786	0.00000
384	76800	77000	385	0.12558	0.11014	9.36066	33.44350	0.00000
385	77000	77200	386	0.17648	0.14103	17.53691	89.69828	0.00000
386	77200	77400	387	0.11672	0.09716	13.06716	48.04286	0.00000
387	77400	77600	388	0.17308	0.15899	6.27209	23.47868	0.00000
388	77600	77800	389	0.26676	0.24750	5.57014	28.79885	0.00000
389	77800	78000	390	0.16694	0.12084	28.04267	134.01935	0.00000
390	78000	78200	391	0.15630	0.13446	10.98100	49.51050	0.00000
391	78200	78400	392	0.16630	0.14247	11.32552	54.43571	0.00000
392	78400	78600	393	0.31888	0.29291	6.26818	41.03199	0.00000
393	78600	78800	394	0.33229	0.30287	6.76101	49.52435	0.00000
394	78800	79000	395	0.17632	0.15211	10.59966	53.46584	0.00000
395	79000	79200	396	0.23938	0.20619	10.85690	70.86650	0.00000
396	79200	79400	397	0.28499	0.25505	8.21862	55.15839	0.00000
397	79400	79600	398	0.17488	0.15474	8.81080	40.07449	0.00000
398	79600	79800	399	0.13847	0.11189	15.96489	69.44055	0.00000
399	79800	80000	400	0.19211	0.16604	10.64365	57.97960	0.00000
400	80000	80200	401	0.26041	0.22928	9.25058	61.69610	0.00000
401	80200	80400	402	0.12562	0.10657	11.70692	46.13361	0.00000
402	80400	80600	403	0.26555	0.23935	7.57279	48.01893	0.00000
403	80600	80800	404	0.26912	0.24471	6.89105	42.08085	0.00000
404	80800	81000	405	0.24091	0.20848	10.70345	70.13061	0.00000
405	81000	81200	406	0.23051	0.21062	6.52589	33.93068	0.00000
406	81200	81400	407	0.18164	0.15037	14.02670	78.38439	0.00000
407	81400	81600	408	0.22976	0.20264	9.20880	54.17950	0.00000
408	81600	81800	409	0.19161	0.16264	12.02123	66.24999	0.00000
409	81800	82000	410	0.18884	0.17441	5.91006	23.16459	0.00000
410	82000	82200	411	0.23916	0.20907	9.64640	63.89238	0.00000
411	82200	82400	412	0.60022	0.56677	4.34265	39.11587	0.00000
412	82400	82600	413	0.20918	0.18859	7.57682	37.13143	0.00000
413	82600	82800	414	0.19508	0.17693	7.04571	32.99672	0.00000
414	82800	83000	415	0.27965	0.23240	14.29780	110.74762	0.00000
415	83000	83200	416	0.32641	0.30100	5.97329	39.32444	0.00000
416	83200	83400	417	0.31008	0.28249	6.86724	46.06577	0.00000
417	83400	83600	418	0.16429	0.14535	8.79036	38.69941	0.00000
418	83600	83800	419	0.21218	0.18807	8.72644	47.60099	0.00000
419	83800	84000	420	0.34424	0.31976	5.50874	35.89775	0.00000
420	84000	84200	421	0.33974	0.32755	3.09450	11.72901	0.00000
421	84200	84400	422	0.28994	0.25728	8.76063	62.58436	0.00000
422	84400	84600	423	0.40574	0.37636	5.65320	41.33468	0.00000
423	84600	84800	424	0.17453	0.15212	9.91177	47.95009	0.00000
424	84800	85000	425	0.12260	0.09865	16.28268	64.03386	0.00000
425	85000	85200	426	0.31046	0.27917	7.79384	57.10881	0.00000
426	85200	85400	427	0.17348	0.14664	12.51554	61.28692	0.00000
427	85400	85600	428	0.18166	0.16380	7.47154	33.49471	0.00000
428	85600	85800	429	0.16307	0.14106	10.49012	48.93042	0.00000
429	85800	86000	430	0.11860	0.09487	16.53922	65.30982	0.00000
430	86000	86200	431	0.17774	0.17086	3.31939	7.20019	0.00007
431	86200	86400	432	0.25026	0.23543	4.66021	19.93667	0.00000
432	86400	86600	433	0.17811	0.15691	9.11657	44.29013	0.00000
433	86600	86800	434	0.31575	0.30831	2.34949	5.10860	0.00070
434	86800	87000	435	0.26902	0.23122	11.33514	83.14755	0.00000
435	87000	87200	436	0.27112	0.23167	11.98393	86.26048	0.00000
436	87200	87400	437	0.16092	0.14403	8.04787	32.11681	0.00000
437	87400	87600	438	0.10316	0.07966	18.91720	69.95120	0.00000
438	87600	87800	439	0.32432	0.30749	4.12940	20.60463	0.00000
439	87800	88000	440	0.34429	0.32428	4.53517	25.79231	0.00000
440	88000	88200	441	0.19560	0.15901	15.53294	94.20317	0.00000
441	88200	88400	442	0.39590	0.36749	5.54900	41.86140	0.00000
442	88400	88600	443	0.47320	0.45997	2.59434	9.81745	0.00000
443	88600	88800	444	0.29871	0.28120	4.61723	23.20315	0.00000
444	88800	89000	445	0.30434	0.27102	8.49725	62.65817	0.00000
445	89000	89200	446	0.36132	0.33236	6.16284	45.08804	0.00000
446	89200	89400	447	0.16721	0.13749	14.50183	75.15781	0.00000
447	89400	89600	448	0.21701	0.19683	7.06122	35.92337	0.00000
448	89600	89800	449	0.14662	0.12886	9.21111	37.03339	0.00000
449	89800	90000	450	0.51136	0.48765	3.72574	24.49673	0.00000
450	90000	90200	451	0.30939	0.27935	7.56632	52.78975	0.00000
451	90200	90400	452	0.28063	0.24749	9.08856	66.17611	0.00000
452	90400	90600	453	0.33456	0.32196	3.20979	12.29809	0.00000
453	90600	90800	454	0.18434	0.15359	13.25577	75.22403	0.00000
454	90800	91000	455	0.24847	0.23037	5.56712	27.97017	0.00000
455	91000	91200	456	0.36898	0.35119	3.89712	20.47273	0.00000
456	91200	91400	457	0.33017	0.30177	6.57536	46.23762	0.00000
457	91400	91600	458	0.30920	0.28478	6.12148	38.52542	0.00000
458	91600	91800	459	0.24309	0.20822	11.28982	77.54018	0.00000
459	91800	92000	460	0.26067	0.25158	3.03545	8.43106	0.00002
460	92000	92200	461	0.40105	0.36159	7.64198	68.78718	0.00000
461	92200	92400	462	0.20978	0.16924	16.72851	101.03873	0.00000
462	92400	92600	463	0.22055	0.20676	4.89703	19.48464	0.00000
463	92600	92800	464	0.16333	0.14154	10.35207	47.13548	0.00000
464	92800	93000	465	0.32963	0.28892	9.94151	79.07605	0.00000
465	93000	93200	466	0.31447	0.27784	9.13281	70.71524	0.00000
466	93200	93400	467	0.21839	0.19922	6.70487	33.41264	0.00000
467	93400	93600	468	0.19110	0.17226	7.49262	35.41162	0.00000
468	93600	93800	469	0.23656	0.20661	9.84907	61.19742	0.00000
469	93800	94000	470	0.20190	0.18031	8.15648	42.25297	0.00000
470	94000	94200	471	0.31075	0.29589	3.87189	16.92335	0.00000
471	94200	94400	472	0.28648	0.24106	13.30806	102.84957	0.00000
472	94400	94600	473	0.12593	0.11617	5.96108	16.24601	0.00000
473	94600	94800	474	0.31546	0.28088	8.43472	66.32474	0.00000
474	94800	95000	475	0.23077	0.20404	8.94270	52.66179	0.00000
475	95000	95200	476	0.13437	0.11616	10.44953	39.87298	0.00000
476	95200	95400	477	0.32904	0.30906	4.77920	26.94997	0.00000
477	95400	95600	478	0.18031	0.15905	8.94265	44.00991	0.00000
478	95600	95800	479	0.12530	0.09254	24.47330	94.74859	0.00000
479	95800	96000	480	0.14939	0.13097	9.51133	39.18731	0.00000
480	96000	96200	481	0.15592	0.12919	13.72862	65.76692	0.00000
481	96200	96400	482	0.24775	0.21721	9.61244	63.03417	0.00000
482	96400	96600	483	0.25763	0.22883	8.66268	55.73848	0.00000
483	96600	96800	484	0.27145	0.25210	5.45467	29.03955	0.00000
484	96800	97000	485	0.25207	0.23326	5.75515	29.51085	0.00000
485	97000	97200	486	0.42401	0.39986	4.44739	30.12504	0.00000
486	97200	97400	487	0.23130	0.21139	6.59607	33.18135	0.00000
487	97400	97600	488	0.47909	0.46474	2.71786	11.33553	0.00000
488	97600	97800	489	0.29487	0.24535	14.36769	115.82534	0.00000
489	97800	98000	490	0.14471	0.12688	9.45596	37.97287	0.00000
490	98000	98200	491	0.24186	0.21428	8.75930	54.99057	0.00000
491	98200	98400	492	0.11300	0.10090	8.17154	24.13794	0.00000
492	98400	98600	493	0.26596	0.25301	3.94888	15.52120	0.00000
493	98600	98800	494	0.34791	0.32035	6.04127	42.78689	0.00000
494	98800	99000	495	0.29711	0.28672	3.05804	9.46415	0.00001
495	99000	99200	496	0.26132	0.24162	5.83611	29.30116	0.00000
496	99200	99400	497	0.17069	0.15290	7.90999	33.93351	0.00000
497	99400	99600	498	0.22210	0.20412	6.14594	29.72319	0.00000
498	99600	99800	499	0.19913	0.17282	10.26901	56.33812	0.00000
499	99800	100000	500	0.24302	0.20205	13.54708	101.23077	0.00000
