No.	ID	loglik_NUll	loglik_RES	loglik_all	log_ratio	loglik_Max1	loglik_Max2	loglik_Max3
0	0	-2297.3296	-2298.6645	-2301.9922	-1.3348777	-2293.386	-2287.3782	-2290.9275
1	1	-2795.7926	-2797.7544	-2800.4811	-1.9618061	-2791.986	-2784.3962	-2791.8336
2	2	-1595.8364	-1597.6113	-1600.4895	-1.774882	-1591.6202	-1590.6745	-1591.4295
3	3	-2259.8386	-2261.6945	-2264.5055	-1.8559106	-2255.9059	-2256.1016	-2256.1361
4	4	-2654.7818	-2656.7627	-2659.4493	-1.980915	-2650.9975	-2644.0767	-2651.8006
5	5	-2190.7926	-2192.7651	-2195.4562	-1.9725861	-2186.8366	-2183.2119	-2187.6394
6	6	-1299.7595	-1301.7354	-1304.4344	-1.9759462	-1295.4137	-1295.2159	-1296.2167
7	7	-1456.5092	-1458.2127	-1461.1751	-1.7035206	-1451.6	-1450.6069	-1451.3115
8	8	-4174.4388	-4176.608	-4179.8843	-2.1692691	-4170.292	-4163.3577	-4170.5068
9	9	-1662.7941	-1664.5949	-1667.4636	-1.8007893	-1658.6245	-1657.5863	-1657.7877
10	10	-1677.6055	-1679.3939	-1682.2857	-1.7883752	-1673.4373	-1673.3416	-1673.3124
11	11	-2768.4505	-2770.4314	-2773.1071	-1.9809579	-2764.6551	-2758.5202	-2765.1167
12	12	-2430.4029	-2432.3915	-2434.9508	-1.9886198	-2426.5295	-2418.0821	-2427.0164
13	13	-2177.7827	-2179.7612	-2182.4625	-1.9785157	-2173.8512	-2174.2668	-2174.2398
14	14	-1782.8365	-1784.8348	-1787.4821	-1.9982633	-1778.6902	-1777.6252	-1777.8675
15	15	-1823.121	-1825.088	-1827.7643	-1.9670213	-1819.0483	-1819.2962	-1819.851
16	16	-2234.5566	-2236.5321	-2239.2088	-1.97548	-2230.6237	-2229.2878	-2231.4266
17	17	-1671.1664	-1673.1652	-1675.8211	-1.9988747	-1666.9958	-1666.7095	-1667.0352
18	18	-1395.7785	-1397.7489	-1400.2935	-1.9703908	-1391.4937	-1388.2759	-1392.2968
19	19	-1110.8509	-1112.8239	-1115.5142	-1.9730192	-1106.3494	-1106.1626	-1107.1523
20	20	-1346.1954	-1347.9435	-1350.8614	-1.7480994	-1341.8779	-1339.4931	-1341.3047
21	21	-2240.7892	-2242.7616	-2245.4383	-1.9724021	-2236.8135	-2233.1953	-2237.2057
22	22	-2095.3611	-2097.3451	-2100.0287	-1.9840009	-2091.0582	-2090.0466	-2091.8767
23	23	-2029.018	-2031.0003	-2033.6829	-1.9822151	-2024.9022	-2022.5724	-2025.7067
24	24	-2063.6547	-2065.638	-2068.2944	-1.9833125	-2059.6538	-2056.3428	-2059.9861
25	25	-1936.274	-1938.2592	-1940.9406	-1.985187	-1932.2353	-1930.5671	-1933.0384
26	26	-1815.3796	-1817.369	-1820.0374	-1.9894429	-1811.2667	-1811.5248	-1812.0698
27	27	-890.89727	-892.88038	-895.56515	-1.983118	-886.21594	-887.00631	-887.02018
28	28	-1427.536	-1429.5034	-1432.155	-1.967469	-1423.1881	-1420.3141	-1423.9915
29	29	-1745.9888	-1747.8014	-1750.631	-1.8125637	-1741.8537	-1741.5203	-1741.7822
30	30	-2456.5359	-2458.5228	-2461.1969	-1.9869392	-2452.671	-2452.3361	-2453.4738
31	31	-1022.6765	-1024.4056	-1027.3498	-1.7290909	-1018.151	-1017.6154	-1017.5972
32	32	-2069.3847	-2071.3669	-2074.0697	-1.9821263	-2065.389	-2063.5728	-2066.192
33	33	-1784.772	-1786.7501	-1788.6354	-1.9781306	-1780.6559	-1775.3027	-1779.909
34	34	-1245.2374	-1247.2185	-1249.9029	-1.9810981	-1240.8762	-1237.4607	-1241.679
35	35	-1741.2057	-1743.1666	-1745.8572	-1.9609283	-1737.068	-1731.3277	-1737.8718
36	36	-1486.7906	-1488.7824	-1491.4611	-1.9918005	-1482.5443	-1482.4951	-1483.3471
37	37	-1577.2006	-1578.998	-1581.8399	-1.7973917	-1572.5075	-1570.6076	-1572.2771
38	38	-1438.2946	-1440.2818	-1442.9442	-1.9872639	-1433.9643	-1429.5811	-1434.7672
39	39	-1529.5448	-1529.9907	-1534.0623	-0.44596058	-1525.2951	-1521.0104	-1520.988
40	40	-1708.6304	-1710.6356	-1713.3159	-2.005241	-1703.954	-1702.2529	-1704.7575
41	41	-1812.808	-1813.3937	-1817.4826	-0.58573966	-1808.696	-1802.3439	-1805.866
42	42	-1092.7233	-1094.708	-1097.3852	-1.984634	-1088.2173	-1087.0193	-1089.0202
43	43	-1799.0143	-1800.9924	-1803.7019	-1.9780864	-1794.92	-1795.0428	-1795.7229
44	44	-1499.6099	-1501.5877	-1504.2349	-1.9777867	-1495.2955	-1496.0444	-1496.0983
45	45	-2222.2664	-2224.2528	-2226.9211	-1.9864068	-2218.3438	-2213.7148	-2219.1476
46	46	-2124.0389	-2126.0303	-2128.5089	-1.9914352	-2119.499	-2114.3117	-2120.302
47	47	-2149.7294	-2151.5629	-2154.4109	-1.8334688	-2145.606	-2143.1096	-2145.8101
48	48	-2250.5487	-2252.5373	-2255.2214	-1.9885433	-2246.6294	-2246.2769	-2247.4322
49	49	-1607.0745	-1608.9128	-1611.7372	-1.8382155	-1602.8624	-1601.2634	-1602.9022
50	50	-1637.9835	-1639.9753	-1642.6488	-1.9917104	-1633.7804	-1632.0397	-1634.5832
51	51	-2816.1356	-2818.1109	-2820.7926	-1.9752975	-2812.3444	-2810.4679	-2812.8084
52	52	-1904.7195	-1906.5518	-1909.3798	-1.8322904	-1900.6315	-1897.5028	-1900.6436
53	53	-2659.0229	-2660.9973	-2663.6805	-1.9743629	-2655.2427	-2653.4301	-2655.654
54	54	-2095.5489	-2097.527	-2100.1997	-1.9780227	-2091.5733	-2089.6444	-2092.3769
55	55	-1377.6125	-1379.6241	-1382.3008	-2.0116254	-1373.3118	-1374.1151	-1374.1146
56	56	-2041.7662	-2042.972	-2046.4423	-1.205797	-2037.7369	-2035.3938	-2035.3764
57	57	-1758.6523	-1760.676	-1763.3379	-2.0237728	-1754.547	-1750.7333	-1755.3501
58	58	-1019.0351	-1021.0215	-1023.6986	-1.9863678	-1014.506	-1013.0544	-1015.3088
59	59	-2241.6319	-2243.6202	-2246.2722	-1.9882984	-2237.6947	-2233.054	-2238.0934
60	60	-1857.9894	-1859.9794	-1862.3859	-1.9899805	-1853.9149	-1850.1373	-1854.7179
61	61	-1888.3944	-1890.3785	-1893.058	-1.9840809	-1884.3293	-1882.6545	-1885.1322
62	62	-1937.0344	-1939.0102	-1941.6394	-1.9758237	-1931.4664	-1926.9579	-1932.2721
63	63	-1733.2242	-1735.212	-1737.8858	-1.9878339	-1729.099	-1727.3174	-1729.9023
64	64	-1577.6748	-1579.3542	-1582.3187	-1.679423	-1573.4498	-1571.9584	-1572.4201
65	65	-2360.7918	-2362.7716	-2365.4513	-1.9797701	-2356.8984	-2355.4975	-2357.7014
66	66	-1611.6833	-1613.6473	-1616.3468	-1.9639836	-1606.1345	-1606.1783	-1606.1527
67	67	-2494.3711	-2496.3396	-2499.0315	-1.9684622	-2490.5252	-2489.5393	-2491.0487
68	68	-2638.9696	-2640.8958	-2643.5899	-1.9262052	-2635.1377	-2624.2558	-2635.5365
69	69	-2208.7115	-2210.5516	-2213.354	-1.8401072	-2204.7664	-2204.0108	-2204.9863
70	70	-1510.0335	-1511.8018	-1514.6791	-1.7682298	-1505.7699	-1501.9823	-1505.5047
71	71	-1928.1602	-1930.1403	-1932.8169	-1.9801525	-1924.1025	-1922.5257	-1924.9057
72	72	-1265.0779	-1267.0887	-1269.7596	-2.0108435	-1260.714	-1258.0654	-1261.4312
73	73	-2686.2429	-2688.155	-2690.8618	-1.9120723	-2682.4175	-2673.1741	-2683.2206
74	74	-3432.6755	-3434.6197	-3437.3063	-1.9441569	-3428.4288	-3423.7055	-3429.2337
75	75	-1844.7501	-1846.7184	-1849.4191	-1.9682798	-1840.6793	-1836.8498	-1841.4821
76	76	-2576.6261	-2578.3219	-2581.2725	-1.6957452	-2572.8111	-2570.6253	-2570.5844
77	77	-2693.8002	-2695.2184	-2696.4918	-1.4182005	-2689.9886	-2670.1794	-2688.6423
78	78	-1827.7188	-1829.6814	-1832.389	-1.9626234	-1823.6107	-1821.2969	-1824.265
79	79	-1984.3157	-1986.3113	-1988.9844	-1.9956089	-1980.2753	-1979.7	-1981.0783
80	80	-2741.4081	-2743.3447	-2746.0216	-1.9365843	-2737.5803	-2734.3791	-2738.1809
81	81	-3708.9854	-3710.6678	-3713.9453	-1.682389	-3705.1305	-3691.6164	-3704.1054
82	82	-1006.6056	-1008.56	-1011.2437	-1.9544106	-1002.0208	-1001.956	-1002.8237
83	83	-2232.396	-2234.3548	-2236.6111	-1.9588644	-2228.4659	-2223.2933	-2228.5981
84	84	-2447.604	-2449.5573	-2452.234	-1.9533071	-2443.7369	-2439.6652	-2444.3844
85	85	-1719.4878	-1720.4388	-1724.1252	-0.9509447	-1715.3236	-1713.102	-1713.2044
86	86	-1225.0723	-1227.0458	-1229.7348	-1.9734892	-1220.6839	-1216.8989	-1221.4868
87	87	-1900.6252	-1902.6071	-1905.3071	-1.9819817	-1896.5328	-1890.4349	-1897.3357
88	88	-1797.1048	-1799.0686	-1801.7616	-1.9637575	-1793.0119	-1793.6642	-1793.815
89	89	-1607.6813	-1609.539	-1612.3388	-1.8576411	-1603.4617	-1603.4757	-1603.4697
90	90	-1785.495	-1787.4904	-1790.1481	-1.9953694	-1781.3843	-1778.4208	-1782.1871
91	91	-2718.6184	-2720.3639	-2723.2742	-1.7454322	-2714.8328	-2710.282	-2713.7303
92	92	-1641.842	-1643.8541	-1646.5029	-2.01211	-1637.6673	-1630.8983	-1638.4705
93	93	-1950.0522	-1952.1109	-1954.8181	-2.0587622	-1945.1183	-1944.3932	-1945.9237
94	94	-1351.4073	-1353.4373	-1356.0799	-2.0299716	-1347.0998	-1346.9897	-1347.9026
95	95	-2910.3978	-2912.3317	-2915.0701	-1.933845	-2906.6055	-2901.6672	-2907.4089
96	96	-1917.6822	-1918.8997	-1922.3362	-1.2175487	-1913.585	-1908.9601	-1910.7879
97	97	-2406.4946	-2408.5002	-2411.002	-2.0056488	-2402.6357	-2398.6015	-2402.3377
98	98	-1442.8637	-1444.8985	-1447.5487	-2.0348052	-1438.6036	-1437.3859	-1439.4065
99	99	-1836.3615	-1838.7006	-1841.0335	-2.3390981	-1832.2792	-1830.9626	-1830.0893
100	100	-901.0576	-903.06304	-904.73435	-2.0054448	-896.36938	-889.28367	-897.17234
101	101	-2181.4516	-2183.4437	-2186.1233	-1.9921155	-2177.4938	-2176.1374	-2178.2972
102	102	-1954.2537	-1956.2596	-1958.909	-2.0059694	-1950.2208	-1950.5069	-1951.0241
103	103	-1567.6646	-1569.6556	-1572.2853	-1.99098	-1562.5255	-1561.4199	-1563.2735
104	104	-1109.0248	-1111.0438	-1113.6884	-2.0189693	-1104.5853	-1105.3886	-1105.3883
105	105	-1326.0857	-1328.0773	-1330.3841	-1.9915595	-1321.7646	-1317.8691	-1322.5687
106	106	-1764.4719	-1766.2904	-1769.1442	-1.8185377	-1760.3237	-1758.4264	-1760.2516
107	107	-2655.2129	-2657.2092	-2659.8689	-1.9962707	-2651.4005	-2631.3737	-2652.2034
108	108	-2109.8236	-2111.8197	-2114.5292	-1.9961029	-2105.8824	-2105.9464	-2106.6852
109	109	-2276.7244	-2278.7121	-2281.3085	-1.9877517	-2271.9443	-2272.2836	-2272.4214
110	110	-1124.6265	-1124.7045	-1128.9817	-0.077999074	-1120.1533	-1116.01	-1116.8539
111	111	-1916.4184	-1918.2631	-1921.0792	-1.8447514	-1912.3758	-1908.6488	-1912.4256
112	112	-2692.6196	-2694.5612	-2697.2195	-1.9415683	-2688.7902	-2684.1384	-2688.9573
113	113	-3165.5066	-3167.0484	-3170.1286	-1.5418303	-3161.805	-3154.3754	-3159.3273
114	114	-2896.5118	-2898.5006	-2901.1606	-1.9887658	-2892.7765	-2891.1851	-2893.2722
115	115	-2787.962	-2789.9334	-2792.5862	-1.9713931	-2784.1939	-2775.6397	-2784.9968
116	116	-3050.9788	-3052.9617	-3055.6268	-1.9828776	-3047.2568	-3039.3349	-3046.9933
117	117	-2692.2127	-2694.2241	-2696.8954	-2.0114659	-2688.4213	-2684.3854	-2688.6332
118	118	-2157.6701	-2159.6485	-2162.3432	-1.9784456	-2153.6936	-2145.5855	-2154.4964
119	119	-1390.0098	-1392.0046	-1394.7113	-1.9948786	-1385.7407	-1385.4843	-1386.5437
120	120	-1273.7586	-1275.7597	-1278.4297	-2.0011001	-1269.3939	-1269.7133	-1269.4217
121	121	-2092.268	-2094.2536	-2096.9135	-1.9856483	-2088.2807	-2087.22	-2089.0844
122	122	-1412.47	-1414.2836	-1417.1347	-1.8135706	-1408.1525	-1406.2341	-1407.9948
123	123	-1274.5651	-1276.5493	-1279.2299	-1.9842851	-1270.1998	-1270.0135	-1271.0026
124	124	-1262.6191	-1264.5659	-1267.2768	-1.9468486	-1258.2751	-1258.15	-1259.0786
125	125	-1657.0635	-1658.8653	-1661.7308	-1.8017529	-1652.544	-1650.0786	-1652.4216
126	126	-1218.8169	-1220.7994	-1223.4742	-1.9824308	-1214.4393	-1213.8303	-1215.2422
127	127	-2712.6935	-2714.6701	-2717.3565	-1.9766563	-2708.8109	-2705.6605	-2707.787
128	128	-1127.7321	-1129.479	-1132.3836	-1.7469016	-1123.2767	-1120.7516	-1122.8231
129	129	-1964.7196	-1966.7144	-1969.0571	-1.9947632	-1960.6767	-1950.1958	-1961.4799
130	130	-2056.9456	-2058.9044	-2061.5995	-1.9588848	-2052.926	-2053.0503	-2053.7291
131	131	-1818.0366	-1820.0209	-1822.7094	-1.9843482	-1813.9474	-1812.5812	-1814.7507
132	132	-1030.4546	-1032.1242	-1035.1491	-1.6695512	-1025.1542	-1024.4763	-1024.3181
133	133	-1297.8343	-1299.835	-1302.4981	-2.0006161	-1293.4665	-1293.2322	-1294.1418
134	134	-2154.7948	-2156.7993	-2158.7232	-2.0045504	-2150.8432	-2144.6198	-2151.6459
135	135	-827.39533	-829.40481	-832.07911	-2.009479	-822.66248	-823.46535	-823.46611
136	136	-1901.2262	-1903.1963	-1905.8819	-1.9701666	-1897.1693	-1894.9764	-1897.9722
137	137	-1605.8363	-1607.8043	-1610.5038	-1.9679883	-1601.6315	-1601.9874	-1602.4346
138	138	-1788.6878	-1790.5066	-1793.3527	-1.8187728	-1784.5658	-1782.1424	-1784.497
139	139	-1600.4808	-1601.2914	-1605.1421	-0.81054864	-1596.2569	-1590.7842	-1593.9222
140	140	-3142.3194	-3144.3207	-3146.6445	-2.0012836	-3138.3331	-3124.488	-3139.1451
141	141	-1138.08	-1140.0608	-1142.7428	-1.9807957	-1133.6497	-1132.0236	-1134.4528
142	142	-1574.0457	-1576.0323	-1578.7371	-1.9865815	-1569.8346	-1567.2712	-1570.6214
143	143	-1675.147	-1677.1315	-1679.8139	-1.9845227	-1670.9675	-1669.2565	-1671.7709
144	144	-2647.6107	-2649.0595	-2652.2992	-1.4487925	-2641.9755	-2638.0504	-2639.8404
145	145	-1578.7328	-1580.7162	-1583.419	-1.9833652	-1574.5152	-1573.6978	-1575.318
146	146	-2567.5478	-2569.4696	-2572.2262	-1.9217775	-2563.7328	-2559.9113	-2564.1013
147	147	-2844.7425	-2846.7587	-2849.4106	-2.016201	-2840.972	-2838.1246	-2839.4276
148	148	-1710.8286	-1712.6942	-1715.5078	-1.86552	-1706.6904	-1706.8132	-1706.8143
149	149	-657.60052	-659.56338	-662.23792	-1.9628566	-652.64019	-653.44297	-653.44299
150	150	-1686.7072	-1688.5013	-1691.3596	-1.7940462	-1682.5637	-1678.4127	-1682.4419
151	151	-1453.0972	-1454.8588	-1457.782	-1.761619	-1448.8237	-1448.3383	-1448.51
152	152	-2221.608	-2223.583	-2226.2667	-1.9749875	-2217.6508	-2214.8451	-2216.6085
153	153	-2317.1351	-2319.1247	-2321.7657	-1.9895852	-2313.2267	-2312.1114	-2312.6655
154	154	-921.60043	-923.58022	-926.26575	-1.9797894	-916.96	-916.5226	-917.76278
155	155	-3294.8188	-3296.781	-3299.4625	-1.9622334	-3291.1393	-3288.0467	-3291.9425
156	156	-871.39426	-873.36697	-876.04153	-1.9727043	-866.67359	-865.36955	-867.47672
157	157	-2304.4886	-2306.4462	-2309.1365	-1.9576561	-2297.6297	-2296.5967	-2298.0488
158	158	-2298.7332	-2300.7304	-2303.3787	-1.9971962	-2294.8375	-2294.6544	-2295.2877
159	159	-2084.2818	-2086.282	-2088.9501	-2.0002348	-2080.2997	-2074.9425	-2079.9699
160	160	-2166.9017	-2168.8855	-2171.5753	-1.9837436	-2162.9499	-2157.0803	-2163.7527
161	161	-1676.2422	-1678.0915	-1680.9374	-1.8492942	-1672.0855	-1669.6811	-1672.1837
162	162	-1269.7557	-1271.7289	-1274.4357	-1.9731389	-1265.4061	-1266.0791	-1266.0643
163	163	-2595.7929	-2597.7696	-2600.4673	-1.9766574	-2591.3049	-2590.8694	-2592.1079
164	164	-2621.3656	-2623.3351	-2625.9982	-1.9694885	-2617.5332	-2614.3966	-2618.0104
165	165	-2330.7231	-2332.7007	-2335.375	-1.9776156	-2326.8148	-2324.6574	-2327.6177
166	166	-1059.7888	-1061.7671	-1064.4443	-1.9783188	-1055.2919	-1050.6908	-1056.0954
167	167	-1686.0253	-1687.8577	-1690.7131	-1.8323295	-1681.844	-1676.9403	-1681.8939
168	168	-1110.6123	-1112.5967	-1115.2736	-1.984411	-1106.143	-1104.8267	-1106.9458
169	169	-2089.5555	-2091.5233	-2094.2221	-1.967815	-2085.5811	-2083.9104	-2086.384
170	170	-1996.8675	-1998.8341	-2001.5156	-1.9665375	-1992.8219	-1989.1625	-1993.6246
171	171	-1264.0646	-1266.0565	-1268.733	-1.9918393	-1259.6962	-1259.5507	-1260.5159
172	172	-1750.2479	-1752.2381	-1754.927	-1.9901424	-1744.9285	-1743.3735	-1745.7316
173	173	-1743.1191	-1744.808	-1747.7993	-1.6888987	-1738.9899	-1738.1063	-1738.1874
174	174	-2578.1607	-2580.3859	-2582.6988	-2.2252274	-2572.4334	-2567.8913	-2570.93
175	175	-1204.564	-1206.5572	-1208.4985	-1.9931767	-1200.1574	-1192.84	-1200.9603
176	176	-1774.8077	-1776.6337	-1779.4726	-1.8260077	-1770.6865	-1768.265	-1770.7977
177	177	-1313.1508	-1315.1449	-1317.851	-1.9940797	-1308.8087	-1307.174	-1309.612
178	178	-1353.5998	-1355.6014	-1358.2657	-2.0016084	-1349.3211	-1348.1308	-1350.1239
179	179	-2716.8867	-2719.1826	-2721.549	-2.2958955	-2713.0458	-2702.3351	-2711.9394
180	180	-1527.7076	-1529.6916	-1532.3556	-1.9839203	-1523.4562	-1523.8358	-1523.6566
181	181	-2250.514	-2252.5008	-2255.1688	-1.9868015	-2245.1272	-2245.0576	-2245.1857
182	182	-1846.8583	-1848.8425	-1851.5168	-1.9841549	-1842.7946	-1843.5979	-1843.5985
183	183	-1072.8364	-1074.82	-1077.5041	-1.9836408	-1068.3392	-1069.0075	-1069.142
184	184	-2213.2839	-2215.2489	-2217.9209	-1.964963	-2209.0083	-2209.6688	-2209.8112
185	185	-3116.9215	-3118.9361	-3121.6056	-2.0145971	-3113.2286	-3108.7431	-3113.7738
186	186	-2735.4949	-2737.4637	-2740.187	-1.9687566	-2731.6758	-2728.1381	-2731.8217
187	187	-2864.4657	-2866.4366	-2869.1362	-1.9708915	-2860.7202	-2859.7996	-2861.3617
188	188	-3271.7824	-3273.7548	-3276.4499	-1.9723933	-3268.1144	-3265.5841	-3268.9173
189	189	-1482.3271	-1484.3225	-1486.9699	-1.9954268	-1478.0558	-1473.5456	-1478.8586
190	190	-897.16887	-899.1733	-901.83827	-2.0044314	-892.50645	-893.30945	-893.30924
191	191	-2314.4948	-2316.4796	-2319.1634	-1.984758	-2310.5964	-2310.6802	-2311.4002
192	192	-1778.2034	-1780.0195	-1782.8598	-1.8161027	-1774.0812	-1774.0464	-1774.0386
193	193	-3313.9135	-3315.6332	-3318.5929	-1.7196856	-3309.5192	-3306.39	-3309.0204
194	194	-1729.8634	-1731.8265	-1734.5185	-1.9631202	-1725.717	-1721.0488	-1726.5204
195	195	-1093.0578	-1095.0387	-1097.6982	-1.9809652	-1088.5376	-1089.2277	-1089.3405
196	196	-1931.8573	-1933.0546	-1936.5057	-1.197281	-1927.1921	-1925.0796	-1925.3512
197	197	-1732.4855	-1734.3267	-1737.1491	-1.8412682	-1728.343	-1727.3485	-1728.4552
198	198	-1568.633	-1570.6208	-1573.3062	-1.9877635	-1564.4275	-1563.3159	-1565.2304
199	199	-1197.5674	-1199.634	-1202.3245	-2.0666338	-1192.2833	-1193.0876	-1193.113
200	200	-1947.9689	-1949.841	-1952.6411	-1.87217	-1943.9201	-1942.2549	-1943.5758
201	201	-1129.0758	-1131.0567	-1133.759	-1.9809509	-1124.631	-1124.0099	-1125.434
202	202	-2738.9544	-2740.9	-2743.5719	-1.9456705	-2735.1363	-2730.1691	-2735.9391
203	203	-1316.6879	-1318.6658	-1321.36	-1.9779211	-1312.3647	-1311.6634	-1313.1676
204	204	-2392.9949	-2394.9911	-2396.8019	-1.9962254	-2389.1169	-2378.8818	-2389.42
205	205	-1717.3066	-1719.1519	-1721.9649	-1.8452555	-1713.1335	-1711.9961	-1713.2411
206	206	-1647.9019	-1649.9158	-1652.5986	-2.0138584	-1643.7093	-1643.9574	-1644.5122
207	207	-2235.8806	-2237.8945	-2240.5651	-2.0139446	-2231.9561	-2232.4116	-2232.7589
208	208	-3422.6598	-3424.638	-3427.3301	-1.9781972	-3418.5264	-3413.6714	-3419.3269
209	209	-1458.476	-1460.4567	-1463.1665	-1.9806829	-1454.2005	-1454.1476	-1455.004
210	210	-2396.9151	-2398.8729	-2401.4647	-1.9577665	-2393.0241	-2389.6014	-2393.8276
211	211	-2852.8354	-2854.822	-2857.4943	-1.9865849	-2849.0891	-2842.6051	-2849.892
212	212	-2996.3264	-2997.8153	-3001.3132	-1.4888326	-2992.5604	-2981.9632	-2991.097
213	213	-1440.6143	-1442.622	-1445.3351	-2.007669	-1436.3528	-1435.7031	-1436.9484
214	214	-2763.3099	-2765.2941	-2767.9622	-1.9842517	-2759.5384	-2757.8004	-2758.936
215	215	-2024.944	-2026.7942	-2033.1109	-1.8501164	-2020.9437	-2018.0638	-2021.2301
216	216	-2420.897	-2422.4712	-2425.5441	-1.5742498	-2417.0274	-2412.5412	-2413.823
217	217	-1891.7715	-1893.5811	-1896.4337	-1.809648	-1887.7067	-1885.1823	-1886.8157
218	218	-1793.5811	-1795.5659	-1798.2318	-1.9847919	-1789.4811	-1787.4556	-1790.2846
219	219	-1621.2278	-1623.0554	-1625.8771	-1.8275329	-1617.0101	-1615.595	-1617.0498
220	220	-2279.9481	-2281.8102	-2284.596	-1.8620146	-2276.0072	-2274.6946	-2276.2606
221	221	-1461.6613	-1463.6335	-1466.3044	-1.972143	-1457.3596	-1456.6664	-1457.4551
222	222	-2660.7704	-2662.7428	-2665.4877	-1.9724174	-2656.3756	-2655.0924	-2656.7875
223	223	-3165.5911	-3167.5464	-3170.2385	-1.9553727	-3161.9008	-3153.9909	-3162.6207
224	224	-1978.7815	-1980.7721	-1983.4484	-1.9906394	-1974.7434	-1974.051	-1975.022
225	225	-1595.8356	-1597.8219	-1600.5176	-1.9862711	-1591.6207	-1590.4934	-1592.4236
226	226	-1890.1032	-1891.8684	-1894.7421	-1.7652504	-1886.0113	-1884.6596	-1885.3791
227	227	-1544.7222	-1546.5311	-1549.3798	-1.8088804	-1540.4878	-1540.5184	-1540.4801
228	228	-2237.6299	-2239.6301	-2242.3106	-2.0002398	-2233.7124	-2233.2947	-2234.1174
229	229	-999.74331	-1001.7503	-1004.4187	-2.0070223	-995.19618	-995.99899	-995.99902
230	230	-1997.5215	-1999.5052	-2002.1922	-1.9837222	-1993.5001	-1993.3977	-1994.3032
231	231	-2843.5616	-2845.5161	-2848.1854	-1.9544798	-2839.7789	-2837.2682	-2839.3738
232	232	-2359.7369	-2361.747	-2364.2719	-2.0101679	-2355.6172	-2350.7369	-2356.105
233	233	-2858.9027	-2860.9006	-2863.5822	-1.9978802	-2855.1433	-2854.6455	-2855.4124
234	234	-1252.2537	-1254.2072	-1256.9074	-1.9534549	-1247.8868	-1247.2847	-1248.6899
235	235	-1204.1451	-1206.1233	-1208.8182	-1.9781881	-1199.7499	-1196.925	-1200.553
236	236	-2547.8203	-2549.7966	-2552.4552	-1.9762667	-2543.9642	-2542.5331	-2542.739
237	237	-2873.854	-2875.871	-2878.5248	-2.0169961	-2870.1152	-2866.8915	-2870.918
238	238	-1065.2298	-1066.9626	-1069.8973	-1.7327354	-1060.7274	-1058.8444	-1060.1973
239	239	-1656.269	-1658.2717	-1660.9457	-2.0027455	-1652.1118	-1652.2706	-1652.9159
240	240	-1190.201	-1192.1796	-1194.873	-1.9786201	-1185.7904	-1181.4974	-1186.5932
241	241	-2101.2746	-2100.5655	-2105.5202	0.70907138	-2097.2784	-2090.392	-2093.0401
242	242	-907.21917	-909.18017	-911.85082	-1.9609959	-902.53713	-902.05889	-902.18944
243	243	-1186.4053	-1188.4004	-1191.077	-1.9950931	-1181.9833	-1180.828	-1182.7864
244	244	-1617.0144	-1618.9965	-1621.6593	-1.982104	-1612.797	-1612.0215	-1613.5998
245	245	-2078.0472	-2080.0491	-2082.7089	-2.0018866	-2074.0497	-2071.1603	-2074.8526
246	246	-2094.44	-2096.4178	-2099.0913	-1.9778022	-2090.4465	-2089.2342	-2090.376
247	247	-2005.9311	-2007.919	-2010.5905	-1.9879227	-2001.9022	-2001.3785	-2002.3329
248	248	-1706.6007	-1708.4421	-1711.2565	-1.8413586	-1702.4317	-1698.484	-1702.5298
249	249	-1495.138	-1496.883	-1499.7996	-1.7449744	-1490.8551	-1487.6448	-1490.5857
250	250	-1449.5018	-1451.4984	-1454.1664	-1.9966098	-1445.2293	-1445.4293	-1446.0324
251	251	-1571.0929	-1573.077	-1575.7542	-1.9840779	-1566.8705	-1565.9852	-1567.6734
252	252	-1963.9676	-1965.9884	-1968.6534	-2.0207227	-1959.1185	-1954.9568	-1959.9242
253	253	-1407.6104	-1409.6024	-1412.2916	-1.9919442	-1403.3096	-1402.2023	-1404.1125
254	254	-1323.9789	-1326.0057	-1328.5301	-2.0267846	-1319.657	-1314.8851	-1320.4599
255	255	-2617.9546	-2619.9087	-2622.5781	-1.9541134	-2614.1152	-2602.9147	-2613.7129
256	256	-2090.0814	-2091.7838	-2094.7467	-1.702397	-2086.1113	-2083.5404	-2084.8802
257	257	-2429.0219	-2431.0022	-2433.6819	-1.9802454	-2424.6408	-2422.6805	-2425.1963
258	258	-2600.3995	-2602.2934	-2605.0822	-1.8938936	-2596.5685	-2593.03	-2595.768
259	259	-1671.0067	-1672.9945	-1675.6642	-1.9877139	-1666.8209	-1666.9615	-1667.6239
260	260	-1937.9378	-1939.4731	-1942.5893	-1.5352703	-1933.8965	-1928.1657	-1931.764
261	261	-2608.9989	-2610.5791	-2613.6071	-1.5801311	-2605.1558	-2603.4339	-2603.7622
262	262	-2344.8855	-2346.8829	-2349.532	-1.9973853	-2340.9754	-2327.2634	-2341.7781
263	263	-2047.2632	-2049.1097	-2051.9257	-1.8464318	-2042.8821	-2040.9582	-2042.9901
264	264	-2023.297	-2025.2853	-2027.9579	-1.9882888	-2019.2744	-2014.5588	-2020.0776
265	265	-1924.6625	-1926.509	-1929.3397	-1.8465366	-1920.6188	-1920.5554	-1920.6583
266	266	-3550.7857	-3552.4712	-3555.4463	-1.6855652	-3546.9683	-3540.271	-3546.3689
267	267	-1516.9673	-1518.9458	-1521.6253	-1.9784615	-1512.6825	-1512.681	-1512.4078
268	268	-1997.2736	-1999.1137	-2001.9359	-1.840022	-1993.2562	-1991.4367	-1992.1943
269	269	-2202.9312	-2204.9161	-2207.5941	-1.9848924	-2198.9797	-2195.6225	-2198.6683
270	270	-1678.2929	-1680.2556	-1682.9572	-1.9627811	-1674.1288	-1672.6625	-1674.9317
271	271	-1630.7034	-1632.6953	-1635.3818	-1.9919146	-1626.315	-1626.8553	-1627.1177
272	272	-2216.2399	-2217.5189	-2220.8941	-1.279027	-2212.3075	-2206.4316	-2210.8808
273	273	-1901.8249	-1903.7919	-1906.4452	-1.9669844	-1896.6457	-1896.4888	-1897.4618
274	274	-2012.4462	-2014.4295	-2017.1075	-1.983238	-2008.4316	-2006.6647	-2008.4761
275	275	-1158.1131	-1160.1142	-1162.7745	-2.0010715	-1153.6754	-1154.4782	-1154.4782
276	276	-1444.3915	-1446.4018	-1449.0757	-2.0103069	-1440.1148	-1438.9131	-1440.7009
277	277	-2353.0652	-2355.0567	-2357.7375	-1.9915113	-2349.1786	-2349.7259	-2349.9815
278	278	-1673.423	-1675.2055	-1678.0654	-1.7825467	-1669.2489	-1667.0242	-1669.1221
279	279	-2979.2788	-2981.2219	-2983.8982	-1.9430949	-2975.5133	-2970.7419	-2975.7937
280	280	-1910.2574	-1912.2592	-1914.9232	-2.0018262	-1906.2039	-1905.2434	-1907.007
281	281	-1578.3901	-1580.3471	-1582.8822	-1.9570715	-1574.1715	-1569.9811	-1574.9743
282	282	-1529.9594	-1531.9694	-1534.6075	-2.01007	-1525.7035	-1524.5443	-1526.4504
283	283	-1831.6138	-1833.4151	-1836.2656	-1.8013799	-1827.5361	-1825.3685	-1827.5378
284	284	-1828.5452	-1830.3791	-1833.1882	-1.8338764	-1824.4361	-1824.1149	-1824.5968
285	285	-2510.3876	-2512.3343	-2515.0149	-1.9467205	-2506.5135	-2503.7168	-2507.3163
286	286	-2027.4344	-2029.3914	-2032.083	-1.9570234	-2023.4003	-2020.609	-2024.2032
287	287	-2668.1247	-2670.1061	-2672.7789	-1.9813466	-2664.2993	-2662.6088	-2665.1021
288	288	-1821.4016	-1823.2202	-1826.0414	-1.8185574	-1817.3143	-1817.3239	-1817.3237
289	289	-1870.7267	-1871.8422	-1875.4362	-1.1154716	-1866.6525	-1860.1928	-1864.7392
290	290	-1583.9053	-1585.8787	-1588.5602	-1.9734403	-1579.6553	-1580.4581	-1580.4581
291	291	-1241.8405	-1243.8576	-1246.4973	-2.0170829	-1237.4682	-1237.7056	-1238.2715
292	292	-1887.6667	-1889.663	-1892.3331	-1.9963636	-1883.6069	-1882.836	-1884.41
293	293	-2362.0675	-2364.0371	-2366.688	-1.9696161	-2358.1538	-2341.9302	-2358.9567
294	294	-2310.7741	-2312.778	-2315.4393	-2.003836	-2306.8981	-2302.8845	-2307.701
295	295	-2831.7574	-2833.7054	-2836.4095	-1.948052	-2827.9704	-2820.939	-2828.2205
296	296	-2212.7759	-2214.604	-2217.4437	-1.8281341	-2208.8349	-2205.303	-2209.0428
297	297	-1234.5428	-1236.5199	-1239.2131	-1.9771187	-1230.1674	-1230.9706	-1230.9702
298	298	-2540.0444	-2542.0514	-2544.5636	-2.0070471	-2536.1975	-2530.7406	-2537.0003
299	299	-1784.8354	-1786.7899	-1789.4908	-1.9545579	-1780.7173	-1776.2976	-1781.5201
300	300	-1531.8197	-1533.7712	-1536.4535	-1.9514908	-1527.1425	-1527.2009	-1527.963
301	301	-2943.3089	-2945.2773	-2947.9723	-1.9683676	-2939.2103	-2929.0316	-2938.8715
302	302	-1978.8061	-1980.7893	-1983.4751	-1.9832036	-1974.7867	-1966.5203	-1975.5895
303	303	-2465.1643	-2467.1432	-2469.8156	-1.9788424	-2459.8177	-2457.9898	-2459.6497
304	304	-2225.4052	-2227.386	-2230.0726	-1.9808953	-2221.4724	-2220.0884	-2222.2754
305	305	-3217.7077	-3219.6644	-3221.2748	-1.9567454	-3214.0388	-3203.7739	-3214.8418
306	306	-1215.0866	-1217.0745	-1219.782	-1.9878951	-1210.7185	-1210.4376	-1211.5213
307	307	-1429.2008	-1431.1641	-1433.9018	-1.963237	-1424.9111	-1422.1362	-1425.7141
308	308	-2648.3205	-2650.2867	-2652.9767	-1.9662146	-2644.4249	-2642.1789	-2645.2399
309	309	-2326.1648	-2328.1358	-2330.8345	-1.9710032	-2322.2398	-2319.9982	-2323.0428
310	310	-3811.8376	-3811.7541	-3816.4974	0.083520277	-3808.2858	-3796.5703	-3804.7031
311	311	-2182.4659	-2184.4429	-2187.1285	-1.9769992	-2178.5131	-2179.3159	-2179.3167
312	312	-2270.9425	-2272.8843	-2275.6213	-1.9418529	-2267.0078	-2261.7597	-2267.8106
313	313	-2421.759	-2423.756	-2426.42	-1.9969976	-2417.7138	-2415.6342	-2418.5231
314	314	-3343.617	-3345.8228	-3348.2599	-2.2057697	-3339.5896	-3331.9997	-3337.097
315	315	-1610.0787	-1611.8184	-1618.2269	-1.7396219	-1605.8542	-1601.8512	-1602.0666
316	316	-2572.1485	-2574.124	-2576.788	-1.9755052	-2568.3375	-2562.2244	-2569.1409
317	317	-2154.048	-2156.0285	-2158.7176	-1.9804863	-2150.0789	-2149.6779	-2150.8817
318	318	-1472.5572	-1474.5186	-1477.2175	-1.9613191	-1468.2679	-1468.3014	-1469.0711
319	319	-1436.4878	-1438.2867	-1441.1364	-1.7988767	-1432.1723	-1432.1108	-1432.0688
320	320	-1667.9606	-1669.9664	-1672.5951	-2.0057963	-1663.8052	-1660.0694	-1664.6083
321	321	-2924.9172	-2926.9219	-2929.5811	-2.004742	-2920.8979	-2919.5424	-2921.7118
322	322	-991.38373	-993.37741	-996.04586	-1.9936766	-986.8175	-987.62035	-987.62047
323	323	-1842.6467	-1844.6286	-1847.2885	-1.9818703	-1838.5525	-1834.8674	-1839.3554
324	324	-1149.6524	-1151.6704	-1154.3087	-2.0180209	-1145.2299	-1146.0334	-1146.0327
325	325	-1234.8255	-1236.8151	-1239.5068	-1.9896221	-1230.4582	-1227.6205	-1231.2618
326	326	-3400.3109	-3402.0437	-3404.9458	-1.7328177	-3396.6627	-3387.6223	-3396.219
327	327	-1237.5044	-1239.4963	-1242.1795	-1.9919163	-1233.1103	-1233.0938	-1233.366
328	328	-2248.8165	-2250.7981	-2253.4846	-1.9816225	-2244.8808	-2243.028	-2245.684
329	329	-2246.511	-2248.4684	-2251.1546	-1.9574145	-2242.5598	-2237.6194	-2243.3629
330	330	-1028.2256	-1030.1937	-1032.8899	-1.9681138	-1023.6821	-1024.3015	-1024.4851
331	331	-1210.0599	-1212.0344	-1214.7214	-1.9745773	-1205.6738	-1206.4782	-1206.4768
332	332	-2211.8344	-2213.7913	-2216.5056	-1.9569323	-2207.4879	-2204.7888	-2208.006
333	333	-2734.2756	-2736.2545	-2738.9373	-1.9789631	-2730.495	-2726.1352	-2731.0846
334	334	-2349.8066	-2351.204	-2354.4214	-1.3974344	-2345.8738	-2338.6006	-2343.4438
335	335	-1895.9681	-1897.9589	-1900.5956	-1.9907882	-1891.9058	-1888.6957	-1892.7086
336	336	-1439.3978	-1441.1793	-1443.8801	-1.7814771	-1435.1182	-1426.4111	-1434.8028
337	337	-2109.0559	-2111.0222	-2113.718	-1.9663042	-2104.6623	-2104.5349	-2105.4759
338	338	-1793.7263	-1795.7317	-1798.3562	-2.005376	-1788.0404	-1788.2278	-1788.8442
339	339	-2758.4795	-2760.4984	-2763.0359	-2.0189289	-2754.6962	-2750.4657	-2755.4996
340	340	-1236.6022	-1237.741	-1241.2634	-1.1387872	-1232.2066	-1227.5835	-1229.4613
341	341	-3544.1072	-3545.5868	-3548.7609	-1.4796184	-3540.5084	-3533.7842	-3538.7239
342	342	-2963.8245	-2965.3927	-2968.4673	-1.5681424	-2960.0741	-2950.7945	-2959.0959
343	343	-2590.4476	-2591.7458	-2593.2547	-1.2982336	-2586.6175	-2573.4237	-2585.2965
344	344	-2218.3966	-2220.3861	-2223.0591	-1.9895086	-2214.4471	-2212.3521	-2215.25
345	345	-2480.521	-2482.5173	-2485.1491	-1.9963294	-2475.6201	-2471.4779	-2475.9437
346	346	-2152.5899	-2154.5797	-2157.251	-1.9897072	-2148.6252	-2142.9406	-2149.4282
347	347	-2922.6472	-2924.2612	-2927.3124	-1.6139625	-2918.8735	-2911.4515	-2918.0695
348	348	-2410.5673	-2411.8252	-2415.2139	-1.2578629	-2406.719	-2405.1319	-2405.2954
349	349	-2147.1492	-2149.1134	-2151.8094	-1.9641538	-2143.1665	-2138.5967	-2143.9693
350	350	-2017.805	-2019.8164	-2022.4816	-2.0114162	-2013.7973	-2013.5515	-2014.6003
351	351	-2636.5202	-2637.7509	-2641.1652	-1.2306766	-2632.0628	-2621.7102	-2629.4004
352	352	-1568.3712	-1570.3206	-1573.0138	-1.9493643	-1564.1335	-1564.3488	-1564.935
353	353	-984.50562	-986.50293	-989.18212	-1.9973045	-979.9393	-979.9024	-979.90393
354	354	-2234.7279	-2236.6954	-2239.3915	-1.9674859	-2230.7903	-2221.9951	-2231.5935
355	355	-2454.5467	-2456.5121	-2459.2115	-1.9654169	-2450.6801	-2448.3362	-2451.1653
356	356	-2501.6782	-2503.6793	-2506.354	-2.0011183	-2497.5622	-2496.3621	-2498.1077
357	357	-2238.6416	-2240.6246	-2243.2812	-1.9830167	-2234.7121	-2229.3139	-2235.5154
358	358	-1712.7707	-1714.7567	-1717.4381	-1.9859734	-1708.613	-1707.5026	-1709.4158
359	359	-1635.4253	-1636.3222	-1640.1029	-0.89696928	-1631.2528	-1626.2501	-1628.9138
360	360	-3061.2071	-3061.9755	-3065.8342	-0.76840413	-3057.4819	-3052.8947	-3055.2257
361	361	-2133.7658	-2135.7459	-2134.6939	-1.9800534	-2129.8089	-2120.3826	-2130.6117
362	362	-3624.7636	-3626.7729	-3629.4096	-2.0093016	-3620.1269	-3617.1256	-3620.9309
363	363	-1343.2318	-1345.1811	-1347.869	-1.9492803	-1338.8699	-1338.7329	-1339.6728
364	364	-1803.6031	-1805.432	-1808.2698	-1.8288245	-1799.4974	-1798.794	-1799.4883
365	365	-1477.8585	-1479.8447	-1482.5072	-1.9861732	-1473.5699	-1471.472	-1474.3726
366	366	-963.48483	-964.99098	-968.14669	-1.5061542	-958.87453	-957.02324	-957.99613
367	367	-1721.3545	-1723.1804	-1726.0379	-1.8258308	-1717.2299	-1717.1547	-1717.1446
368	368	-2704.9241	-2706.9244	-2709.5802	-2.000301	-2701.1218	-2696.4814	-2701.7116
369	369	-2333.5076	-2335.4979	-2337.9062	-1.9903764	-2329.6357	-2321.6082	-2330.4385
370	370	-1824.0256	-1825.8489	-1828.677	-1.823329	-1819.885	-1817.8242	-1820.1053
371	371	-2095.9171	-2097.9136	-2100.5909	-1.9964434	-2091.9232	-2089.2225	-2092.7266
372	372	-1907.892	-1909.7674	-1912.5602	-1.8754102	-1903.8437	-1902.2249	-1904.128
373	373	-2990.5924	-2992.5907	-2995.2605	-1.9983634	-2986.8563	-2982.9184	-2987.3667
374	374	-1296.2497	-1298.2193	-1300.9069	-1.9696079	-1291.8914	-1290.1623	-1292.6951
375	375	-918.52514	-920.52255	-923.17528	-1.9974152	-913.87827	-913.22814	-914.68124
376	376	-2188.7392	-2190.7215	-2193.3912	-1.982308	-2184.7741	-2182.1929	-2185.577
377	377	-2052.3381	-2054.5784	-2057.0009	-2.2402657	-2046.5262	-2034.3713	-2043.318
378	378	-2659.3513	-2661.276	-2663.9972	-1.9247547	-2655.5072	-2651.7885	-2656.3103
379	379	-2131.3347	-2133.2777	-2135.9885	-1.942991	-2127.3539	-2122.6358	-2128.1567
380	380	-2091.7276	-2093.6902	-2096.3901	-1.9626103	-2087.7413	-2086.1372	-2088.5453
381	381	-1987.9916	-1989.9625	-1992.6446	-1.9709133	-1983.9606	-1980.4365	-1984.7637
382	382	-3546.3645	-3548.0536	-3551.0153	-1.6890868	-3542.7641	-3539.6385	-3542.2552
383	383	-1407.047	-1407.6475	-1411.5691	-0.60050087	-1402.7605	-1398.1545	-1399.5869
384	384	-1401.4548	-1403.4515	-1405.4101	-1.9966814	-1397.147	-1391.4532	-1397.9499
385	385	-1299.0522	-1301.0629	-1303.7626	-2.0106317	-1294.7209	-1293.5152	-1295.5243
386	386	-1173.2243	-1175.2203	-1177.8969	-1.9959449	-1168.7993	-1165.3829	-1169.6022
387	387	-1563.1649	-1565.1527	-1567.8238	-1.9878088	-1558.9323	-1557.6836	-1559.7351
388	388	-2341.5649	-2343.5504	-2346.2209	-1.9854535	-2337.685	-2332.9931	-2338.4879
389	389	-1277.5496	-1279.5199	-1282.2207	-1.9703764	-1273.1925	-1271.4566	-1273.9955
390	390	-1461.2299	-1463.2312	-1465.9076	-2.0013093	-1456.9324	-1452.933	-1457.7352
391	391	-1445.7611	-1447.5474	-1450.3919	-1.7863222	-1441.4486	-1436.9206	-1441.3313
392	392	-2824.3851	-2826.3364	-2829.0352	-1.9513556	-2820.5894	-2818.7107	-2821.208
393	393	-2589.8559	-2591.8474	-2594.5189	-1.9915425	-2586.0396	-2582.4958	-2586.5884
394	394	-1511.0982	-1513.0855	-1515.7759	-1.9872985	-1506.8252	-1502.5501	-1507.6281
395	395	-2167.4026	-2169.3763	-2172.075	-1.9737382	-2163.45	-2161.1505	-2163.16
396	396	-2161.1689	-2162.7634	-2165.8279	-1.5945337	-2157.2113	-2153.0676	-2155.7227
397	397	-1500.1539	-1502.1317	-1504.8161	-1.977831	-1495.8656	-1494.4342	-1496.5646
398	398	-1225.2746	-1227.0006	-1229.9125	-1.7260501	-1220.8847	-1217.6705	-1220.3375
399	399	-1517.2776	-1519.1531	-1521.7803	-1.8755562	-1511.7688	-1511.8723	-1512.5742
400	400	-1954.4892	-1954.7025	-1959.1436	-0.21324084	-1950.4574	-1943.3356	-1944.9466
401	401	-1308.4047	-1310.3948	-1313.0554	-1.9901601	-1304.0648	-1303.8654	-1304.8676
402	402	-2171.3645	-2173.3276	-2176.0172	-1.9630262	-2167.3777	-2168.0038	-2168.1806
403	403	-2282.7227	-2284.0179	-2287.1901	-1.2952019	-2278.802	-2270.5076	-2277.4167
404	404	-1874.4037	-1876.3718	-1879.0656	-1.9680242	-1870.3246	-1868.7549	-1871.1277
405	405	-2035.648	-2037.5254	-2040.2968	-1.8773495	-2031.639	-2029.1795	-2031.9452
406	406	-1293.3837	-1295.1177	-1298.0484	-1.7340142	-1289.0548	-1288.3156	-1288.5899
407	407	-2019.2547	-2021.2247	-2023.9042	-1.969974	-2015.2083	-2013.3383	-2016.0113
408	408	-1574.2404	-1576.0556	-1578.9036	-1.815261	-1570.0129	-1568.3499	-1569.806
409	409	-1871.918	-1873.8711	-1876.5795	-1.9530735	-1867.8344	-1863.8222	-1868.6375
410	410	-1715.5836	-1717.5749	-1720.224	-1.9913269	-1711.2339	-1706.2222	-1712.0374
411	411	-4389.3403	-4391.5999	-4393.3849	-2.2595634	-4382.8339	-4379.1952	-4380.4289
412	412	-1866.49	-1868.481	-1871.1428	-1.9910399	-1862.3931	-1861.3927	-1863.1959
413	413	-1871.147	-1872.9801	-1875.8124	-1.8331683	-1867.0775	-1861.445	-1866.3925
414	414	-2141.1844	-2143.1836	-2145.8351	-1.9991961	-2137.2118	-2137.6119	-2138.0151
415	415	-2640.1056	-2642.1105	-2644.7427	-2.0049081	-2636.2981	-2629.3385	-2636.8741
416	416	-2376.7112	-2378.7149	-2381.3521	-2.0037316	-2372.8284	-2368.5691	-2373.6327
417	417	-1385.3827	-1387.3588	-1390.0439	-1.9760149	-1381.0876	-1381.8909	-1381.8904
418	418	-1879.6988	-1881.5468	-1884.3763	-1.8480435	-1875.6401	-1872.4261	-1875.6509
419	419	-2687.2234	-2689.1867	-2691.8662	-1.9633063	-2683.3869	-2680.6533	-2683.9934
420	420	-2961.4216	-2963.3847	-2965.8931	-1.9630814	-2957.6418	-2953.3258	-2958.1475
421	421	-2391.0006	-2392.9849	-2395.6448	-1.9842477	-2387.1121	-2385.4809	-2387.9153
422	422	-3095.0906	-3097.064	-3099.7539	-1.9734573	-3091.3634	-3085.9975	-3091.5496
423	423	-1428.8895	-1430.8215	-1433.5274	-1.9319909	-1422.3966	-1421.7979	-1423.1998
424	424	-1276.9357	-1278.9222	-1281.5941	-1.9864534	-1272.5758	-1271.6455	-1273.3789
425	425	-2487.8843	-2489.856	-2492.5583	-1.9716402	-2484.0211	-2481.8918	-2484.3762
426	426	-1410.5335	-1412.5657	-1415.2417	-2.0322909	-1405.9918	-1406.2118	-1406.4829
427	427	-1483.2524	-1485.3223	-1487.9632	-2.0698865	-1478.3318	-1477.2561	-1479.1357
428	428	-1569.2034	-1571.1919	-1573.7111	-1.9884832	-1564.9842	-1558.6463	-1565.7874
429	429	-1178.6655	-1180.442	-1183.3212	-1.7764713	-1174.2561	-1173.8734	-1173.8656
430	430	-1800.0351	-1801.9873	-1804.7058	-1.9522309	-1795.9274	-1795.7527	-1796.3927
431	431	-2201.9491	-2203.8989	-2206.566	-1.9498862	-2197.9685	-2196.0853	-2198.7716
432	432	-1675.2311	-1677.2014	-1679.8944	-1.9703693	-1671.0948	-1667.6915	-1671.8976
433	433	-2629.3983	-2631.2694	-2633.8923	-1.8710399	-2625.5868	-2615.8732	-2625.3113
434	434	-2123.3914	-2125.382	-2128.0522	-1.9906454	-2119.4227	-2117.7056	-2119.6748
435	435	-1988.8045	-1990.7804	-1993.4649	-1.9759597	-1984.7487	-1981.6105	-1985.5515
436	436	-1786.1487	-1788.1171	-1790.7948	-1.9684466	-1782.0203	-1772.3037	-1782.5212
437	437	-952.71475	-954.68037	-957.37092	-1.9656266	-948.1314	-947.76416	-948.93552
438	438	-2870.3487	-2872.3187	-2874.9907	-1.9700214	-2866.5907	-2864.1422	-2867.0626
439	439	-2772.4909	-2774.3443	-2777.0242	-1.8533564	-2767.603	-2757.9514	-2768.2641
440	440	-1578.5314	-1580.5365	-1583.1928	-2.0050772	-1574.3214	-1574.3612	-1575.1254
441	441	-3143.4131	-3145.4006	-3148.0597	-1.9875338	-3139.7116	-3134.519	-3139.0456
442	442	-3550.7501	-3552.296	-3555.3959	-1.5458865	-3547.1711	-3542.643	-3546.7396
443	443	-2480.2889	-2482.2713	-2484.7618	-1.9824681	-2476.4437	-2469.0828	-2476.6395
444	444	-2269.3647	-2271.3536	-2274.0397	-1.988928	-2265.4468	-2264.8198	-2266.2497
445	445	-2909.4971	-2911.4964	-2914.1513	-1.9993374	-2905.7384	-2893.6833	-2906.5413
446	446	-1533.085	-1535.069	-1537.7525	-1.9839265	-1528.8252	-1525.761	-1529.628
447	447	-2108.6729	-2110.6542	-2113.325	-1.9813093	-2104.6921	-2101.0409	-2105.036
448	448	-1535.4624	-1537.2999	-1540.1413	-1.8375296	-1531.2136	-1524.6436	-1531.1856
449	449	-3496.5212	-3498.5123	-3501.1634	-1.9910573	-3492.0006	-3487.4548	-3492.55
450	450	-2147.5606	-2149.5524	-2152.2278	-1.9918397	-2143.6221	-2139.7536	-2144.4251
451	451	-2101.7634	-2103.7594	-2106.4245	-1.9960481	-2097.7893	-2093.2064	-2098.5923
452	452	-2978.7058	-2980.6725	-2983.3055	-1.9667277	-2974.9265	-2973.4846	-2975.7303
453	453	-1723.7814	-1725.7467	-1727.689	-1.9652906	-1719.6293	-1713.8696	-1720.4321
454	454	-2240.5746	-2242.5695	-2245.225	-1.9948961	-2236.6588	-2231.233	-2237.0513
455	455	-3102.4701	-3104.4151	-3107.1116	-1.9449974	-3098.7623	-3095.9716	-3099.5651
456	456	-2604.3501	-2606.1843	-2608.9995	-1.8342711	-2600.524	-2598.7938	-2600.5334
457	457	-2460.3574	-2462.3663	-2465.0593	-2.0088255	-2456.0303	-2455.2671	-2456.0323
458	458	-2105.6397	-2107.5954	-2110.3206	-1.9556451	-2101.653	-2101.5066	-2102.4559
459	459	-2360.5558	-2362.559	-2365.2253	-2.0031091	-2356.6825	-2356.2942	-2357.4856
460	460	-3072.8097	-3074.7799	-3077.4437	-1.9701937	-3069.0896	-3064.1272	-3069.4723
461	461	-1753.7837	-1755.5775	-1758.4253	-1.7938772	-1749.6503	-1748.1583	-1748.1535
462	462	-2034.6885	-2036.6723	-2039.3745	-1.9837165	-2030.6744	-2030.9773	-2031.4777
463	463	-1382.4767	-1384.2576	-1387.1531	-1.7809233	-1378.1641	-1376.3837	-1377.9864
464	464	-2456.1489	-2457.715	-2460.7892	-1.5661003	-2451.332	-2444.9073	-2448.5192
465	465	-2214.4929	-2216.4573	-2219.144	-1.9643982	-2210.5412	-2210.0929	-2211.3445
466	466	-1987.9817	-1989.9691	-1992.6388	-1.9874351	-1983.9511	-1981.2489	-1984.22
467	467	-1858.0799	-1860.0519	-1862.7384	-1.9719976	-1853.9969	-1846.7239	-1854.2131
468	468	-2001.3108	-2003.2712	-2005.964	-1.9603826	-1997.2773	-1992.4234	-1998.0801
469	469	-1707.2337	-1709.2111	-1711.8999	-1.9774442	-1703.0818	-1701.618	-1703.8847
470	470	-2493.328	-2495.3369	-2497.7853	-2.0089614	-2489.4906	-2485.5642	-2489.4632
471	471	-2332.183	-2334.1705	-2336.8714	-1.9875551	-2328.2978	-2326.1624	-2329.1007
472	472	-1545.5092	-1547.4612	-1550.153	-1.9520483	-1541.2428	-1538.5796	-1542.0463
473	473	-2489.9024	-2491.8634	-2494.557	-1.9609316	-2486.0476	-2480.4558	-2486.8506
474	474	-2015.4056	-2017.3813	-2020.0628	-1.97569	-2011.3772	-2004.7694	-2012.1801
475	475	-1419.1602	-1421.1736	-1423.8243	-2.013435	-1414.8389	-1411.6133	-1415.6419
476	476	-2749.3561	-2751.2973	-2753.9867	-1.9412849	-2745.5745	-2742.9645	-2746.0096
477	477	-1390.849	-1392.8091	-1395.5375	-1.9600992	-1386.5283	-1379.7797	-1387.3313
478	478	-1093.0031	-1094.6873	-1097.681	-1.6842234	-1088.5251	-1087.2802	-1087.8143
479	479	-1433.2037	-1435.1195	-1437.8321	-1.9158671	-1428.8911	-1429.3715	-1429.4187
480	480	-1515.1584	-1517.2047	-1519.8514	-2.0463301	-1510.9439	-1504.5574	-1511.7467
481	481	-2189.7896	-2191.7493	-2194.421	-1.9596521	-2185.2822	-2185.0144	-2186.0951
482	482	-2447.8484	-2449.8422	-2452.4252	-1.9938074	-2444.0195	-2438.2843	-2444.118
483	483	-2404.8497	-2406.824	-2409.494	-1.9742933	-2400.9705	-2397.7237	-2401.7734
484	484	-2165.6891	-2167.0262	-2170.3396	-1.3371143	-2161.7207	-2158.5081	-2160.1778
485	485	-3274.3755	-3276.3618	-3277.411	-1.9862785	-3270.7251	-3256.3289	-3271.5279
486	486	-1927.6686	-1929.6521	-1932.3241	-1.983514	-1923.605	-1917.868	-1924.4078
487	487	-3629.5954	-3631.5921	-3634.2595	-1.9967099	-3622.2986	-3618.3402	-3622.6663
488	488	-2074.7379	-2076.7254	-2079.4068	-1.9874979	-2068.5641	-2063.5076	-2068.8883
489	489	-1450.692	-1452.6925	-1455.355	-2.0005268	-1446.4386	-1446.8459	-1447.2414
490	490	-1932.7997	-1934.653	-1937.4534	-1.8533363	-1928.7467	-1925.8129	-1928.8006
491	491	-1214.3296	-1216.3104	-1219.0027	-1.9807926	-1209.9555	-1209.6888	-1210.7584
492	492	-2388.9038	-2390.868	-2393.5389	-1.9641778	-2384.8054	-2385.4963	-2385.2801
493	493	-2782.448	-2784.7097	-2786.9097	-2.2616874	-2777.1561	-2775.1969	-2773.8993
494	494	-2491.4962	-2493.4823	-2496.1794	-1.9861248	-2487.6684	-2481.5334	-2488.4713
495	495	-2269.4294	-2271.268	-2274.0759	-1.8386337	-2265.478	-2262.1909	-2265.5123
496	496	-1618.3042	-1620.2952	-1622.969	-1.9910075	-1614.1087	-1609.0055	-1614.9115
497	497	-2069.7124	-2071.6551	-2074.3734	-1.9426997	-2064.9289	-2064.6528	-2065.7341
498	498	-1700.6518	-1702.5266	-1705.3361	-1.8747554	-1696.4946	-1695.9494	-1696.5914
499	499	-1751.227	-1753.2167	-1755.929	-1.9896066	-1747.0806	-1743.4419	-1747.8841
