No.	ID	loglik_NUll	loglik_RES	loglik_all	log_ratio	loglik_Max1	loglik_Max2	loglik_Max3
0	0	-2275.141	-2264.3261	-2270.3625	10.814944	-2271.2129	-2253.8514	-2256.6005
1	1	-2976.7366	-2968.966	-2976.2111	7.7706787	-2972.9617	-2955.1047	-2961.7485
2	2	-1578.3572	-1562.769	-1569.6903	15.588166	-1574.1051	-1554.196	-1554.5551
3	3	-2480.2546	-2458.2604	-2464.7585	21.994117	-2476.3715	-2448.562	-2451.2111
4	4	-2785.2221	-2761.1566	-2766.7535	24.065548	-2781.4176	-2749.7204	-2754.0953
5	5	-2242.3666	-2221.6262	-2227.8751	20.740346	-2238.4387	-2214.188	-2214.1882
6	6	-1443.1436	-1413.7851	-1419.0488	29.358587	-1438.8559	-1401.2507	-1405.7778
7	7	-1629.0194	-1608.3764	-1614.4543	20.64303	-1624.8158	-1600.3727	-1600.3849
8	8	-4422.5129	-4417.1817	-4423.258	5.3311901	-4410.6038	-4401.9917	-4404.3758
9	9	-1963.4794	-1940.5843	-1945.5534	22.895156	-1959.4341	-1927.9503	-1932.8331
10	10	-1882.928	-1851.6002	-1857.6638	31.327863	-1878.8388	-1841.7261	-1843.8389
11	11	-2853.9746	-2845.1745	-2852.1094	8.8001099	-2849.0472	-2832.5878	-2836.3972
12	12	-2531.8988	-2518.5646	-2526.1533	13.334212	-2527.0861	-2507.6078	-2509.0512
13	13	-2287.6009	-2270.9594	-2277.278	16.64156	-2283.6936	-2260.607	-2263.3644
14	14	-1887.7379	-1846.3919	-1852.461	41.34592	-1883.6312	-1836.7266	-1838.7238
15	15	-2017.7141	-2004.218	-2010.2971	13.496148	-2013.2361	-1992.7271	-1995.4777
16	16	-1996.2744	-1971.6659	-1977.7294	24.608553	-1992.2333	-1958.6278	-1963.9285
17	17	-1714.9122	-1695.3806	-1701.4556	19.53161	-1710.7238	-1686.6685	-1687.4209
18	18	-1516.8176	-1500.318	-1506.2157	16.49957	-1512.51	-1488.3213	-1492.2122
19	19	-1207.678	-1142.8401	-1148.9094	64.837944	-1203.2425	-1134.6265	-1134.749
20	20	-1485.155	-1472.2359	-1479.0685	12.919055	-1480.8648	-1459.8506	-1463.8991
21	21	-2404.7932	-2357.0994	-2363.3864	47.693771	-2400.8914	-2349.9548	-2349.9553
22	22	-2144.2682	-2125.9733	-2132.4967	18.294884	-2140.2835	-2114.4129	-2118.2893
23	23	-1931.498	-1930.0122	-1935.7228	1.4857966	-1926.7068	-1918.6136	-1920.9058
24	24	-2268.5405	-2246.0365	-2252.092	22.504019	-2264.6236	-2237.9811	-2238.4431
25	25	-2141.0831	-2128.1826	-2134.9603	12.900473	-2137.0996	-2120.0335	-2120.3963
26	26	-2124.5724	-2100.6771	-2106.4205	23.895348	-2120.5935	-2086.6082	-2093.0182
27	27	-1125.0767	-1052.4115	-1058.4891	72.665182	-1120.5966	-1042.5886	-1044.2436
28	28	-1664.1266	-1641.5368	-1647.6041	22.589786	-1659.94	-1632.4971	-1633.5906
29	29	-1818.5599	-1810.6042	-1816.7852	7.9556894	-1814.4484	-1798.1716	-1802.7164
30	30	-2446.7208	-2424.569	-2430.2922	22.151833	-2442.839	-2412.9223	-2417.0703
31	31	-1097.0932	-1084.5116	-1090.7714	12.5816	-1092.5949	-1075.6466	-1076.1325
32	32	-2329.6099	-2305.2937	-2311.596	24.31619	-2325.6929	-2297.453	-2297.5909
33	33	-2007.8427	-1971.41	-1977.4719	36.432742	-2003.801	-1963.1815	-1963.7613
34	34	-1612.2395	-1555.9057	-1561.9587	56.333849	-1608.0244	-1548.0984	-1548.0988
35	35	-1937.9838	-1879.1906	-1885.2326	58.793217	-1920.4953	-1869.7312	-1871.5853
36	36	-1819.1351	-1802.8466	-1808.7103	16.288432	-1815.0174	-1788.6057	-1794.9323
37	37	-1683.1367	-1650.235	-1656.7938	32.901611	-1678.9647	-1641.7956	-1641.632
38	38	-1584.3738	-1562.8262	-1568.1063	21.547561	-1580.1471	-1552.6198	-1554.8156
39	39	-1598.2471	-1581.1478	-1587.2205	17.099293	-1594.0413	-1571.6591	-1573.1351
40	40	-1907.5972	-1863.6593	-1870.3585	43.937938	-1903.5104	-1854.2048	-1856.0175
41	41	-1890.7061	-1870.6429	-1877.0271	20.063126	-1886.6132	-1857.3832	-1862.6226
42	42	-1254.9933	-1237.7349	-1243.8033	17.258396	-1250.6412	-1227.8193	-1229.4839
43	43	-1842.2166	-1834.4213	-1842.0288	7.7952592	-1838.1014	-1823.5619	-1825.0826
44	44	-1519.8608	-1491.7388	-1497.8143	28.121975	-1515.597	-1483.2199	-1483.7499
45	45	-2522.688	-2504.7025	-2511.0924	17.985533	-2518.8471	-2492.7229	-2496.8637
46	46	-2340.3005	-2311.929	-2317.9992	28.371456	-2336.4101	-2303.9766	-2304.4403
47	47	-2394.0717	-2368.9216	-2374.9913	25.150067	-2389.8102	-2359.3457	-2360.5361
48	48	-2429.1371	-2428.2938	-2433.516	0.84327467	-2425.2778	-2418.0868	-2420.3066
49	49	-1699.2468	-1669.939	-1676.012	29.30771	-1695.0847	-1660.0375	-1662.0707
50	50	-1788.2221	-1749.8245	-1755.9201	38.397541	-1784.0854	-1741.9409	-1742.0535
51	51	-2745.3796	-2740.0891	-2747.1054	5.2905083	-2741.596	-2728.5194	-2732.6079
52	52	-2059.7584	-2043.7119	-2050.0319	16.046492	-2055.768	-2029.7724	-2035.8542
53	53	-2958.2749	-2940.2982	-2948.1199	17.976718	-2954.5385	-2931.6939	-2932.4603
54	54	-2278.6475	-2250.8482	-2256.8731	27.799331	-2274.7255	-2243.3071	-2243.3072
55	55	-1622.5193	-1540.0972	-1546.5195	82.422118	-1600.4311	-1532.6497	-1532.6272
56	56	-2329.6597	-2292.0099	-2298.0832	37.649878	-2325.7659	-2281.306	-2284.5858
57	57	-1877.4458	-1833.0643	-1839.1535	44.381535	-1873.3441	-1825.4009	-1825.4005
58	58	-1232.0891	-1201.929	-1209.0887	30.160123	-1227.6753	-1192.8524	-1193.4494
59	59	-2095.3561	-2092.5131	-2098.8268	2.8430343	-2091.3593	-2083.1465	-2083.9325
60	60	-2181.0023	-2166.6434	-2173.2603	14.3589	-2177.041	-2154.4824	-2158.7595
61	61	-2192.8412	-2170.4931	-2177.204	22.348096	-2188.8809	-2162.8813	-2162.8772
62	62	-2249.8705	-2198.9779	-2205.448	50.892571	-2245.9083	-2191.7134	-2191.7095
63	63	-1791.6726	-1779.4714	-1785.3693	12.201217	-1787.548	-1767.2709	-1771.5197
64	64	-1813.8678	-1776.3416	-1782.4215	37.526267	-1809.7669	-1768.6609	-1768.6611
65	65	-2785.434	-2740.3737	-2746.4335	45.06034	-2765.9238	-2733.1434	-2733.1432
66	66	-1886.4331	-1880.4437	-1886.1397	5.9893463	-1882.3284	-1859.7874	-1872.6015
67	67	-2428.5574	-2395.0814	-2400.9334	33.475991	-2412.8271	-2387.465	-2387.6582
68	68	-2624.039	-2610.5722	-2617.0419	13.466747	-2620.1902	-2603.0652	-2603.1509
69	69	-2367.448	-2308.2551	-2314.6321	59.192834	-2344.4239	-2299.6548	-2301.2275
70	70	-1653.192	-1632.4936	-1638.699	20.698444	-1648.2204	-1622.3748	-1623.0587
71	71	-1930.4686	-1926.1938	-1932.3088	4.2748187	-1925.1788	-1912.939	-1915.7344
72	72	-1138.2826	-1123.8557	-1130.0632	14.42695	-1133.8072	-1111.7622	-1115.5745
73	73	-2917.5367	-2905.5799	-2911.6385	11.956791	-2913.7583	-2894.4154	-2898.1208
74	74	-3493.8741	-3474.9691	-3481.7913	18.905016	-3490.2755	-3462.7582	-3467.4019
75	75	-2064.2668	-2045.0212	-2053.221	19.245509	-2060.2666	-2035.9123	-2035.9118
76	76	-2836.4858	-2810.2985	-2815.6341	26.187332	-2832.6528	-2796.5268	-2802.9701
77	77	-2657.4335	-2646.5609	-2652.6472	10.872628	-2653.6263	-2637.8689	-2639.0443
78	78	-2031.1868	-1993.158	-1999.2201	38.028768	-2027.1632	-1985.3916	-1985.5531
79	79	-2122.5827	-2107.5229	-2114.0699	15.059848	-2118.5984	-2096.3043	-2099.7245
80	80	-2696.1649	-2689.9311	-2695.8956	6.2337661	-2692.3551	-2675.0934	-2682.4961
81	81	-3618.1608	-3609.8918	-3617.9949	8.2690789	-3613.799	-3599.6358	-3601.1486
82	82	-1282.877	-1217.1855	-1223.2646	65.69144	-1278.5025	-1208.7774	-1209.1911
83	83	-2418.4057	-2413.5543	-2419.6068	4.8513818	-2414.5443	-2404.1769	-2405.8323
84	84	-2528.9867	-2505.9309	-2512.0483	23.055789	-2525.1381	-2495.9126	-2498.4864
85	85	-1940.801	-1879.3879	-1885.7559	61.413102	-1925.0426	-1872.118	-1872.1341
86	86	-1603.2719	-1536.1416	-1543.2233	67.130272	-1599.0319	-1528.3794	-1528.3797
87	87	-1982.214	-1921.0336	-1927.1009	61.180406	-1959.1266	-1913.5403	-1913.5397
88	88	-1899.42	-1894.8956	-1901.4895	4.524456	-1895.336	-1881.288	-1886.791
89	89	-1752.3699	-1735.0529	-1741.1251	17.317026	-1748.2127	-1726.7546	-1727.0954
90	90	-1792.1239	-1766.7237	-1772.8001	25.400203	-1787.9965	-1758.9107	-1758.9112
91	91	-2822.8382	-2813.0147	-2819.5015	9.8234711	-2819.0458	-2800.2791	-2805.5489
92	92	-1612.7477	-1588.3699	-1595.0815	24.377741	-1608.5373	-1578.2998	-1580.1727
93	93	-2149.2706	-2144.2057	-2150.4263	5.0649761	-2145.2803	-2135.4942	-2136.5101
94	94	-1414.2086	-1394.7594	-1400.8293	19.449243	-1409.8975	-1386.6354	-1386.6375
95	95	-3052.2796	-3038.2923	-3044.3856	13.987261	-3047.3596	-3027.4464	-3029.5228
96	96	-2186.1715	-2178.2682	-2184.4509	7.9033868	-2182.2265	-2169.705	-2170.6172
97	97	-2488.6916	-2481.5073	-2487.9036	7.1842261	-2483.9019	-2472.4772	-2472.3182
98	98	-1608.4236	-1589.4614	-1595.4986	18.962252	-1604.2236	-1579.4854	-1581.443
99	99	-1971.9154	-1947.0308	-1953.1066	24.884612	-1967.8809	-1939.1648	-1939.3249
100	100	-1070.1935	-1036.8175	-1042.8885	33.376069	-1065.6735	-1027.4126	-1028.5002
101	101	-2300.0576	-2277.6467	-2283.729	22.410871	-2295.2375	-2267.5026	-2268.7807
102	102	-2067.896	-2032.642	-2039.2048	35.254018	-2063.8869	-2024.9712	-2024.9709
103	103	-1818.7421	-1775.0145	-1782.109	43.727613	-1814.6297	-1765.1732	-1767.2637
104	104	-1155.6274	-1124.893	-1130.9382	30.734409	-1151.186	-1116.6084	-1116.6139
105	105	-1633.1702	-1611.9554	-1618.0488	21.21477	-1628.9616	-1604.0078	-1604.0079
106	106	-1830.0516	-1823.8927	-1830.1108	6.1589181	-1825.9631	-1813.6201	-1816.0135
107	107	-2786.3952	-2766.4102	-2772.4692	19.985003	-2782.5926	-2757.6703	-2759.0692
108	108	-2143.2543	-2114.1152	-2120.5412	29.139071	-2123.5541	-2104.4814	-2106.3269
109	109	-2280.4502	-2279.0699	-2284.8044	1.3802818	-2276.5397	-2266.8925	-2271.3576
110	110	-1245.3443	-1247.1138	-1250.0001	-1.7695031	-1240.9598	-1235.9584	-1239.2644
111	111	-2020.9383	-2010.2883	-2016.9222	10.649998	-2016.9035	-2000.3857	-2002.291
112	112	-3092.8443	-3061.0144	-3069.4021	31.829891	-3089.1132	-3050.7186	-3053.0488
113	113	-3432.8565	-3424.8851	-3430.938	7.9713941	-3428.7337	-3415.7268	-3416.9402
114	114	-3057.7571	-3051.7608	-3059.1595	5.9962933	-3054.0345	-3043.3246	-3044.016
115	115	-2907.1133	-2884.7064	-2892.2611	22.40686	-2903.3535	-2876.2652	-2876.8632
116	116	-3140.472	-3138.3343	-3144.8682	2.137665	-3136.756	-3124.2207	-3130.7977
117	117	-2817.6968	-2809.7434	-2815.8021	7.9534767	-2813.9084	-2800.5116	-2802.1858
118	118	-2179.0613	-2163.4232	-2171.3427	15.638179	-2175.0997	-2152.6746	-2155.1648
119	119	-1581.2619	-1535.8393	-1541.8901	45.422635	-1577.0506	-1526.9531	-1528.0132
120	120	-1353.0009	-1331.1663	-1340.1788	21.834598	-1348.6594	-1318.2246	-1322.4596
121	121	-2217.5085	-2198.1079	-2204.1813	19.400592	-2213.5743	-2190.4373	-2190.5011
122	122	-1348.2814	-1339.0906	-1345.2591	9.1908235	-1343.9306	-1329.3518	-1330.9475
123	123	-1374.5002	-1342.6849	-1348.7284	31.815354	-1370.1153	-1333.8097	-1334.6017
124	124	-1480.2222	-1442.4422	-1448.5208	37.779978	-1475.9143	-1433.7494	-1434.4807
125	125	-1825.9502	-1805.484	-1811.5652	20.466179	-1821.8468	-1797.2227	-1797.6213
126	126	-1376.1992	-1330.7897	-1336.8805	45.409483	-1371.8697	-1321.9629	-1322.8098
127	127	-2741.1314	-2733.7518	-2739.4898	7.3795397	-2737.3004	-2720.4461	-2726.208
128	128	-1364.3746	-1338.8146	-1344.9086	25.560001	-1360.071	-1330.7268	-1330.7282
129	129	-2021.5872	-1985.2143	-1991.8692	36.372942	-2017.5708	-1975.8516	-1977.6168
130	130	-2234.1591	-2231.0856	-2237.663	3.0735277	-2230.2261	-2216.5241	-2223.4295
131	131	-2038.8701	-2010.0996	-2013.4832	28.770464	-2034.3358	-1993.6916	-2001.2765
132	132	-1283.294	-1217.8859	-1223.9438	65.408089	-1278.9239	-1207.1803	-1209.8858
133	133	-1612.2666	-1546.0233	-1552.078	66.243229	-1608.0266	-1538.2849	-1538.2846
134	134	-2049.7029	-2043.2187	-2049.7626	6.4842098	-2045.6889	-2030.5904	-2034.2591
135	135	-942.52792	-886.50507	-892.5726	56.02285	-937.87192	-878.06246	-878.06306
136	136	-1925.9545	-1920.3641	-1926.5576	5.5903981	-1921.9068	-1909.943	-1912.0207
137	137	-1716.4368	-1684.5469	-1690.4653	31.889885	-1712.2566	-1672.6287	-1676.6908
138	138	-1778.1485	-1744.7939	-1750.8473	33.354588	-1774.0315	-1733.8355	-1736.8049
139	139	-1618.047	-1582.9614	-1589.7349	35.085664	-1613.8135	-1575.0378	-1575.0111
140	140	-3052.4213	-3046.3196	-3052.2185	6.1017013	-3048.6997	-3035.8872	-3038.8413
141	141	-1358.4091	-1315.2609	-1321.337	43.148152	-1354.0606	-1306.6647	-1307.2657
142	142	-1737.5209	-1724.5895	-1730.6638	12.931388	-1733.3843	-1715.7411	-1716.6199
143	143	-1835.1521	-1830.6448	-1836.8482	4.5072811	-1831.0581	-1822.7551	-1822.7549
144	144	-2771.0076	-2750.6784	-2756.7896	20.329255	-2767.2531	-2742.9978	-2743.3084
145	145	-1451.4498	-1431.9042	-1437.9856	19.545527	-1447.1501	-1422.4968	-1423.8011
146	146	-2554.8809	-2543.3333	-2549.0229	11.547644	-2551.0353	-2530.8401	-2535.7638
147	147	-3002.366	-2993.9809	-3000.3006	8.3851232	-2998.6322	-2985.1924	-2986.2863
148	148	-1864.3991	-1860.1466	-1866.4043	4.2524856	-1860.3083	-1851.6832	-1852.2903
149	149	-880.29818	-773.96033	-780.02868	106.33784	-860.27251	-765.49693	-765.49657
150	150	-1931.0483	-1909.794	-1915.8766	21.254326	-1926.9795	-1899.5548	-1901.9903
151	151	-1557.9454	-1525.9872	-1532.0566	31.958175	-1553.6856	-1518.0223	-1518.0222
152	152	-2231.6389	-2233.6092	-2236.2829	-1.9703427	-2227.704	-2219.5099	-2227.1287
153	153	-2514.8265	-2469.8446	-2475.9173	44.981878	-2510.959	-2462.4977	-2462.4975
154	154	-1190.627	-1095.6758	-1101.2598	94.951218	-1166.3095	-1081.2454	-1087.6468
155	155	-3352.972	-3328.8281	-3334.756	24.143931	-3348.1081	-3317.3173	-3320.1308
156	156	-1056.0474	-1012.055	-1018.1079	43.992401	-1051.5125	-1002.5451	-1003.7371
157	157	-2518.157	-2505.9003	-2511.9709	12.256664	-2514.3228	-2496.8747	-2498.3353
158	158	-2363.8473	-2353.8906	-2359.9585	9.9567204	-2359.9592	-2345.9009	-2346.2391
159	159	-2262.3318	-2254.8554	-2260.9147	7.476462	-2258.3814	-2247.0884	-2247.088
160	160	-2454.8804	-2439.934	-2446.3451	14.946311	-2448.9622	-2429.0356	-2430.0026
161	161	-1869.2987	-1869.6007	-1873.978	-0.30199375	-1865.2153	-1856.3975	-1861.2195
162	162	-1415.0392	-1386.7879	-1392.8503	28.251348	-1410.7222	-1378.2443	-1378.7279
163	163	-2541.4395	-2521.8705	-2527.6876	19.568999	-2537.6001	-2511.082	-2514.1785
164	164	-2360.3073	-2351.5756	-2358.2316	8.7316758	-2356.3724	-2335.1461	-2343.3718
165	165	-2585.0911	-2569.491	-2575.9212	15.600066	-2581.2716	-2560.6652	-2562.1129
166	166	-1177.1162	-1164.8068	-1173.3312	12.309375	-1172.6622	-1149.5475	-1155.8774
167	167	-1689.227	-1659.9465	-1665.9059	29.280484	-1684.7488	-1650.58	-1650.9335
168	168	-1272.8123	-1239.3757	-1245.447	33.43655	-1268.4429	-1230.0874	-1231.242
169	169	-2402.6289	-2350.8843	-2356.9903	51.744616	-2377.6084	-2343.2697	-2343.2731
170	170	-2151.0221	-2132.9785	-2139.0478	18.043627	-2147.0538	-2125.1726	-2125.3182
171	171	-1535.5287	-1505.4002	-1511.2231	30.128461	-1531.2578	-1493.2974	-1497.3726
172	172	-1987.5165	-1946.3846	-1952.4491	41.131852	-1983.4687	-1938.5831	-1938.7523
173	173	-2067.4979	-2045.4519	-2053.6897	22.046037	-2063.4604	-2033.4646	-2036.7777
174	174	-2487.1395	-2482.042	-2489.7652	5.0975602	-2483.3032	-2467.5155	-2472.9124
175	175	-1461.7213	-1447.4574	-1453.5838	14.263863	-1457.4565	-1437.7744	-1439.3274
176	176	-1789.3302	-1745.5866	-1752.0719	43.743664	-1785.0882	-1736.7136	-1736.6126
177	177	-1468.4331	-1428.4536	-1434.4933	39.979571	-1464.1344	-1419.7106	-1420.5075
178	178	-1560.6681	-1557.9568	-1563.9394	2.7112788	-1556.4174	-1547.339	-1549.7354
179	179	-2768.1378	-2760.6469	-2767.2614	7.4908556	-2764.3412	-2751.9529	-2753.827
180	180	-1547.0402	-1528.1238	-1535.0221	18.9164	-1542.7954	-1516.4772	-1519.9308
181	181	-2350.5984	-2341.9643	-2347.4508	8.6340354	-2346.699	-2329.8761	-2334.2679
182	182	-1769.7345	-1766.4033	-1772.6686	3.3311757	-1765.6002	-1756.5737	-1758.4644
183	183	-1248.0112	-1229.3203	-1236.516	18.690833	-1243.6239	-1219.7362	-1220.8641
184	184	-2209.9362	-2206.3045	-2213.0441	3.6316907	-2204.8134	-2195.2973	-2197.5654
185	185	-3227.5277	-3225.9118	-3231.7872	1.6159159	-3223.8396	-3214.5362	-3218.4258
186	186	-2982.8971	-2981.1955	-2987.1238	1.7015571	-2979.1304	-2970.0627	-2973.5372
187	187	-2984.4011	-2959.9515	-2966.3127	24.449562	-2980.6413	-2952.9035	-2952.8937
188	188	-3292.6136	-3286.939	-3294.0885	5.6745893	-3288.9733	-3276.4099	-3279.3796
189	189	-1640.1774	-1597.969	-1604.8232	42.208361	-1635.9762	-1590.0051	-1590.0032
190	190	-995.01395	-974.34896	-980.38242	20.664989	-990.39341	-961.09053	-965.92677
191	191	-2540.7489	-2537.8731	-2544.1778	2.8758647	-2536.8868	-2527.1311	-2529.9206
192	192	-1829.0666	-1796.8841	-1802.9162	32.182553	-1824.9489	-1789.0874	-1789.0867
193	193	-3535.3846	-3490.1431	-3496.9598	45.241485	-3514.854	-3483.0476	-3483.0435
194	194	-1783.3299	-1772.316	-1778.4337	11.013899	-1779.1868	-1762.6128	-1763.9475
195	195	-1246.7809	-1147.5339	-1154.4113	99.246981	-1222.4986	-1139.4599	-1139.4593
196	196	-2095.2178	-2062.3559	-2068.9137	32.861849	-2091.233	-2052.5181	-2054.5906
197	197	-2102.9043	-2054.0656	-2060.1449	48.83874	-2098.9118	-2045.6068	-2046.5623
198	198	-1869.6304	-1871.2348	-1874.275	-1.6043724	-1865.5391	-1861.9679	-1863.1126
199	199	-1248.2247	-1238.009	-1244.2084	10.215683	-1243.8592	-1229.4607	-1229.8031
200	200	-1917.6329	-1891.9871	-1898.0727	25.64575	-1913.5724	-1884.2402	-1884.2401
201	201	-1232.4485	-1213.1657	-1220.3842	19.282793	-1228.0472	-1201.733	-1204.649
202	202	-2961.9478	-2927.2522	-2934.7341	34.695651	-2958.2078	-2917.8656	-2919.5424
203	203	-1609.6636	-1599.5684	-1605.3815	10.095206	-1605.4463	-1587.476	-1591.416
204	204	-2689.6606	-2664.4656	-2670.1004	25.195055	-2685.8337	-2651.7362	-2657.1046
205	205	-1681.1764	-1639.9035	-1645.9643	41.272978	-1676.9711	-1632.0733	-1632.0718
206	206	-1757.0485	-1746.4617	-1752.5271	10.586773	-1752.8869	-1736.8131	-1738.4373
207	207	-2110.2051	-2089.5843	-2095.657	20.620798	-2106.2051	-2080.49	-2081.8809
208	208	-3572.5414	-3549.17	-3555.2473	23.371437	-3568.9377	-3542.0753	-3542.0753
209	209	-1608.0145	-1577.5898	-1583.6518	30.424739	-1603.7982	-1569.3156	-1569.3175
210	210	-2493.0135	-2467.0157	-2473.1128	25.997895	-2489.1394	-2459.5481	-2459.5461
211	211	-3100.7302	-3094.9769	-3101.0367	5.7532472	-3096.9875	-3085.8322	-3087.5075
212	212	-2937.2546	-2926.0911	-2933.0048	11.163482	-2933.4905	-2912.7212	-2918.2118
213	213	-1810.0719	-1750.2704	-1756.2206	59.801488	-1789.1881	-1740.2189	-1742.6527
214	214	-2863.9928	-2864.2584	-2868.9255	-0.26553942	-2860.2122	-2846.3698	-2855.9971
215	215	-2066.8065	-2048.5255	-2055.7493	18.281021	-2062.817	-2034.2013	-2039.9679
216	216	-2444.2155	-2423.5039	-2427.9696	20.711546	-2440.3276	-2409.6417	-2415.9533
217	217	-2100.9308	-2061.8308	-2067.8913	39.100059	-2096.8777	-2053.3585	-2053.3602
218	218	-1948.9802	-1936.5635	-1942.6421	12.416705	-1944.9485	-1927.6044	-1928.7134
219	219	-1836.7721	-1750.3103	-1756.3874	86.461763	-1817.0692	-1742.7776	-1742.7773
220	220	-2427.3785	-2410.7369	-2416.3426	16.641643	-2423.5006	-2397.4174	-2403.1566
221	221	-1400.4786	-1369.5941	-1375.5262	30.884546	-1396.1403	-1359.3216	-1361.499
222	222	-2765.3785	-2755.5075	-2761.4197	9.8710025	-2761.6048	-2743.4694	-2748.0057
223	223	-3066.4959	-3056.396	-3062.2895	10.099939	-3061.1549	-3044.1554	-3047.1662
224	224	-2096.2525	-2085.565	-2091.6984	10.687563	-2091.7547	-2070.6595	-2077.0571
225	225	-1935.5713	-1865.041	-1871.3722	70.530294	-1912.1033	-1855.9156	-1857.7968
226	226	-2042.8961	-2002.9495	-2009.0231	39.946582	-2038.8692	-1995.0386	-1995.3544
227	227	-1662.8709	-1632.5035	-1638.5791	30.36744	-1658.6669	-1623.6337	-1624.5903
228	228	-2271.8613	-2262.5186	-2268.4231	9.3426209	-2267.9183	-2248.6992	-2254.7623
229	229	-1204.7362	-1135.5801	-1141.6527	69.156152	-1200.2884	-1127.4999	-1127.4998
230	230	-1946.913	-1932.5268	-1938.5695	14.386123	-1942.8417	-1923.6131	-1924.1813
231	231	-2742.3845	-2723.7012	-2729.7747	18.683378	-2738.584	-2714.5111	-2716.2871
232	232	-2602.2442	-2563.0535	-2569.0833	39.190774	-2598.4119	-2554.3282	-2555.7178
233	233	-2887.3291	-2868.508	-2874.5701	18.821033	-2883.5506	-2859.6611	-2861.168
234	234	-1438.8617	-1403.5299	-1409.6	35.33172	-1434.5612	-1394.1109	-1395.5757
235	235	-1201.1929	-1184.1139	-1191.3575	17.07903	-1196.7856	-1174.4778	-1175.5834
236	236	-2441.7605	-2442.4881	-2446.4215	-0.72759766	-2437.8811	-2432.5235	-2434.7618
237	237	-2842.0703	-2838.3188	-2845.0579	3.7515015	-2838.2955	-2820.5271	-2829.6681
238	238	-1096.0438	-1069.0894	-1073.634	26.954439	-1091.5419	-1056.3419	-1060.7582
239	239	-1919.3026	-1878.53	-1885.0116	40.772534	-1915.2253	-1868.9656	-1870.9633
240	240	-1357.3128	-1321.8029	-1327.87	35.509858	-1352.9794	-1312.9775	-1313.7263
241	241	-2106.5807	-2103.5558	-2109.5881	3.0249086	-2102.5949	-2087.5984	-2095.5186
242	242	-1141.2774	-1107.3176	-1113.3637	33.959811	-1136.7808	-1098.2418	-1099.0053
243	243	-1158.5096	-1122.0015	-1128.0826	36.508107	-1154.0804	-1113.8053	-1113.8058
244	244	-1971.8855	-1942.3608	-1948.4369	29.524642	-1967.8085	-1931.7232	-1934.6418
245	245	-2372.6408	-2313.6535	-2321.6363	58.987352	-2350.0447	-2302.4723	-2305.9955
246	246	-2177.6102	-2161.6083	-2168.1283	16.001949	-2173.6456	-2151.9094	-2153.908
247	247	-2184.112	-2146.3076	-2152.824	37.80447	-2180.158	-2138.4908	-2138.7883
248	248	-1629.3386	-1595.7571	-1601.8131	33.581546	-1625.124	-1585.8899	-1587.8755
249	249	-1599.4211	-1570.7859	-1576.8692	28.635222	-1595.2128	-1562.4026	-1562.8648
250	250	-1490.2769	-1481.7413	-1487.2506	8.5355998	-1485.9991	-1473.2263	-1473.6608
251	251	-1765.6048	-1747.5876	-1754.2495	18.017156	-1761.4382	-1738.7258	-1739.4569
252	252	-2205.5663	-2182.2032	-2188.2772	23.363101	-2201.6221	-2172.9249	-2174.6088
253	253	-1476.0745	-1472.8286	-1478.9911	3.2459161	-1470.9566	-1462.2887	-1463.3444
254	254	-1425.2952	-1400.1538	-1406.2041	25.141404	-1420.941	-1392.0679	-1392.0686
255	255	-2603.2468	-2578.3644	-2586.1545	24.882434	-2599.4106	-2567.0813	-2570.3708
256	256	-2103.4558	-2101.1042	-2107.0733	2.3515634	-2099.4817	-2089.3949	-2093.355
257	257	-2564.423	-2526.3038	-2532.6482	38.119139	-2560.5866	-2517.4418	-2519.2354
258	258	-2316.2176	-2312.0158	-2318.3671	4.2018169	-2312.3162	-2301.6334	-2304.0323
259	259	-1702.6521	-1680.105	-1686.6206	22.547109	-1698.4833	-1670.9883	-1671.466
260	260	-2239.0826	-2218.2485	-2224.7164	20.834071	-2235.1508	-2209.361	-2210.6691
261	261	-2777.7089	-2779.6592	-2782.3774	-1.9503491	-2773.9035	-2769.6287	-2773.997
262	262	-2311.8697	-2307.1451	-2315.2001	4.724542	-2307.9756	-2296.9516	-2297.8882
263	263	-2029.1258	-2017.4723	-2023.5575	11.653503	-2025.1183	-2007.745	-2009.6719
264	264	-1965.1248	-1943.5672	-1950.0133	21.557591	-1961.0609	-1933.2597	-1935.6911
265	265	-2052.264	-2028.9374	-2035.1508	23.326616	-2048.2698	-2021.3059	-2021.4091
266	266	-3420.8394	-3413.489	-3420.6278	7.3504019	-3417.2093	-3397.9911	-3406.6809
267	267	-1444.3393	-1431.748	-1441.4507	12.591264	-1440.0605	-1421.546	-1423.0993
268	268	-2101.8458	-2092.8399	-2098.9055	9.0058971	-2097.7111	-2081.6021	-2084.5318
269	269	-2370.9732	-2349.2948	-2355.7542	21.678405	-2367.0958	-2341.9079	-2341.9071
270	270	-1974.5712	-1905.834	-1911.893	68.73725	-1952.0626	-1898.3212	-1898.3215
271	271	-1783.3828	-1729.5317	-1735.6195	53.851128	-1759.6421	-1720.8433	-1720.8576
272	272	-2374.9478	-2353.7878	-2360.2043	21.160017	-2371.0546	-2344.2123	-2346.3197
273	273	-2335.7229	-2323.61	-2329.6835	12.112842	-2331.8139	-2314.7251	-2315.9369
274	274	-1947.1171	-1907.547	-1913.6376	39.570107	-1943.067	-1899.8881	-1899.8889
275	275	-1220.7907	-1204.8481	-1210.9259	15.942674	-1216.3829	-1195.1163	-1196.5229
276	276	-1582.0587	-1555.423	-1561.4955	26.635657	-1577.8295	-1547.4448	-1547.4442
277	277	-2445.6166	-2419.2443	-2425.6563	26.372327	-2441.7504	-2410.6453	-2411.9789
278	278	-2006.9416	-1968.3551	-1974.4211	38.586513	-2002.9044	-1960.706	-1960.7061
279	279	-3123.9837	-3109.6551	-3115.604	14.328685	-3120.2484	-3097.9852	-3102.2929
280	280	-2108.7405	-2056.0824	-2062.1524	52.658081	-2092.7583	-2048.569	-2048.5675
281	281	-1795.2441	-1740.8445	-1746.928	54.39955	-1771.7843	-1733.1741	-1733.174
282	282	-1734.1991	-1717.0865	-1722.9207	17.112576	-1730.0415	-1705.6917	-1709.1254
283	283	-2326.2335	-2279.0707	-2285.3887	47.162863	-2302.7273	-2271.9631	-2271.9632
284	284	-1875.0069	-1826.0137	-1832.0716	48.99318	-1870.926	-1818.1988	-1818.3732
285	285	-2679.9268	-2643.7601	-2650.0841	36.166699	-2676.1099	-2636.6753	-2636.6754
286	286	-2198.3999	-2129.8762	-2136.2407	68.5237	-2174.6976	-2122.7971	-2122.797
287	287	-2793.1801	-2786.4402	-2793.9535	6.7399474	-2789.3697	-2775.14	-2778.5352
288	288	-1873.0189	-1831.9581	-1838.0002	41.060794	-1868.9137	-1824.2462	-1824.2464
289	289	-1813.7372	-1795.4704	-1801.5541	18.266779	-1809.6111	-1787.3826	-1787.5663
290	290	-1655.2634	-1621.7617	-1627.827	33.501698	-1651.0714	-1612.2086	-1613.9
291	291	-1442.9712	-1398.8647	-1404.9368	44.106565	-1438.6708	-1390.8059	-1390.9393
292	292	-1878.5557	-1869.3233	-1875.4246	9.2323457	-1874.4644	-1860.5759	-1861.3895
293	293	-2551.0462	-2545.4054	-2551.4566	5.6408172	-2547.2064	-2535.7645	-2537.7579
294	294	-2344.9158	-2326.9163	-2333.5908	17.999486	-2341.0205	-2316.3905	-2319.3759
295	295	-2964.368	-2965.0025	-2968.9946	-0.63450463	-2960.6291	-2956.1579	-2957.3624
296	296	-2513.6837	-2475.3406	-2481.0082	38.343149	-2509.8138	-2463.0497	-2467.9564
297	297	-1202.3907	-1164.7542	-1171.9263	37.636562	-1197.9507	-1155.416	-1155.414
298	298	-2536.4778	-2528.9123	-2535.3454	7.5655332	-2532.6462	-2518.7786	-2520.7306
299	299	-1932.4369	-1924.8592	-1931.4424	7.5776868	-1928.3845	-1915.5467	-1916.8993
300	300	-1682.9618	-1657.1876	-1663.8764	25.774248	-1678.7718	-1647.5748	-1649.0529
301	301	-2993.3238	-2968.0221	-2974.3298	25.301773	-2989.5698	-2959.4174	-2961.0124
302	302	-2288.2654	-2242.8589	-2249.0137	45.406454	-2284.1506	-2234.5113	-2234.5227
303	303	-2477.7723	-2459.9298	-2466.3811	17.842559	-2473.8951	-2449.2204	-2451.6
304	304	-2376.3293	-2367.8717	-2374.0548	8.4575571	-2372.4455	-2355.0778	-2360.3046
305	305	-3090.6882	-3083.3355	-3089.3933	7.3526581	-3086.9686	-3074.9916	-3075.9114
306	306	-1257.1531	-1241.7998	-1247.8709	15.353287	-1252.7629	-1230.1256	-1233.5103
307	307	-1400.2491	-1371.1564	-1378.1182	29.092715	-1395.9589	-1362.4468	-1362.9041
308	308	-2745.8178	-2736.4436	-2742.8618	9.3742289	-2742.0176	-2724.9267	-2729.0283
309	309	-2448.918	-2422.8015	-2429.1849	26.116497	-2444.8687	-2413.5699	-2414.8573
310	310	-3685.9128	-3681.042	-3687.6972	4.8708063	-3682.3723	-3665.1177	-3674.0929
311	311	-2219.5663	-2195.5369	-2201.7339	24.029341	-2214.0351	-2183.0332	-2185.8038
312	312	-2420.5475	-2410.0134	-2416.8665	10.534121	-2416.6454	-2400.4511	-2402.662
313	313	-2503.6011	-2489.5002	-2495.5638	14.100892	-2499.7287	-2477.1788	-2481.8995
314	314	-3291.9436	-3277.3174	-3283.1797	14.626233	-3288.2951	-3264.5723	-3269.837
315	315	-1795.494	-1772.1719	-1778.2293	23.322115	-1791.3252	-1763.4301	-1764.2834
316	316	-2518.924	-2497.2218	-2503.4593	21.702178	-2515.055	-2485.1225	-2489.3245
317	317	-2139.0786	-2136.8056	-2142.7487	2.2730619	-2135.1145	-2127.953	-2128.6416
318	318	-1673.1332	-1632.3101	-1638.2768	40.823153	-1668.9561	-1620.8681	-1624.1741
319	319	-1652.0163	-1633.2871	-1639.9953	18.729262	-1647.8555	-1622.9043	-1625.1048
320	320	-1838.3332	-1800.9398	-1807.0063	37.393316	-1834.2132	-1792.4662	-1792.5198
321	321	-3267.9136	-3250.6573	-3257.0169	17.256294	-3264.2324	-3240.4202	-3243.4644
322	322	-1240.7215	-1206.0523	-1212.1352	34.669178	-1236.3152	-1196.8103	-1197.8757
323	323	-1922.4447	-1894.1027	-1900.8633	28.342021	-1918.3917	-1886.3132	-1886.3085
324	324	-1371.5215	-1350.8538	-1356.9209	20.66763	-1367.1697	-1342.022	-1342.6909
325	325	-1430.5332	-1396.6902	-1402.125	33.842972	-1426.2382	-1382.1311	-1388.3105
326	326	-3380.7638	-3372.6334	-3379.5132	8.1303609	-3376.518	-3360.9621	-3363.8243
327	327	-1407.9272	-1396.5943	-1403.1972	11.332902	-1403.6348	-1387.2204	-1388.0832
328	328	-2292.3653	-2286.3798	-2294.6538	5.9855084	-2288.4599	-2272.429	-2278.3259
329	329	-2348.9831	-2341.9081	-2347.9911	7.0749865	-2345.0988	-2331.39	-2334.2078
330	330	-1167.15	-1123.9151	-1129.9693	43.2349	-1162.6906	-1114.0087	-1115.7069
331	331	-1244.7496	-1166.855	-1172.9292	77.894586	-1225.2437	-1158.8478	-1158.8474
332	332	-2383.6452	-2357.7217	-2364.1523	25.923494	-2379.7329	-2349.046	-2350.3264
333	333	-2800.8226	-2797.0007	-2804.2474	3.8219317	-2797.0488	-2788.9877	-2789.8357
334	334	-2466.0675	-2442.4361	-2449.0066	23.631425	-2462.2064	-2434.2081	-2435.4459
335	335	-2133.0081	-2090.8317	-2097.3323	42.176396	-2129.0331	-2083.3419	-2083.33
336	336	-1441.2632	-1416.8734	-1422.9682	24.389895	-1436.9579	-1406.698	-1408.8531
337	337	-2194.4806	-2184.3535	-2190.8829	10.12702	-2190.5286	-2176.0957	-2176.5485
338	338	-2008.077	-2000.9065	-2007.0265	7.1705672	-2004.0559	-1988.8272	-1992.91
339	339	-2886.7829	-2865.9872	-2872.0653	20.795767	-2883.0083	-2858.6506	-2858.6508
340	340	-1301.3474	-1278.0451	-1285.257	23.302299	-1297.0004	-1266.8924	-1269.5567
341	341	-3536.5844	-3527.5444	-3534.0569	9.0400363	-3532.9909	-3519.8947	-3520.7569
342	342	-3091.8074	-3085.8437	-3091.0162	5.9637141	-3088.0791	-3076.2607	-3077.977
343	343	-2800.0022	-2794.0356	-2798.5017	5.9665803	-2796.221	-2775.8512	-2786.4089
344	344	-2358.3562	-2342.9664	-2349.0418	15.38986	-2354.4434	-2335.0458	-2335.3408
345	345	-2473.2322	-2453.0689	-2459.1308	20.163344	-2469.363	-2441.8888	-2445.5683
346	346	-2344.3355	-2326.6278	-2332.7045	17.707633	-2340.4223	-2319.0178	-2319.0178
347	347	-3238.9726	-3227.0681	-3234.3093	11.90446	-3235.2895	-3219.2566	-3219.2872
348	348	-2652.4128	-2628.5055	-2634.5618	23.907318	-2648.5977	-2615.8813	-2621.1104
349	349	-2314.3489	-2290.0687	-2295.2687	24.280149	-2310.4205	-2276.5767	-2282.5162
350	350	-1903.8512	-1875.5895	-1881.6537	28.261739	-1899.7852	-1867.1861	-1867.856
351	351	-2816.5037	-2780.9449	-2787.2	35.558824	-2800.0513	-2773.2565	-2773.8802
352	352	-1600.6158	-1573.2079	-1579.2435	27.407915	-1596.3851	-1564.7456	-1565.2562
353	353	-1134.3955	-1096.1279	-1102.205	38.267557	-1129.9079	-1087.047	-1087.8535
354	354	-2496.7793	-2494.8842	-2500.8221	1.8951167	-2492.9278	-2483.9515	-2487.0281
355	355	-2458.9747	-2442.7262	-2448.8149	16.248491	-2455.1226	-2434.3889	-2435.1901
356	356	-2537.771	-2525.9566	-2532.0303	11.814336	-2533.9094	-2515.7292	-2518.3734
357	357	-2530.2961	-2524.7508	-2531.0715	5.5453397	-2526.4449	-2510.1353	-2516.912
358	358	-1688.4221	-1667.8321	-1674.2275	20.589947	-1683.4838	-1654.5207	-1657.9241
359	359	-1698.1781	-1657.5846	-1663.6544	40.593498	-1693.9996	-1649.7772	-1649.7755
360	360	-2962.7034	-2953.5734	-2960.5179	9.1299211	-2958.5002	-2942.3926	-2945.6474
361	361	-2181.3741	-2157.7434	-2163.7987	23.63071	-2175.6025	-2147.8115	-2147.8094
362	362	-3763.1094	-3760.4688	-3767.121	2.6405411	-3759.5649	-3744.7923	-3753.4761
363	363	-1490.9874	-1479.1531	-1485.2967	11.834276	-1486.1311	-1469.2214	-1469.9378
364	364	-2091.4846	-2081.975	-2087.9028	9.5095935	-2087.49	-2071.685	-2074.1098
365	365	-1736.18	-1725.5646	-1731.4709	10.615326	-1732.0444	-1711.9736	-1717.3051
366	366	-1170.3267	-1140.0172	-1146.0978	30.309463	-1165.8799	-1129.6865	-1131.7549
367	367	-1991.7082	-1934.7796	-1940.8526	56.928529	-1987.6721	-1927.2358	-1927.2357
368	368	-2675.0495	-2641.3714	-2647.1801	33.67804	-2671.253	-2630.9472	-2634.0595
369	369	-2458.4116	-2435.1351	-2441.5564	23.276518	-2454.5368	-2427.0312	-2427.8039
370	370	-1925.997	-1898.2513	-1904.0257	27.745687	-1921.9424	-1886.8754	-1890.539
371	371	-2247.2168	-2216.0351	-2223.4589	31.181676	-2243.2751	-2201.8763	-2207.8824
372	372	-1960.8378	-1933.8185	-1939.9044	27.019331	-1956.8218	-1926.1432	-1926.1437
373	373	-3131.2079	-3112.9076	-3119.3335	18.300227	-3127.1653	-3105.2213	-3105.2045
374	374	-1453.0928	-1409.376	-1415.4289	43.716791	-1448.8183	-1401.3195	-1401.426
375	375	-1027.3649	-1018.651	-1024.5275	8.7138989	-1022.7942	-1008.5485	-1009.9739
376	376	-2443.843	-2394.322	-2400.3958	49.521002	-2424.2888	-2383.2304	-2386.9714
377	377	-2167.2031	-2128.9906	-2135.0534	38.212474	-2163.244	-2119.8206	-2121.4643
378	378	-2617.8509	-2608.3452	-2614.4398	9.5057946	-2614.0068	-2598.8086	-2600.7532
379	379	-2146.1547	-2119.2364	-2125.6636	26.918328	-2141.4138	-2110.3097	-2110.292
380	380	-2348.173	-2336.2946	-2342.366	11.878395	-2344.2643	-2328.4649	-2328.6121
381	381	-1904.6155	-1886.913	-1893.7399	17.702526	-1900.5494	-1878.6121	-1878.9515
382	382	-3635.613	-3617.1271	-3623.4311	18.485959	-3632.0446	-3608.4215	-3610.2694
383	383	-1392.4351	-1367.389	-1373.4206	25.046155	-1388.1222	-1359.2807	-1359.2802
384	384	-1510.3374	-1479.3893	-1485.4602	30.948086	-1506.0499	-1471.3902	-1471.3902
385	385	-1562.3107	-1496.6723	-1503.2337	65.638364	-1558.0295	-1488.8847	-1488.8827
386	386	-1194.1928	-1158.899	-1164.9727	35.293773	-1189.7402	-1150.6817	-1150.6816
387	387	-1615.9659	-1607.176	-1614.1507	8.7898617	-1611.7621	-1597.6416	-1598.9943
388	388	-2247.3553	-2232.2979	-2238.3738	15.057402	-2243.4291	-2222.8084	-2224.6505
389	389	-1605.9874	-1571.2625	-1578.7332	34.724934	-1601.7621	-1560.108	-1563.0653
390	390	-1673.5607	-1635.9348	-1642.0114	37.625879	-1669.2344	-1624.0496	-1626.9167
391	391	-1537.4237	-1509.7236	-1515.8186	27.700129	-1533.1683	-1498.826	-1501.2329
392	392	-2929.8972	-2900.1424	-2906.1971	29.754797	-2926.1398	-2891.6055	-2892.8713
393	393	-2697.859	-2660.5293	-2666.599	37.329696	-2694.0463	-2653.2724	-2653.2722
394	394	-1528.4207	-1495.0887	-1501.12	33.331994	-1524.1603	-1486.0678	-1487.1563
395	395	-2111.5185	-2088.4979	-2094.2084	23.020653	-2107.5293	-2077.3643	-2080.8196
396	396	-2392.9052	-2352.0081	-2358.066	40.897101	-2377.4692	-2344.6223	-2344.622
397	397	-1550.0907	-1519.7082	-1525.7949	30.382446	-1545.8463	-1511.7566	-1511.7568
398	398	-1464.6696	-1452.5159	-1458.4625	12.153677	-1460.3459	-1440.3703	-1444.3588
399	399	-1797.3802	-1754.7929	-1760.8581	42.587324	-1793.2412	-1747.0832	-1747.0836
400	400	-2160.3344	-2133.5819	-2140.0424	26.752517	-2156.3547	-2126.0389	-2126.0148
401	401	-1387.5175	-1364.5194	-1370.3781	22.998122	-1383.1954	-1352.347	-1356.3984
402	402	-2379.6904	-2350.1579	-2356.6231	29.532474	-2373.6824	-2340.1308	-2340.1051
403	403	-2470.1597	-2437.3566	-2443.4283	32.80303	-2466.2858	-2429.9555	-2429.9569
404	404	-2054.7551	-2006.0206	-2012.1054	48.73449	-2031.0312	-1997.5924	-1997.5917
405	405	-2222.6128	-2196.2042	-2202.8878	26.408622	-2218.6383	-2188.6343	-2188.6329
406	406	-1512.36	-1479.8435	-1486.5286	32.516505	-1508.0457	-1468.4366	-1471.4982
407	407	-2112.8651	-2070.728	-2076.7609	42.137097	-2108.865	-2063.1445	-2063.1445
408	408	-1646.1936	-1622.7441	-1628.8097	23.449485	-1641.9743	-1614.3665	-1614.7928
409	409	-1838.1051	-1818.0032	-1823.8999	20.101857	-1834.0061	-1805.4023	-1810.1395
410	410	-1811.793	-1793.1997	-1799.2577	18.5933	-1807.6447	-1782.8937	-1785.2698
411	411	-4424.3804	-4403.267	-4409.4852	21.113483	-4410.9881	-4395.7831	-4396.5156
412	412	-2014.6342	-1987.863	-1993.9344	26.771182	-2010.6092	-1980.1686	-1980.1717
413	413	-1809.1785	-1792.2349	-1798.9924	16.943536	-1805.0644	-1781.4115	-1784.0455
414	414	-2251.1135	-2210.4199	-2216.4757	40.693616	-2247.1697	-2199.4574	-2202.9345
415	415	-2680.5964	-2666.4462	-2672.291	14.150209	-2676.738	-2654.7296	-2658.9647
416	416	-2549.2775	-2533.4802	-2539.9169	15.797359	-2545.4177	-2524.6192	-2526.0528
417	417	-1716.7823	-1696.7907	-1702.8774	19.991537	-1712.6069	-1686.4612	-1688.8498
418	418	-2208.4485	-2182.3903	-2188.6798	26.058232	-2203.7213	-2169.3853	-2173.2211
419	419	-2880.1863	-2867.6097	-2873.7126	12.576559	-2876.4046	-2857.9708	-2860.2095
420	420	-2775.7908	-2768.6772	-2775.125	7.1135493	-2771.9863	-2756.0233	-2761.2462
421	421	-2358.7279	-2340.3639	-2346.7201	18.36407	-2354.8043	-2329.8921	-2332.9435
422	422	-3000.6614	-2968.2203	-2977.4319	32.441081	-2996.9034	-2960.917	-2960.9163
423	423	-1757.398	-1723.1861	-1729.0928	34.211985	-1753.2388	-1712.4938	-1715.3569
424	424	-1411.2861	-1378.0658	-1384.1381	33.220231	-1406.9705	-1368.1487	-1370.071
425	425	-2527.229	-2497.536	-2503.9258	29.693005	-2523.3868	-2490.4324	-2490.4285
426	426	-1546.703	-1512.9305	-1519.7631	33.772505	-1542.4431	-1502.3638	-1504.6294
427	427	-1903.1905	-1874.5121	-1880.5463	28.678408	-1899.0794	-1866.5354	-1866.7102
428	428	-1476.0133	-1459.3875	-1465.5508	16.625752	-1471.7354	-1451.3443	-1451.3441
429	429	-1368.6664	-1337.4757	-1343.5441	31.1907	-1364.3719	-1328.9215	-1329.4256
430	430	-1972.2072	-1973.2636	-1976.8883	-1.056409	-1968.1695	-1966.2063	-1966.2151
431	431	-2232.0201	-2210.8891	-2217.0054	21.131042	-2228.091	-2202.1624	-2203.3051
432	432	-1924.4483	-1870.5609	-1876.6265	53.88743	-1920.37	-1862.964	-1862.9643
433	433	-2613.2296	-2609.6258	-2615.9211	3.6038298	-2609.3673	-2601.5414	-2601.5874
434	434	-2148.1657	-2121.6431	-2128.1116	26.522602	-2144.1909	-2113.3223	-2114.0886
435	435	-2174.7377	-2139.7983	-2145.8427	34.939448	-2170.7571	-2132.2423	-2132.2421
436	436	-1765.4453	-1748.6176	-1754.7108	16.827693	-1761.3091	-1740.1567	-1740.6732
437	437	-1318.6018	-1290.2629	-1297.3271	28.338812	-1314.2346	-1279.0422	-1281.6793
438	438	-2937.9877	-2910.0604	-2916.1377	27.927306	-2934.0104	-2901.6425	-2902.1833
439	439	-2956.0013	-2937.3279	-2943.7201	18.673394	-2951.7708	-2925.1614	-2929.5085
440	440	-1746.185	-1707.0134	-1713.0605	39.171543	-1742.0162	-1699.0346	-1699.1813
441	441	-3210.6456	-3193.4468	-3199.7871	17.198822	-3206.9811	-3185.6711	-3186.4493
442	442	-3533.047	-3531.2679	-3537.627	1.7791425	-3528.963	-3519.002	-3523.3133
443	443	-2536.9354	-2511.6469	-2517.7398	25.288447	-2533.0627	-2503.8516	-2504.154
444	444	-2426.3234	-2407.6055	-2413.6512	18.717931	-2421.9432	-2396.0531	-2399.1142
445	445	-2991.5686	-2976.7853	-2983.2357	14.783205	-2987.8488	-2964.8689	-2969.6907
446	446	-1642.9863	-1587.8095	-1593.9152	55.176723	-1638.8007	-1580.1029	-1580.1026
447	447	-2311.7735	-2297.6378	-2303.6811	14.135726	-2307.558	-2287.5638	-2289.2798
448	448	-1507.3295	-1491.6256	-1497.4668	15.70393	-1503.083	-1477.6878	-1483.5335
449	449	-3672.9742	-3668.1158	-3674.8118	4.8583818	-3669.397	-3650.8892	-3661.064
450	450	-2480.1803	-2467.0804	-2473.3085	13.099925	-2476.304	-2459.5906	-2459.65
451	451	-2245.7584	-2217.796	-2223.9761	27.962322	-2241.8221	-2206.5493	-2210.1872
452	452	-2716.6867	-2718.6481	-2721.2892	-1.9614753	-2712.8563	-2710.8761	-2712.2775
453	453	-1894.7479	-1864.0848	-1870.1484	30.66319	-1890.6866	-1853.6985	-1855.8145
454	454	-2101.4462	-2095.9778	-2101.4678	5.4683717	-2097.4721	-2088.2544	-2088.254
455	455	-3218.0642	-3208.7101	-3214.7485	9.3540973	-3214.3929	-3198.4646	-3201.347
456	456	-2663.9396	-2651.2844	-2657.352	12.655143	-2660.1124	-2642.4128	-2643.7764
457	457	-2440.4741	-2427.4642	-2433.5328	13.009915	-2436.0031	-2415.1756	-2418.8948
458	458	-2149.1458	-2124.3551	-2130.4247	24.790661	-2145.1647	-2115.3472	-2116.7482
459	459	-2437.3168	-2434.0587	-2437.6357	3.2581524	-2433.4155	-2416.656	-2426.0677
460	460	-3034.538	-3000.8744	-3006.9754	33.663611	-3030.802	-2992.6563	-2993.6595
461	461	-1941.8397	-1887.8457	-1893.9375	53.994025	-1937.7687	-1880.2681	-1880.268
462	462	-2222.5495	-2214.3993	-2220.5162	8.1501249	-2218.5982	-2204.9493	-2205.8678
463	463	-1656.7259	-1613.3606	-1619.433	43.365287	-1652.0664	-1602.6538	-1604.037
464	464	-2700.0734	-2658.9617	-2666.8457	41.111728	-2696.2772	-2648.4271	-2651.0667
465	465	-2736.9518	-2713.1124	-2719.5576	23.839456	-2733.1599	-2705.8758	-2705.8701
466	466	-2171.1442	-2133.0564	-2139.4432	38.087769	-2167.1697	-2125.3413	-2125.7209
467	467	-1885.1986	-1877.6642	-1883.8916	7.5344059	-1881.1045	-1867.7833	-1869.855
468	468	-2109.0589	-2084.0365	-2089.8884	25.022304	-2105.0597	-2072.5144	-2076.3844
469	469	-1871.6951	-1805.4158	-1811.4989	66.279286	-1867.6028	-1797.8255	-1797.8463
470	470	-2592.8057	-2588.8951	-2594.9961	3.9106048	-2588.9706	-2576.559	-2581.1018
471	471	-2598.113	-2551.3116	-2557.696	46.801379	-2594.2714	-2542.0072	-2544.3338
472	472	-1468.4453	-1454.106	-1460.2006	14.339242	-1464.1378	-1443.1626	-1446.0168
473	473	-2611.7882	-2593.135	-2599.1807	18.65322	-2607.9745	-2584.5845	-2585.6742
474	474	-2198.2701	-2156.0127	-2161.8596	42.257372	-2194.3061	-2145.4125	-2148.5275
475	475	-1325.9371	-1292.951	-1299.9696	32.986122	-1321.6007	-1282.7655	-1284.4462
476	476	-2818.4021	-2801.6133	-2807.71	16.788865	-2814.6065	-2789.5541	-2794.1854
477	477	-1635.3624	-1603.6825	-1610.4507	31.679967	-1631.15	-1595.4432	-1595.6961
478	478	-1152.8064	-1095.6781	-1101.7367	57.128268	-1148.3448	-1086.2519	-1087.5134
479	479	-1521.2947	-1502.7152	-1508.7625	18.579515	-1517.0334	-1492.4272	-1494.6744
480	480	-1566.9523	-1522.3705	-1529.1235	44.581744	-1562.6659	-1514.1594	-1514.157
481	481	-2206.3725	-2178.1183	-2184.574	28.254165	-2202.4397	-2169.6413	-2170.6674
482	482	-2455.8506	-2431.5024	-2439.1895	24.348168	-2451.9969	-2422.9052	-2422.8964
483	483	-2402.4621	-2392.2653	-2398.7505	10.196825	-2398.5833	-2381.0436	-2384.065
484	484	-2324.5567	-2320.3628	-2326.5549	4.1938741	-2320.6651	-2312.5841	-2312.732
485	485	-3299.4388	-3285.3571	-3292.1273	14.081657	-3295.7624	-3278.6008	-3278.4397
486	486	-2051.9812	-2036.9818	-2043.0154	14.999463	-2047.9745	-2029.1764	-2029.2005
487	487	-3797.3039	-3799.256	-3801.9681	-1.9520082	-3792.9766	-3790.5928	-3793.7919
488	488	-2152.033	-2111.6387	-2117.7193	40.394343	-2133.4237	-2102.7522	-2102.7685
489	489	-1460.7252	-1429.3563	-1435.1447	31.368928	-1456.4711	-1417.3196	-1421.4051
490	490	-2085.2511	-2059.7625	-2065.0139	25.488562	-2081.271	-2044.4957	-2052.1111
491	491	-1481.6269	-1452.7769	-1458.8371	28.850036	-1477.3258	-1442.9655	-1444.7877
492	492	-2578.565	-2569.4405	-2579.4971	9.1245279	-2574.7472	-2558.83	-2562.0991
493	493	-2929.7493	-2900.4141	-2906.4473	29.33521	-2926.0213	-2892.3983	-2893.1283
494	494	-2788.9382	-2779.9347	-2790.7764	9.0034413	-2785.1542	-2770.3303	-2772.2913
495	495	-2342.547	-2331.4069	-2338.0214	11.140083	-2338.6131	-2322.6853	-2323.7684
496	496	-1692.3664	-1671.9696	-1678.2804	20.396761	-1688.2161	-1661.6487	-1663.9827
497	497	-2216.3041	-2208.4427	-2214.4989	7.8613855	-2212.3749	-2200.1664	-2200.6646
498	498	-1863.3754	-1831.2535	-1837.3286	32.121883	-1859.2575	-1822.5635	-1823.4756
499	499	-1952.3197	-1912.761	-1918.8342	39.558684	-1948.2627	-1904.5171	-1904.5612
