No.	ID	loglik_NUll	loglik_RES	loglik_all	log_ratio	loglik_Max1	loglik_Max2	loglik_Max3
0	0	-2256.5866	-2233.1574	-2239.2298	23.429168	-2252.6409	-2224.044	-2225.6554
1	1	-2864.7265	-2853.0409	-2858.7264	11.685631	-2860.9806	-2840.7941	-2845.7125
2	2	-1617.3545	-1619.153	-1622.0161	-1.7985646	-1612.7515	-1611.1849	-1612.5714
3	3	-2400.6317	-2385.1779	-2391.2463	15.453747	-2396.7363	-2374.7956	-2377.6522
4	4	-2744.3636	-2728.5216	-2734.5963	15.84202	-2740.5683	-2721.0914	-2721.1935
5	5	-2162.2397	-2148.2407	-2154.2874	13.998929	-2158.2627	-2140.022	-2140.6279
6	6	-1458.4443	-1434.9004	-1440.9426	23.543826	-1454.1423	-1426.3008	-1426.9431
7	7	-1499.2641	-1481.4278	-1487.5127	17.836292	-1495.0196	-1471.608	-1473.4048
8	8	-4270.8042	-4272.1912	-4275.6552	-1.3869817	-4267.2412	-4261.2708	-4265.4641
9	9	-1717.8803	-1702.8531	-1708.9149	15.027259	-1713.7182	-1692.7174	-1694.9644
10	10	-1897.4608	-1890.0562	-1895.7317	7.4046724	-1893.3782	-1872.4801	-1882.3476
11	11	-2940.6883	-2934.5577	-2940.2905	6.1306014	-2936.9439	-2923.7048	-2927.1674
12	12	-2531.623	-2524.8722	-2531.879	6.7507965	-2527.7484	-2513.6196	-2516.9768
13	13	-2293.4294	-2280.2642	-2286.2975	13.165244	-2288.3374	-2269.3357	-2271.1458
14	14	-1668.6181	-1661.6791	-1667.7489	6.9389799	-1664.4381	-1652.9861	-1653.6763
15	15	-2041.4076	-2035.5	-2041.7415	5.9075623	-2037.3864	-2027.426	-2027.8442
16	16	-2119.6391	-2117.6756	-2123.4003	1.9634695	-2115.6619	-2109.3715	-2109.8075
17	17	-1733.4804	-1706.9156	-1712.9748	26.564743	-1729.3303	-1699.1587	-1699.1577
18	18	-1663.7239	-1640.9449	-1647.0222	22.779008	-1659.5313	-1631.2317	-1633.1084
19	19	-1387.6119	-1328.8776	-1334.9208	58.734306	-1383.2849	-1320.5256	-1321.0497
20	20	-1347.985	-1334.7659	-1340.9349	13.219119	-1343.2817	-1324.7571	-1325.751
21	21	-2326.5522	-2294.386	-2300.4326	32.166249	-2307.4208	-2287.11	-2287.1103
22	22	-2178.0339	-2179.123	-2182.6899	-1.0890607	-2174.0886	-2167.9805	-2171.5095
23	23	-1965.6523	-1962.6039	-1968.6647	3.0483209	-1961.6026	-1948.4962	-1954.701
24	24	-2138.6447	-2122.3431	-2128.4306	16.301618	-2134.3682	-2113.8606	-2114.0574
25	25	-2032.7961	-2026.7795	-2032.8365	6.0166196	-2028.7937	-2016.865	-2019.0153
26	26	-2034.4664	-2021.0385	-2027.1235	13.427903	-2030.4498	-2012.3639	-2013.334
27	27	-1106.6711	-1055.669	-1061.7252	51.002025	-1102.1801	-1047.5608	-1047.5612
28	28	-1735.817	-1713.7971	-1719.8566	22.019922	-1731.651	-1703.5185	-1705.9873
29	29	-1854.9638	-1845.8485	-1851.9597	9.1152592	-1850.6094	-1835.5703	-1837.3491
30	30	-2436.1145	-2422.6804	-2429.4128	13.434128	-2432.2634	-2411.6982	-2414.7609
31	31	-1116.5296	-1097.4135	-1103.4641	19.116062	-1112.0433	-1087.9116	-1089.1206
32	32	-2264.448	-2247.0086	-2253.1316	17.439331	-2259.1732	-2233.8898	-2237.7814
33	33	-1819.132	-1784.4191	-1790.5007	34.712928	-1815.0216	-1776.775	-1776.7705
34	34	-1471.9336	-1420.3699	-1426.439	51.56369	-1453.0382	-1412.613	-1412.6134
35	35	-1656.7362	-1630.2278	-1639.2678	26.508357	-1652.5425	-1618.6125	-1621.4546
36	36	-1622.4846	-1606.3253	-1612.4035	16.15936	-1618.2846	-1597.8637	-1598.4252
37	37	-1502.9579	-1476.9596	-1483.0592	25.998238	-1498.682	-1468.8361	-1469.0768
38	38	-1482.397	-1470.882	-1476.9845	11.514978	-1478.105	-1461.3215	-1462.8348
39	39	-1691.7135	-1684.5346	-1690.8884	7.1788821	-1687.5395	-1673.437	-1676.6562
40	40	-1804.397	-1776.7857	-1782.832	27.611269	-1800.2735	-1768.388	-1769.0477
41	41	-1837.5774	-1830.2476	-1836.3223	7.329817	-1833.4875	-1819.6014	-1822.355
42	42	-1174.3437	-1166.6317	-1172.6904	7.7120007	-1169.9248	-1158.2758	-1158.2886
43	43	-1890.7878	-1881.7536	-1887.9062	9.0341293	-1886.2289	-1873.1307	-1873.1312
44	44	-1656.3972	-1630.8182	-1636.8726	25.578939	-1652.1743	-1622.4517	-1622.9482
45	45	-2483.2246	-2443.0701	-2449.1329	40.154525	-2479.3477	-2434.7551	-2435.8089
46	46	-2352.2126	-2321.1753	-2327.2442	31.037272	-2348.2993	-2308.922	-2313.4881
47	47	-2284.3916	-2263.7542	-2269.832	20.637366	-2280.4418	-2254.6005	-2256.2762
48	48	-2430.3737	-2428.1692	-2433.6812	2.2045273	-2426.5035	-2420.2209	-2421.0564
49	49	-1690.5698	-1651.6709	-1657.6083	38.898848	-1686.3477	-1640.4959	-1643.9645
50	50	-1875.0727	-1850.4406	-1856.5156	24.632097	-1871.0082	-1842.3282	-1842.7994
51	51	-2655.3617	-2640.7214	-2648.531	14.640362	-2650.8661	-2630.0236	-2631.1191
52	52	-1964.6681	-1965.0754	-1969.3362	-0.40730534	-1960.6451	-1956.9127	-1957.2448
53	53	-2883.008	-2876.3481	-2882.2156	6.6599296	-2879.2175	-2857.1237	-2868.928
54	54	-2094.6528	-2080.1282	-2086.2269	14.524692	-2090.6282	-2067.7473	-2072.4718
55	55	-1679.0621	-1625.3088	-1631.3362	53.753276	-1674.8484	-1615.9509	-1617.6451
56	56	-2121.0491	-2098.0653	-2104.1051	22.983821	-2117.0692	-2089.5228	-2090.1153
57	57	-1754.8945	-1740.238	-1746.3168	14.656446	-1750.7515	-1732.1284	-1732.3637
58	58	-1108.7879	-1070.6473	-1076.7074	38.140657	-1104.2786	-1060.1521	-1062.4795
59	59	-2243.971	-2230.1513	-2236.2353	13.8197	-2240.0156	-2220.2312	-2222.5769
60	60	-2233.081	-2221.8737	-2229.3726	11.207241	-2229.1394	-2212.3673	-2213.8055
61	61	-1974.722	-1948.8704	-1955.2731	25.851588	-1970.6642	-1941.2822	-1941.3184
62	62	-2200.3416	-2169.4254	-2175.4751	30.916164	-2186.0538	-2160.1038	-2160.177
63	63	-1791.2117	-1772.7682	-1778.6112	18.443514	-1787.079	-1759.1652	-1764.9557
64	64	-1772.7828	-1751.9241	-1758.0059	20.858703	-1768.6672	-1743.5415	-1744.1578
65	65	-2804.3701	-2779.4023	-2785.4909	24.9678	-2791.178	-2772.2009	-2772.2011
66	66	-1948.9321	-1927.3142	-1932.4136	21.617848	-1944.8699	-1914.5116	-1919.6481
67	67	-2411.2259	-2368.2059	-2374.2813	43.019911	-2398.2621	-2360.9986	-2360.9986
68	68	-2613.2591	-2610.9203	-2616.7265	2.3388389	-2609.4567	-2602.198	-2603.355
69	69	-2338.0293	-2319.492	-2325.7184	18.537294	-2334.1408	-2310.3845	-2312.165
70	70	-1706.7354	-1694.7486	-1700.8265	11.986773	-1702.5631	-1685.4933	-1686.4825
71	71	-1906.4521	-1901.5743	-1907.8239	4.8777985	-1902.414	-1891.6144	-1893.8922
72	72	-1255.8962	-1228.0649	-1234.115	27.831268	-1251.5128	-1219.9791	-1219.9789
73	73	-2759.9604	-2746.8249	-2753.3819	13.135512	-2756.176	-2734.5178	-2739.4443
74	74	-3645.2733	-3641.0986	-3647.161	4.1747856	-3640.6729	-3632.0138	-3632.7674
75	75	-2088.4037	-2074.885	-2080.9516	13.518723	-2084.4008	-2064.8885	-2067.2172
76	76	-2576.9375	-2559.1984	-2565.2352	17.739029	-2573.111	-2551.7933	-2551.794
77	77	-2660.1997	-2647.3999	-2653.465	12.799775	-2656.3687	-2637.0358	-2639.9851
78	78	-1970.0385	-1930.4509	-1938.6622	39.587588	-1965.723	-1920.9249	-1920.9138
79	79	-1934.0676	-1910.975	-1916.9231	23.092509	-1929.9924	-1901.0428	-1903.3328
80	80	-2640.2378	-2630.4154	-2636.1738	9.8224701	-2636.4242	-2619.1016	-2622.9488
81	81	-3508.249	-3495.9435	-3502.0212	12.305428	-3504.6278	-3486.2635	-3488.8297
82	82	-1185.9856	-1135.2904	-1141.3478	50.695208	-1181.5672	-1126.3494	-1127.3119
83	83	-2390.473	-2386.9143	-2393.2868	3.5587561	-2386.6046	-2366.8259	-2379.2421
84	84	-2555.1456	-2550.6816	-2560.2013	4.4640791	-2550.1444	-2535.496	-2540.8249
85	85	-1920.6768	-1885.386	-1891.4177	35.290794	-1916.585	-1877.78	-1877.7799
86	86	-1585.3615	-1527.1872	-1533.2686	58.17427	-1567.8614	-1519.5424	-1519.5424
87	87	-2143.6335	-2116.4394	-2122.5093	27.194132	-2139.6404	-2108.378	-2108.905
88	88	-1989.0795	-1974.8249	-1980.9867	14.254617	-1985.0387	-1964.942	-1967.1846
89	89	-1835.3126	-1825.7922	-1832.0011	9.52042	-1831.2101	-1816.5609	-1818.0691
90	90	-1853.2729	-1811.3529	-1817.4285	41.920042	-1849.1725	-1803.0398	-1803.0434
91	91	-2609.8961	-2606.3793	-2613.2863	3.5168135	-2606.0838	-2597.5921	-2599.3058
92	92	-1615.4765	-1594.3886	-1599.7638	21.087899	-1611.2689	-1581.3969	-1586.5136
93	93	-2081.8248	-2083.8356	-2086.3989	-2.0107207	-2076.8198	-2075.0382	-2076.1899
94	94	-1352.5636	-1339.4932	-1345.8277	13.070451	-1348.2065	-1330.3162	-1331.5351
95	95	-2877.6241	-2871.3789	-2877.7366	6.2451478	-2873.4801	-2855.6801	-2863.357
96	96	-1895.3629	-1887.2208	-1894.4237	8.1421548	-1891.2828	-1877.4559	-1878.8983
97	97	-2397.2229	-2379.9373	-2385.989	17.285554	-2392.4984	-2371.3149	-2371.3174
98	98	-1588.54	-1554.9346	-1560.9939	33.605333	-1584.3237	-1547.12	-1547.1202
99	99	-1920.2297	-1892.1433	-1898.2007	28.086417	-1916.1604	-1884.4866	-1884.4997
100	100	-1036.4773	-1012.2851	-1018.1909	24.192158	-1031.9018	-1000.0655	-1003.9227
101	101	-2209.901	-2198.2609	-2204.3487	11.640133	-2205.9663	-2188.8023	-2190.6404
102	102	-2103.1569	-2079.7898	-2085.0633	23.367072	-2099.1506	-2064.7054	-2071.7076
103	103	-1633.2946	-1594.1772	-1600.2461	39.117384	-1629.0976	-1586.2947	-1586.4387
104	104	-1183.7217	-1132.3573	-1138.4293	51.364311	-1179.2982	-1124.3228	-1124.3231
105	105	-1679.0217	-1650.6538	-1657.1266	28.367943	-1674.8317	-1640.5943	-1642.8296
106	106	-1885.9912	-1873.1163	-1879.1864	12.874831	-1881.9227	-1864.7065	-1865.3355
107	107	-2713.7329	-2702.9557	-2709.0357	10.777175	-2709.5099	-2694.8574	-2694.8559
108	108	-2233.8228	-2188.3509	-2194.4227	45.471826	-2229.8624	-2181.0109	-2181.0098
109	109	-2481.1146	-2473.1421	-2479.2187	7.9724751	-2477.2608	-2463.7856	-2465.5759
110	110	-1306.2481	-1279.6182	-1285.6793	26.629939	-1301.8603	-1270.9853	-1271.5423
111	111	-1851.4665	-1836.7447	-1842.815	14.721747	-1847.3799	-1826.2615	-1828.9688
112	112	-2696.562	-2681.4894	-2687.5458	15.072604	-2692.7654	-2672.6636	-2674.1697
113	113	-3518.14	-3499.2555	-3505.3346	18.884537	-3512.8639	-3491.4214	-3492.2128
114	114	-2958.7618	-2960.6127	-2962.5421	-1.8509602	-2955.0131	-2935.6902	-2954.6896
115	115	-2917.6303	-2899.4237	-2905.4849	18.206591	-2913.8576	-2890.2616	-2892.194
116	116	-3287.0958	-3283.0615	-3289.1237	4.0343587	-3283.4308	-3272.167	-3275.7328
117	117	-2637.7299	-2627.1381	-2633.4717	10.59179	-2633.9042	-2617.4355	-2619.9489
118	118	-2190.1382	-2172.0644	-2178.1196	18.073781	-2186.1732	-2164.4172	-2164.4728
119	119	-1683.5285	-1650.4383	-1656.3214	33.090203	-1679.3412	-1637.8061	-1642.6713
120	120	-1339.816	-1302.8346	-1308.8991	36.981421	-1335.4986	-1294.8947	-1294.894
121	121	-2177.3101	-2152.7076	-2158.7798	24.60255	-2173.3609	-2145.1966	-2145.1965
122	122	-1431.0986	-1406.2365	-1412.2686	24.862143	-1426.8067	-1395.0938	-1398.4899
123	123	-1229.2297	-1214.4543	-1220.3414	14.775374	-1224.8067	-1203.1584	-1206.2105
124	124	-1433.5129	-1392.253	-1398.3258	41.259952	-1429.2396	-1383.6994	-1384.4372
125	125	-1796.8296	-1784.9736	-1790.5842	11.856044	-1792.695	-1772.7252	-1777.0867
126	126	-1281.9915	-1245.9117	-1251.9674	36.0798	-1277.6309	-1237.9331	-1237.9336
127	127	-2665.7744	-2667.2551	-2670.3954	-1.4806628	-2661.9439	-2659.2706	-2659.8872
128	128	-1296.6874	-1269.6519	-1275.7234	27.03551	-1292.3203	-1261.009	-1261.593
129	129	-2058.0482	-2048.7684	-2054.8224	9.2798807	-2054.0257	-2039.1478	-2041.0381
130	130	-2300.4975	-2283.4635	-2289.5639	17.034022	-2296.5419	-2273.431	-2275.9282
131	131	-1849.6789	-1827.2189	-1833.3219	22.459999	-1845.5933	-1816.1784	-1819.5358
132	132	-1212.8361	-1177.5879	-1183.6511	35.248148	-1208.4159	-1169.28	-1169.4976
133	133	-1427.3684	-1391.3324	-1397.3817	36.035962	-1423.0376	-1383.4059	-1383.4051
134	134	-2084.1195	-2058.3798	-2064.4385	25.739683	-2080.133	-2050.6363	-2050.8445
135	135	-958.48883	-914.65487	-920.51061	43.833956	-953.83444	-903.34303	-906.28518
136	136	-2065.8629	-2067.6773	-2070.5041	-1.8144393	-2061.8652	-2060.8487	-2061.2284
137	137	-1598.3678	-1574.5374	-1580.5982	23.830438	-1594.1783	-1566.716	-1566.7168
138	138	-1709.6338	-1656.566	-1662.6657	53.067765	-1694.1812	-1648.9808	-1648.9808
139	139	-1497.8618	-1484.3042	-1490.3912	13.557593	-1493.5856	-1475.351	-1476.3018
140	140	-3172.7018	-3174.6974	-3177.3482	-1.9956001	-3169.0002	-3161.5283	-3169.4618
141	141	-1324.4007	-1283.8024	-1289.8596	40.598253	-1320.085	-1275.8753	-1275.8768
142	142	-1552.6455	-1548.5606	-1554.6002	4.0849256	-1548.3823	-1537.4041	-1540.4087
143	143	-1909.4858	-1892.4271	-1898.5266	17.058696	-1905.4072	-1884.2629	-1884.6986
144	144	-2739.8791	-2724.0632	-2730.1599	15.815905	-2736.0669	-2714.6941	-2716.7544
145	145	-1730.4174	-1679.4473	-1685.5283	50.970088	-1726.2707	-1671.8427	-1671.8427
146	146	-2381.8686	-2376.7541	-2382.8551	5.1144898	-2377.9611	-2366.0522	-2369.1186
147	147	-2896.2322	-2889.6352	-2895.708	6.5970491	-2892.4494	-2878.3053	-2882.3561
148	148	-1944.3023	-1923.3859	-1929.4476	20.916318	-1940.2433	-1911.0361	-1915.7033
149	149	-909.25372	-857.3071	-863.37635	51.946621	-904.5465	-848.94426	-848.94462
150	150	-2032.5385	-2001.061	-2007.1213	31.477519	-2028.5166	-1991.1239	-1993.5382
151	151	-1608.5303	-1571.1596	-1577.2514	37.370789	-1604.2942	-1563.1101	-1563.378
152	152	-2027.8096	-2019.8259	-2026.0127	7.9837283	-2022.7744	-2009.9899	-2010.9077
153	153	-2591.5342	-2575.4808	-2581.5651	16.053438	-2587.6888	-2568.0761	-2568.0754
154	154	-1194.4475	-1143.8088	-1149.8932	50.638755	-1190.0471	-1135.8469	-1135.8464
155	155	-3275.6824	-3260.1633	-3266.0723	15.51913	-3267.1603	-3247.6879	-3252.8751
156	156	-941.85954	-904.61388	-910.69057	37.245654	-937.20227	-892.10155	-896.23764
157	157	-2451.5883	-2441.619	-2447.9089	9.9693053	-2447.7333	-2430.7842	-2434.3476
158	158	-2453.0299	-2443.4741	-2449.5583	9.5558164	-2449.1843	-2434.0204	-2435.9618
159	159	-2317.6657	-2302.7739	-2308.834	14.891825	-2313.746	-2294.906	-2295.224
160	160	-2300.3434	-2288.6701	-2295.0847	11.673336	-2296.4406	-2274.93	-2281.1283
161	161	-1766.2037	-1768.1816	-1770.8514	-1.9778213	-1762.0792	-1761.9106	-1761.8453
162	162	-1406.6708	-1376.5658	-1382.6661	30.105008	-1402.3462	-1366.2096	-1368.6407
163	163	-2587.7597	-2575.4988	-2582.1906	12.260934	-2583.8875	-2566.3758	-2567.6249
164	164	-2444.4816	-2427.119	-2433.1912	17.3626	-2440.5983	-2418.5505	-2419.6695
165	165	-2588.1349	-2570.2877	-2576.375	17.847207	-2584.3071	-2561.4354	-2562.8914
166	166	-1171.7777	-1171.0085	-1176.1268	0.76916235	-1167.3282	-1162.3856	-1162.3849
167	167	-1793.5515	-1787.6851	-1793.7391	5.8663754	-1789.4278	-1776.4853	-1779.716
168	168	-1266.561	-1257.5477	-1263.6225	9.0133015	-1262.1639	-1248.1665	-1249.3111
169	169	-2383.4638	-2348.0372	-2354.1318	35.426534	-2379.571	-2339.1418	-2340.7277
170	170	-2116.953	-2081.9756	-2088.063	34.977394	-2112.9297	-2074.5042	-2074.5047
171	171	-1268.0663	-1254.1536	-1260.097	13.912659	-1263.6986	-1242.3506	-1245.9851
172	172	-1965.0112	-1924.8803	-1930.9482	40.130906	-1960.9655	-1917.3166	-1917.3928
173	173	-2097.0436	-2087.9208	-2094.0196	9.1228541	-2092.8646	-2078.199	-2079.7068
174	174	-2519.956	-2513.6048	-2517.9893	6.3511698	-2516.0782	-2496.874	-2506.0338
175	175	-1487.7427	-1478.5971	-1484.9531	9.1456342	-1483.4776	-1468.4041	-1470.732
176	176	-1850.8435	-1845.4736	-1851.545	5.3698546	-1846.7621	-1836.0162	-1837.5672
177	177	-1421.5452	-1400.1266	-1406.208	21.418655	-1417.2201	-1392.1403	-1392.1414
178	178	-1548.7486	-1536.1143	-1541.9027	12.634272	-1544.5134	-1523.5929	-1528.1023
179	179	-2629.4445	-2630.5816	-2634.1211	-1.1371504	-2625.6473	-2615.4862	-2623.2798
180	180	-1511.2529	-1472.1798	-1477.9746	39.073125	-1507.0075	-1460.6918	-1464.3392
181	181	-2439.7401	-2441.71	-2444.3798	-1.9698494	-2435.2768	-2435.0959	-2436.0949
182	182	-1676.3601	-1666.9982	-1673.3405	9.3618421	-1672.1763	-1656.3493	-1659.2523
183	183	-1194.1795	-1165.0047	-1171.0876	29.174715	-1189.7501	-1155.1243	-1155.8421
184	184	-2352.4431	-2340.3449	-2346.3168	12.098153	-2348.5607	-2330.0711	-2332.8136
185	185	-3108.1594	-3105.5211	-3111.5728	2.6383256	-3104.4528	-3095.6764	-3098.0478
186	186	-2752.094	-2749.1526	-2755.4577	2.9414397	-2748.3112	-2738.8241	-2741.8719
187	187	-3051.2815	-3029.5344	-3035.5702	21.747129	-3047.5501	-3020.5541	-3022.3384
188	188	-3379.8527	-3372.1251	-3378.2016	7.7276631	-3376.2313	-3364.0223	-3364.9115
189	189	-1677.276	-1644.7947	-1650.8566	32.481291	-1673.0806	-1637.0429	-1637.0427
190	190	-922.26858	-907.86614	-913.95016	14.402435	-917.63806	-899.32349	-899.32322
191	191	-2456.347	-2441.6308	-2447.7036	14.716146	-2452.4828	-2431.037	-2434.1643
192	192	-1802.9461	-1782.994	-1789.1022	19.952043	-1798.8291	-1774.9224	-1775.2331
193	193	-3411.695	-3392.3493	-3398.2216	19.345618	-3408.0583	-3377.627	-3385.1076
194	194	-1734.438	-1719.168	-1725.4308	15.270026	-1730.2568	-1710.7344	-1711.4548
195	195	-1339.1009	-1272.4239	-1278.4874	66.676985	-1321.9209	-1264.6185	-1264.6178
196	196	-2027.1436	-2011.3957	-2017.4435	15.747932	-2023.1247	-1999.6053	-2003.9094
197	197	-1931.5453	-1879.3128	-1885.3813	52.232456	-1917.1458	-1871.8984	-1871.8982
198	198	-1848.092	-1849.3361	-1852.7577	-1.2440078	-1842.831	-1840.8234	-1840.8639
199	199	-1309.5765	-1306.6587	-1312.3424	2.9177589	-1305.2482	-1298.4979	-1299.277
200	200	-1926.183	-1889.8703	-1895.1685	36.312707	-1922.1053	-1876.0777	-1882.3186
201	201	-1271.8393	-1247.2009	-1253.2792	24.638489	-1267.4483	-1239.0944	-1239.0943
202	202	-2972.6553	-2958.3189	-2964.3874	14.336396	-2968.9077	-2948.3646	-2951.0809
203	203	-1502.6076	-1492.0444	-1498.1111	10.563147	-1498.3618	-1482.63	-1483.9324
204	204	-2764.2113	-2758.4263	-2764.4754	5.7849169	-2760.368	-2748.1748	-2750.9219
205	205	-1663.5486	-1656.6799	-1659.3406	6.8686686	-1659.3737	-1638.0485	-1648.6602
206	206	-1651.0336	-1652.5523	-1655.6714	-1.5186491	-1646.8257	-1642.2329	-1644.769
207	207	-2209.9802	-2199.0095	-2205.0827	10.97074	-2206.0334	-2188.3608	-2191.3773
208	208	-3342.7758	-3310.7916	-3316.8429	31.984221	-3324.0585	-3301.9669	-3303.8357
209	209	-1561.4329	-1548.8179	-1554.8751	12.615012	-1557.1957	-1538.1156	-1540.8231
210	210	-2543.6353	-2525.5325	-2531.2515	18.10277	-2539.7988	-2513.8714	-2518.1248
211	211	-3021.5156	-3017.1187	-3023.4845	4.3968899	-3017.4261	-3006.7145	-3009.4995
212	212	-3059.887	-3045.3918	-3051.4851	14.495163	-3056.154	-3036.4596	-3038.1475
213	213	-1708.6812	-1660.2212	-1666.2954	48.460047	-1704.4977	-1651.8267	-1652.563
214	214	-2958.3586	-2960.3081	-2963.0141	-1.9494594	-2953.0955	-2949.0754	-2953.6363
215	215	-2145.6011	-2119.269	-2125.4392	26.33207	-2141.6446	-2111.8785	-2111.8782
216	216	-2418.7445	-2407.2366	-2413.3062	11.507836	-2414.8412	-2398.7412	-2399.6926
217	217	-2052.9758	-2022.5285	-2028.3219	30.447291	-2048.9605	-2011.7385	-2014.993
218	218	-1986.8152	-1968.2878	-1974.3605	18.52741	-1982.7483	-1960.5966	-1960.5947
219	219	-1797.5543	-1738.8533	-1744.9117	58.701028	-1793.4248	-1731.3457	-1731.3453
220	220	-2214.7321	-2192.6342	-2198.552	22.097804	-2210.7703	-2178.0241	-2185.1037
221	221	-1416.6108	-1385.7671	-1391.7936	30.843677	-1412.3157	-1377.2261	-1377.8193
222	222	-2889.2888	-2882.6977	-2888.7676	6.5911223	-2885.5318	-2872.4629	-2875.2833
223	223	-2994.0292	-2991.1957	-2997.0415	2.8334661	-2990.2267	-2977.4671	-2983.5332
224	224	-2265.9755	-2233.9387	-2240.0323	32.036857	-2262.0505	-2225.45	-2226.5506
225	225	-1771.5257	-1726.3834	-1732.4619	45.1423	-1767.3854	-1718.8094	-1718.8097
226	226	-2054.1908	-2032.6465	-2040.4596	21.544372	-2050.1721	-2019.5561	-2024.2775
227	227	-1637.7256	-1632.1275	-1638.4396	5.5980865	-1633.5104	-1622.8721	-1624.277
228	228	-2315.9904	-2299.4045	-2305.5215	16.585832	-2312.0846	-2290.1637	-2291.7786
229	229	-1118.6515	-1084.2298	-1090.2993	34.421655	-1114.1598	-1074.0937	-1076.0551
230	230	-2146.1997	-2138.896	-2145.141	7.3036871	-2142.2079	-2127.5253	-2131.3008
231	231	-2900.8287	-2891.4312	-2897.5967	9.3974316	-2897.063	-2882.4703	-2884.1729
232	232	-2586.2227	-2558.3527	-2564.4085	27.869987	-2582.3919	-2550.121	-2551.0892
233	233	-2930.2968	-2921.8873	-2927.9392	8.4094818	-2926.0469	-2912.0847	-2913.8326
234	234	-1292.7435	-1286.5871	-1294.6452	6.1563816	-1288.3814	-1277.489	-1277.5771
235	235	-1176.7241	-1171.467	-1177.5356	5.2570658	-1172.2842	-1161.9184	-1163.0109
236	236	-2613.8999	-2613.0003	-2618.188	0.89964457	-2610.084	-2597.073	-2605.4095
237	237	-2914.2434	-2910.7298	-2916.6927	3.5135585	-2909.4569	-2893.0995	-2902.1063
238	238	-1148.0997	-1095.3306	-1101.3615	52.769072	-1143.6439	-1087.2759	-1087.2781
239	239	-1752.8743	-1724.3421	-1730.634	28.532248	-1747.1824	-1711.2234	-1714.3726
240	240	-1212.4637	-1207.4831	-1213.5812	4.9805618	-1208.0518	-1196.9924	-1199.0929
241	241	-2188.3145	-2186.2261	-2192.0103	2.0883788	-2184.3535	-2170.4016	-2178.6211
242	242	-988.58679	-966.55221	-972.51393	22.034583	-983.98754	-952.94183	-958.12125
243	243	-1151.7896	-1136.114	-1142.1734	15.675555	-1147.3604	-1124.0916	-1127.8561
244	244	-1796.0291	-1773.209	-1779.2731	22.8201	-1791.9219	-1765.0903	-1765.469
245	245	-2352.9201	-2296.4058	-2302.4918	56.514317	-2332.0493	-2287.7899	-2287.788
246	246	-2085.1773	-2072.7341	-2078.8194	12.443226	-2081.2077	-2063.9159	-2065.0878
247	247	-2081.4932	-2042.7204	-2048.7547	38.772795	-2077.4816	-2035.2224	-2035.223
248	248	-1769.3914	-1736.6893	-1742.7574	32.702072	-1765.2853	-1729.0315	-1729.0316
249	249	-1648.966	-1597.3435	-1603.3965	51.622523	-1632.4273	-1587.9644	-1587.9659
250	250	-1646.9178	-1618.5862	-1624.6647	28.331555	-1642.7094	-1608.7974	-1610.7436
251	251	-1711.5273	-1702.999	-1709.0562	8.5283032	-1707.3967	-1694.0345	-1695.0808
252	252	-2151.3751	-2128.8705	-2134.9542	22.504572	-2147.4033	-2121.3621	-2121.3619
253	253	-1487.5984	-1480.9731	-1487.0348	6.6253872	-1483.3389	-1466.7984	-1472.8207
254	254	-1491.0585	-1459.9002	-1466.0159	31.158355	-1486.7739	-1451.7327	-1452.0409
255	255	-2691.6669	-2673.2836	-2679.3758	18.383318	-2687.8765	-2664.9135	-2665.9539
256	256	-2284.8225	-2253.4942	-2259.5772	31.328369	-2280.8694	-2244.5788	-2245.708
257	257	-2454.1231	-2428.9134	-2434.4287	25.209693	-2450.251	-2414.7014	-2421.5408
258	258	-2408.7808	-2405.1328	-2411.1993	3.6479842	-2404.2301	-2394.8865	-2396.5919
259	259	-1973.652	-1938.5681	-1944.6253	35.083873	-1969.6006	-1928.1704	-1931.0105
260	260	-2184.2874	-2161.4375	-2167.476	22.849904	-2180.3373	-2152.7142	-2153.9141
261	261	-2675.6931	-2677.488	-2680.339	-1.7949048	-2671.883	-2668.0327	-2671.0366
262	262	-2414.2457	-2395.2587	-2401.3149	18.987034	-2409.6233	-2386.7533	-2386.7519
263	263	-2169.1288	-2155.0563	-2161.1427	14.072508	-2165.1441	-2139.5154	-2147.4043
264	264	-2152.2866	-2122.6065	-2128.1818	29.680107	-2148.3254	-2111.2465	-2115.1487
265	265	-2066.4825	-2042.9916	-2049.0696	23.490903	-2062.4753	-2033.4033	-2034.977
266	266	-3289.8293	-3286.8844	-3293.6469	2.9449211	-3285.1708	-3269.7958	-3277.8038
267	267	-1451.2067	-1450.9497	-1455.7113	0.25693036	-1446.8978	-1442.7877	-1441.8464
268	268	-2045.1639	-1998.8769	-2004.9499	46.287048	-2041.1442	-1991.4532	-1991.4514
269	269	-2332.2059	-2313.6832	-2319.8775	18.522718	-2328.2922	-2304.2421	-2306.3277
270	270	-1983.3042	-1958.8944	-1965.2375	24.40981	-1979.266	-1951.4227	-1951.4131
271	271	-1684.2457	-1637.9544	-1644.0057	46.291371	-1680.0728	-1629.9815	-1630.2982
272	272	-2412.5048	-2394.6129	-2400.6673	17.891915	-2408.64	-2385.4715	-2387.1654
273	273	-2213.3556	-2199.6331	-2205.7015	13.722521	-2209.3841	-2190.5463	-2192.0195
274	274	-2030.8748	-2006.5045	-2012.5754	24.370314	-2026.8469	-1998.2331	-1998.9187
275	275	-1153.9102	-1127.3142	-1133.388	26.595968	-1149.4943	-1119.1581	-1119.1572
276	276	-1661.0697	-1628.6109	-1634.6697	32.458766	-1656.8125	-1619.499	-1619.9275
277	277	-2150.7189	-2132.3551	-2138.4015	18.363763	-2146.7479	-2124.4184	-2124.751
278	278	-1746.885	-1701.9796	-1708.052	44.905466	-1742.7445	-1692.3986	-1694.3597
279	279	-3307.6606	-3297.8629	-3304.1387	9.7977	-3304.0029	-3286.4562	-3290.7551
280	280	-2140.7248	-2105.9077	-2111.9899	34.817085	-2136.7423	-2098.4749	-2098.4884
281	281	-1679.7247	-1641.4365	-1647.6197	38.288121	-1675.5533	-1633.2458	-1633.2446
282	282	-1673.906	-1647.0579	-1653.1323	26.84809	-1669.7379	-1639.2757	-1639.2754
283	283	-2176.9135	-2139.4664	-2145.5427	37.447123	-2172.9645	-2128.8878	-2132.0719
284	284	-1949.7069	-1906.1567	-1912.19	43.550221	-1945.6611	-1898.6508	-1898.6511
285	285	-2729.2507	-2706.0613	-2712.1364	23.189458	-2721.459	-2697.0704	-2698.8217
286	286	-1981.0986	-1926.4426	-1932.5135	54.655998	-1977.0158	-1918.9902	-1918.99
287	287	-2895.4389	-2876.7712	-2882.8762	18.667656	-2891.6891	-2869.5547	-2869.5555
288	288	-1911.0788	-1896.1257	-1902.3285	14.953113	-1907.034	-1888.1717	-1888.5141
289	289	-1788.4578	-1778.618	-1784.6799	9.839804	-1784.3344	-1770.4306	-1770.7463
290	290	-1606.2474	-1567.0817	-1573.152	39.165635	-1602.0263	-1557.5805	-1559.3099
291	291	-1438.4842	-1382.0211	-1388.1121	56.463099	-1434.133	-1374.2666	-1374.2659
292	292	-1990.0829	-1983.7432	-1989.8296	6.3396491	-1986.0408	-1975.3043	-1975.9363
293	293	-2568.7023	-2554.6233	-2560.691	14.079026	-2564.8891	-2545.9396	-2547.1882
294	294	-2492.8758	-2480.3803	-2486.4221	12.495516	-2488.9835	-2472.8656	-2472.8661
295	295	-2989.0024	-2985.2133	-2992.1943	3.7891056	-2984.4695	-2976.823	-2977.5821
296	296	-2497.1262	-2455.0622	-2461.1269	42.064049	-2493.253	-2447.8259	-2447.8257
297	297	-1181.3636	-1154.2434	-1160.1602	27.12024	-1176.929	-1142.1905	-1146.0981
298	298	-2560.1884	-2561.3126	-2564.8408	-1.1242229	-2556.3612	-2552.8092	-2553.9666
299	299	-2119.8418	-2091.5948	-2099.8417	28.247028	-2115.8347	-2081.8807	-2083.1325
300	300	-1636.6571	-1613.5296	-1619.5952	23.127507	-1632.4741	-1602.7386	-1605.6868
301	301	-2938.5691	-2919.0064	-2925.0723	19.562695	-2934.8003	-2911.1637	-2911.7595
302	302	-2339.5247	-2303.891	-2312.9706	35.633731	-2335.6185	-2296.5297	-2296.5293
303	303	-2580.3901	-2552.1739	-2558.2485	28.216216	-2564.4145	-2544.9245	-2544.9292
304	304	-2460.3124	-2458.3864	-2464.1694	1.9260104	-2456.4226	-2448.4337	-2450.8491
305	305	-3064.4799	-3054.5869	-3060.7017	9.8929427	-3060.7573	-3044.5757	-3047.3183
306	306	-1297.4562	-1270.5634	-1276.5105	26.892777	-1293.0861	-1260.1746	-1262.5073
307	307	-1453.4134	-1424.1496	-1430.326	29.263781	-1449.1175	-1414.4282	-1416.3671
308	308	-2585.8778	-2578.207	-2584.6922	7.6707328	-2582.0467	-2567.3169	-2570.796
309	309	-2314.5583	-2310.8052	-2317.9957	3.7531331	-2310.6567	-2299.7544	-2302.7589
310	310	-3757.7246	-3758.5247	-3762.1334	-0.80011641	-3754.1671	-3744.409	-3751.5066
311	311	-2203.6106	-2164.095	-2170.1626	39.515587	-2186.7784	-2154.0097	-2156.7427
312	312	-2369.0735	-2355.4303	-2361.5046	13.643185	-2365.1677	-2346.6393	-2347.9102
313	313	-2465.1715	-2448.2596	-2454.3411	16.911902	-2461.2962	-2437.464	-2440.8149
314	314	-3314.1364	-3298.2028	-3304.2912	15.933671	-3310.4897	-3284.1315	-3291.3156
315	315	-1707.643	-1683.4137	-1689.4875	24.229336	-1703.4719	-1671.7241	-1675.6238
316	316	-2600.6196	-2577.2251	-2583.9058	23.394555	-2596.7896	-2568.3491	-2569.7989
317	317	-2344.7844	-2346.3522	-2349.175	-1.5678896	-2340.9004	-2334.6664	-2338.891
318	318	-1676.9237	-1624.3839	-1630.4568	52.53982	-1661.1466	-1616.7745	-1616.7747
319	319	-1606.2987	-1606.5096	-1610.7758	-0.21087035	-1602.0829	-1593.0276	-1597.8687
320	320	-1960.8613	-1915.9349	-1922.0169	44.926388	-1956.8067	-1907.8839	-1908.4553
321	321	-3097.5744	-3086.7752	-3092.8679	10.799191	-3093.8674	-3078.5932	-3079.5286
322	322	-1211.8847	-1150.9232	-1157.0012	60.961453	-1207.468	-1142.9816	-1142.9791
323	323	-1826.6694	-1819.1972	-1826.2808	7.4721759	-1822.5886	-1810.5218	-1810.7406
324	324	-1521.7994	-1482.2867	-1488.4111	39.512683	-1517.5179	-1474.2206	-1474.5214
325	325	-1355.4041	-1326.7727	-1332.8552	28.631389	-1351.0628	-1315.5514	-1318.7907
326	326	-3495.4767	-3493.219	-3499.4141	2.2576251	-3491.844	-3479.4458	-3486.175
327	327	-1322.0353	-1303.4976	-1309.5773	18.537691	-1317.6826	-1294.4749	-1295.4102
328	328	-2437.9323	-2430.069	-2435.9687	7.8632387	-2434.0287	-2416.0327	-2422.4673
329	329	-2220.9982	-2209.3999	-2215.465	11.598335	-2217.0432	-2201.1943	-2201.7585
330	330	-1195.7759	-1180.1088	-1186.5627	15.667072	-1191.36	-1170.8197	-1171.8022
331	331	-1078.8936	-1053.0185	-1059.0632	25.87502	-1074.3806	-1044.7305	-1044.7305
332	332	-2333.2981	-2318.2536	-2324.4876	15.044564	-2329.3616	-2306.593	-2310.8746
333	333	-2631.4743	-2619.9627	-2626.0597	11.511511	-2627.6437	-2611.0442	-2612.5519
334	334	-2306.2275	-2297.3556	-2303.4455	8.8719487	-2302.3353	-2287.6974	-2289.7684
335	335	-1989.3162	-1954.8868	-1960.9479	34.429422	-1985.2807	-1947.3486	-1947.3481
336	336	-1448.9944	-1427.5556	-1433.4665	21.438761	-1444.6889	-1415.4027	-1419.6096
337	337	-2223.9101	-2208.0766	-2214.1358	15.833532	-2219.9779	-2199.1073	-2200.5431
338	338	-1879.7998	-1876.013	-1882.2696	3.7867621	-1875.7129	-1863.6615	-1868.2765
339	339	-2839.3277	-2812.5807	-2818.7817	26.746963	-2822.9932	-2801.8274	-2804.2907
340	340	-1403.5786	-1375.9039	-1381.956	27.674671	-1399.2662	-1365.7768	-1367.9433
341	341	-3485.2593	-3476.9645	-3484.0929	8.2947856	-3481.651	-3466.826	-3469.6587
342	342	-3012.6379	-2980.871	-2985.6626	31.766917	-3008.9255	-2964.471	-2973.7808
343	343	-2672.978	-2667.1712	-2673.2428	5.8067577	-2667.9129	-2654.9031	-2658.1968
344	344	-2377.3801	-2370.5142	-2376.8857	6.8658321	-2373.1236	-2357.6734	-2362.3042
345	345	-2392.1869	-2360.9029	-2366.9918	31.28397	-2388.2907	-2352.3746	-2353.5474
346	346	-2396.1307	-2391.2947	-2396.5917	4.8359312	-2392.2185	-2370.5066	-2382.863
347	347	-3212.963	-3200.5305	-3206.7524	12.432485	-3208.1265	-3191.2225	-3192.1012
348	348	-2503.5283	-2489.2501	-2494.9633	14.27817	-2499.7059	-2477.8107	-2481.5112
349	349	-2403.8775	-2382.3574	-2388.411	21.520068	-2400.0038	-2374.9099	-2374.9095
350	350	-2047.1135	-2006.4228	-2012.4807	40.690631	-2043.1051	-1998.7893	-1998.9663
351	351	-2843.588	-2816.2799	-2823.0132	27.3081	-2839.8425	-2808.2208	-2808.864
352	352	-1493.8856	-1484.9069	-1490.9527	8.9786074	-1489.6046	-1473.6151	-1476.8088
353	353	-1189.5219	-1160.387	-1166.4589	29.134908	-1185.1099	-1150.7257	-1152.2861
354	354	-2359.0582	-2359.3599	-2363.7372	-0.30175222	-2355.1812	-2343.1841	-2351.1987
355	355	-2469.206	-2465.4602	-2472.6909	3.7457777	-2463.6327	-2452.0655	-2455.2182
356	356	-2366.5685	-2368.1154	-2371.2461	-1.5469046	-2362.6853	-2360.0609	-2360.7416
357	357	-2292.6865	-2270.1679	-2276.2343	22.518594	-2288.7983	-2262.7451	-2262.7453
358	358	-1961.4842	-1942.7283	-1948.7995	18.755859	-1957.4299	-1934.4667	-1935.0551
359	359	-1723.4672	-1680.9688	-1687.0435	42.498433	-1719.3014	-1673.2967	-1673.2966
360	360	-3161.9356	-3151.1951	-3157.2681	10.740507	-3158.2713	-3142.4671	-3143.9824
361	361	-2265.6478	-2256.0971	-2262.1757	9.5506261	-2261.721	-2246.7584	-2248.4928
362	362	-3981.5681	-3976.3139	-3982.3849	5.2541891	-3978.0961	-3966.3561	-3969.2845
363	363	-1596.9586	-1565.5591	-1571.863	31.399527	-1592.7482	-1556.2846	-1558.0143
364	364	-2018.0509	-1988.6349	-1994.7122	29.415966	-2013.9954	-1977.8934	-1981.068
365	365	-1587.8312	-1570.541	-1576.6304	17.29025	-1583.5856	-1560.1638	-1562.6163
366	366	-1092.2854	-1078.3011	-1084.3679	13.9843	-1087.8025	-1069.955	-1069.955
367	367	-2000.728	-1984.977	-1991.0301	15.750968	-1996.6155	-1976.5468	-1976.732
368	368	-2735.5895	-2724.3936	-2730.6517	11.19594	-2731.7756	-2716.9659	-2716.9763
369	369	-2474.0644	-2465.0521	-2472.1899	9.0122969	-2470.209	-2454.8482	-2457.1147
370	370	-1892.0471	-1879.3048	-1885.3784	12.742294	-1887.9992	-1870.4781	-1871.5675
371	371	-2014.0867	-2000.5251	-2006.5673	13.561553	-2010.0801	-1990.1292	-1992.819
372	372	-2190.5047	-2163.5322	-2169.5973	26.97255	-2186.517	-2154.3857	-2156.0202
373	373	-3078.6379	-3074.8976	-3081.0083	3.7403118	-3074.9183	-3063.8025	-3067.525
374	374	-1378.3355	-1363.4264	-1369.4696	14.909132	-1374.0207	-1354.2509	-1355.3575
375	375	-950.22887	-933.3584	-939.41605	16.870471	-945.62207	-922.83853	-924.88077
376	376	-2344.1743	-2327.8442	-2333.6307	16.33009	-2340.2524	-2314.6519	-2320.3019
377	377	-2277.7452	-2228.41	-2234.501	49.335191	-2264.653	-2221.1397	-2221.1401
378	378	-2536.6644	-2524.0755	-2530.1542	12.588959	-2532.7963	-2515.4176	-2516.623
379	379	-2108.2341	-2099.3701	-2105.4214	8.8639374	-2104.243	-2088.1216	-2091.641
380	380	-2188.1953	-2178.172	-2184.2307	10.023239	-2184.25	-2168.322	-2170.5503
381	381	-2156.5302	-2115.8175	-2121.8816	40.712614	-2152.5527	-2108.4343	-2108.4349
382	382	-3749.4319	-3726.6826	-3732.7386	22.749307	-3745.8585	-3719.533	-3719.7654
383	383	-1420.0539	-1397.5838	-1403.6499	22.470123	-1415.776	-1389.6068	-1389.6075
384	384	-1434.2854	-1420.4509	-1426.506	13.834494	-1429.9787	-1411.7529	-1412.379
385	385	-1512.4701	-1473.4701	-1479.5585	38.999943	-1501.404	-1465.7138	-1465.7141
386	386	-1308.1406	-1293.9401	-1300.2944	14.200456	-1303.7799	-1282.904	-1285.8864
387	387	-1641.3424	-1633.7953	-1639.8383	7.5470868	-1637.1554	-1622.9159	-1625.804
388	388	-2273.387	-2262.2918	-2268.3375	11.095112	-2268.5128	-2250.9322	-2253.3964
389	389	-1428.6718	-1385.2863	-1391.3715	43.385445	-1424.3604	-1376.8409	-1376.8215
390	390	-1527.7686	-1512.4048	-1518.4561	15.363705	-1523.491	-1503.1765	-1504.3856
391	391	-1652.1284	-1638.1415	-1644.1914	13.986842	-1647.9257	-1629.465	-1630.2126
392	392	-2833.8424	-2829.5617	-2835.9444	4.2806915	-2829.5803	-2819.151	-2821.5898
393	393	-2489.9593	-2463.2796	-2469.3307	26.679665	-2486.0984	-2452.2337	-2455.97
394	394	-1663.8293	-1638.5885	-1644.6754	25.240857	-1659.6537	-1628.9484	-1630.8125
395	395	-1936.6299	-1897.8897	-1903.9429	38.740124	-1932.5745	-1890.1973	-1890.3742
396	396	-2293.6934	-2273.7177	-2279.8715	19.975671	-2289.4505	-2265.0151	-2265.5662
397	397	-1853.0672	-1832.7317	-1838.796	20.335525	-1848.958	-1825.0151	-1825.0153
398	398	-1528.8444	-1487.1119	-1493.1659	41.732503	-1524.5414	-1477.8258	-1479.3133
399	399	-1763.143	-1715.7661	-1721.8475	47.376919	-1747.8349	-1708.1805	-1708.1792
400	400	-1909.4558	-1892.0255	-1898.0857	17.430348	-1905.3591	-1882.0635	-1884.2685
401	401	-1401.8427	-1394.4397	-1400.4962	7.4029528	-1397.4919	-1384.8693	-1386.2905
402	402	-2237.4661	-2213.2478	-2219.29	24.218354	-2233.5054	-2204.2362	-2205.7508
403	403	-2274.6198	-2268.8799	-2274.9449	5.7398481	-2270.6707	-2259.1395	-2261.1837
404	404	-2072.1392	-2048.3034	-2054.5359	23.835838	-2067.9653	-2039.2599	-2040.1201
405	405	-2064.4634	-2047.3984	-2053.4655	17.064956	-2060.4794	-2039.3351	-2039.768
406	406	-1559.4405	-1515.8693	-1521.95	43.571228	-1555.2068	-1507.6178	-1508.1435
407	407	-2094.0421	-2073.0967	-2079.4431	20.945426	-2090.0683	-2065.6677	-2065.6666
408	408	-1639.709	-1621.4106	-1627.4804	18.298382	-1635.5163	-1613.5141	-1613.5142
409	409	-1830.2736	-1812.4531	-1818.4038	17.820527	-1826.1567	-1800.8469	-1804.6683
410	410	-1893.1879	-1864.3856	-1870.4397	28.802333	-1889.1153	-1856.3706	-1856.7605
411	411	-4251.5408	-4237.5906	-4243.4435	13.950135	-4248.1214	-4225.3095	-4230.7722
412	412	-1763.9112	-1747.6032	-1753.6675	16.308021	-1759.7826	-1739.786	-1739.786
413	413	-1840.3275	-1823.3953	-1829.4428	16.932225	-1836.2356	-1815.5124	-1815.6276
414	414	-2300.1335	-2261.5302	-2267.5917	38.603325	-2296.1917	-2253.0337	-2254.1302
415	415	-2420.8553	-2416.4328	-2422.4814	4.422466	-2417.0169	-2408.83	-2408.8379
416	416	-2455.5525	-2437.0448	-2442.979	18.507665	-2451.0865	-2425.3991	-2428.718
417	417	-1563.5873	-1548.8765	-1554.9607	14.710843	-1559.3516	-1538.3279	-1540.8983
418	418	-2111.182	-2093.2436	-2100.467	17.938383	-2107.1983	-2082.7533	-2084.9829
419	419	-2870.2464	-2867.3077	-2874.149	2.9387537	-2865.267	-2853.335	-2858.7965
420	420	-2948.227	-2940.7947	-2946.8593	7.4322855	-2944.4773	-2931.9505	-2933.423
421	421	-2508.8632	-2490.2418	-2496.6161	18.621392	-2504.1361	-2478.7003	-2481.7555
422	422	-3110.2728	-3089.7085	-3095.8157	20.564251	-3101.5659	-3080.4693	-3082.5791
423	423	-1614.9429	-1594.7746	-1601.9067	20.168294	-1610.717	-1586.1602	-1586.2546
424	424	-1274.2403	-1262.5775	-1269.0155	11.662786	-1269.9101	-1252.7475	-1254.3715
425	425	-2828.2711	-2816.3624	-2823.4662	11.908722	-2824.4462	-2807.8005	-2809.9342
426	426	-1726.1	-1686.0747	-1692.2778	40.025258	-1721.9449	-1678.1692	-1678.5455
427	427	-1745.73	-1736.964	-1743.2284	8.7660128	-1741.5878	-1726.651	-1729.2121
428	428	-1699.1174	-1684.0146	-1690.0879	15.10278	-1694.9349	-1673.3088	-1676.1001
429	429	-1313.2833	-1283.7187	-1289.889	29.564516	-1308.9164	-1275.7805	-1275.7804
430	430	-1661.5539	-1658.6388	-1664.7186	2.9151253	-1657.3719	-1646.3062	-1650.5465
431	431	-2097.1477	-2083.3618	-2089.4451	13.785929	-2093.1785	-2075.6661	-2075.7581
432	432	-1725.7587	-1708.7639	-1714.8441	16.994779	-1721.5838	-1700.1792	-1700.9094
433	433	-2582.8402	-2573.7454	-2579.6366	9.0947808	-2579.0195	-2561.6684	-2566.2544
434	434	-2140.3489	-2090.5166	-2096.5753	49.832306	-2130.7321	-2081.8891	-2083.1651
435	435	-2118.6557	-2070.6446	-2076.7212	48.011047	-2114.652	-2063.2722	-2063.2736
436	436	-1740.0327	-1708.983	-1715.0843	31.049633	-1735.8841	-1701.2998	-1701.3006
437	437	-1090.3593	-1062.201	-1068.1203	28.158353	-1085.8702	-1051.4829	-1053.9733
438	438	-2931.8973	-2918.8579	-2924.6221	13.039362	-2928.1043	-2905.9039	-2911.5136
439	439	-2903.0191	-2896.4619	-2902.5055	6.5571644	-2899.246	-2887.4732	-2889.0448
440	440	-1629.1789	-1613.2022	-1619.3089	15.976775	-1624.9835	-1603.5004	-1605.3261
441	441	-3284.0075	-3275.8646	-3281.9481	8.142947	-3280.3455	-3266.5558	-3268.6264
442	442	-3570.243	-3564.4009	-3570.455	5.8421674	-3566.6631	-3553.4989	-3557.2298
443	443	-2554.7853	-2540.4619	-2546.5553	14.323344	-2550.9215	-2533.0514	-2533.0517
444	444	-2545.7263	-2516.7701	-2522.556	28.956251	-2541.8692	-2503.6079	-2509.4834
445	445	-2986.8643	-2978.2249	-2983.9835	8.6393586	-2983.0863	-2966.959	-2970.8051
446	446	-1807.1829	-1753.9574	-1760.0392	53.225474	-1803.0396	-1742.489	-1746.3934
447	447	-2159.5331	-2157.5972	-2163.2917	1.9358585	-2155.5425	-2148.3902	-2149.7469
448	448	-1610.4724	-1584.4582	-1590.5235	26.014231	-1606.2677	-1574.0736	-1576.6241
449	449	-3487.6603	-3476.9452	-3483.0129	10.715137	-3484.0571	-3467.9053	-3469.8344
450	450	-2352.8029	-2347.4572	-2353.2605	5.3457216	-2348.8908	-2335.1908	-2339.7948
451	451	-2327.3016	-2280.6669	-2286.6904	46.634671	-2312.3342	-2270.9907	-2272.1588
452	452	-2847.9176	-2831.129	-2837.0958	16.788615	-2844.1219	-2816.4289	-2823.834
453	453	-1798.94	-1768.8677	-1774.9523	30.072365	-1794.8412	-1761.1946	-1761.1946
454	454	-2331.659	-2332.9098	-2336.3126	-1.2508412	-2327.7384	-2321.5186	-2325.439
455	455	-3421.5667	-3398.6155	-3406.8285	22.951285	-3417.9236	-3386.2642	-3390.6678
456	456	-2655.7045	-2655.82	-2660.3165	-0.11558186	-2651.8563	-2641.2827	-2648.4002
457	457	-2547.3322	-2544.0836	-2550.1344	3.2485978	-2543.4779	-2532.7057	-2536.4957
458	458	-2120.5897	-2101.5802	-2107.6692	19.00956	-2116.5805	-2093.8615	-2093.9608
459	459	-2439.8694	-2420.3566	-2425.1097	19.512733	-2435.962	-2406.3609	-2412.8965
460	460	-3008.5004	-2980.1755	-2986.2549	28.324931	-2987.5415	-2971.6458	-2972.5769
461	461	-1890.6309	-1851.6946	-1857.7599	38.936297	-1886.557	-1842.6472	-1844.1289
462	462	-2107.1479	-2088.5841	-2094.6494	18.563774	-2102.4586	-2079.8743	-2079.872
463	463	-1575.2764	-1543.5454	-1549.64	31.730981	-1571.0574	-1533.331	-1535.7301
464	464	-2842.8499	-2821.1621	-2829.8517	21.68779	-2839.0458	-2812.9135	-2813.884
465	465	-2528.0848	-2515.6773	-2521.7249	12.407462	-2524.217	-2506.8583	-2507.9139
466	466	-2137.2288	-2128.471	-2134.5356	8.7577882	-2133.2527	-2118.6327	-2120.7568
467	467	-1730.3815	-1721.7249	-1727.8058	8.6566099	-1726.2339	-1711.1049	-1713.9414
468	468	-2210.2718	-2198.5286	-2204.5824	11.743179	-2206.3256	-2190.3502	-2190.8899
469	469	-1876.0615	-1848.907	-1854.9946	27.154443	-1871.975	-1836.6395	-1841.263
470	470	-2656.5963	-2649.9802	-2656.0303	6.6160849	-2652.7561	-2638.216	-2642.4993
471	471	-2480.7127	-2447.3332	-2453.3994	33.379501	-2476.849	-2440.0373	-2440.0379
472	472	-1647.9572	-1636.5766	-1642.6175	11.380589	-1643.7394	-1626.0127	-1628.5804
473	473	-2397.2339	-2381.276	-2387.2046	15.957831	-2393.3434	-2369.6149	-2373.7941
474	474	-2097.6144	-2077.0145	-2083.1108	20.599881	-2093.6464	-2067.6326	-2069.4402
475	475	-1295.6765	-1276.7061	-1282.7844	18.970386	-1291.331	-1262.3185	-1268.5965
476	476	-2788.516	-2781.4323	-2787.8103	7.0837319	-2784.7294	-2767.1114	-2774.0138
477	477	-1612.8228	-1586.5365	-1592.1751	26.28633	-1608.5938	-1571.335	-1578.6347
478	478	-1171.6191	-1126.011	-1132.0475	45.608107	-1167.1779	-1117.9269	-1117.9269
479	479	-1334.2379	-1328.4402	-1334.48	5.797705	-1329.9089	-1319.8801	-1320.1677
480	480	-1548.2381	-1525.0709	-1530.9302	23.167151	-1543.9823	-1511.0365	-1517.1304
481	481	-2292.0689	-2283.5685	-2290.2249	8.5003985	-2288.1607	-2271.9386	-2275.8416
482	482	-2581.6248	-2560.2174	-2565.7393	21.407419	-2577.8155	-2545.1836	-2552.8822
483	483	-2435.4122	-2430.6165	-2436.6747	4.7957529	-2431.5579	-2420.7176	-2423.0145
484	484	-2263.6749	-2246.8419	-2253.0866	16.832993	-2259.7564	-2239.4645	-2239.4651
485	485	-3512.6255	-3497.9112	-3503.966	14.714348	-3505.0061	-3486.6719	-3490.8204
486	486	-2008.0274	-1996.3419	-2002.2709	11.685495	-2004.0108	-1984.5038	-1988.6034
487	487	-3753.3696	-3755.4892	-3758.1514	-2.1196912	-3748.5662	-3741.3012	-3748.2135
488	488	-2248.978	-2202.8596	-2208.9322	46.118463	-2227.3422	-2195.5924	-2195.5923
489	489	-1453.3678	-1429.572	-1435.671	23.795849	-1449.0656	-1420.6889	-1421.6216
490	490	-1886.3197	-1864.94	-1870.348	21.379727	-1882.2547	-1852.1803	-1857.2392
491	491	-1494.1264	-1478.8172	-1484.8621	15.309267	-1489.8391	-1470.7613	-1470.7612
492	492	-2518.129	-2515.2325	-2521.6585	2.8965438	-2514.3056	-2494.9914	-2507.6753
493	493	-2869.6555	-2850.882	-2856.9195	18.773539	-2865.9129	-2841.723	-2843.6264
494	494	-2717.0817	-2712.6568	-2718.7489	4.4248645	-2713.0231	-2701.9634	-2704.743
495	495	-2210.5473	-2194.4288	-2200.4948	16.118495	-2206.5984	-2183.1031	-2186.8709
496	496	-1672.287	-1659.1439	-1665.2073	13.143098	-1668.1412	-1649.1676	-1651.222
497	497	-2150.158	-2151.827	-2154.8088	-1.6690239	-2146.1907	-2140.6944	-2144.7618
498	498	-1785.7665	-1746.661	-1752.7189	39.10557	-1767.1897	-1738.5334	-1738.5336
499	499	-1844.7511	-1793.9068	-1799.969	50.844293	-1840.4117	-1785.1976	-1785.191
