#chr	start	end	name	null_scale	alt_scale	alt_subscale	lnlratio	pval
0	0	200	1	0.22053	0.20734	4.65651	17.97662	0.00000
1	200	400	2	0.33280	0.31830	3.56901	15.76450	0.00000
2	400	600	3	0.15351	0.14419	4.78214	13.38669	0.00000
3	600	800	4	0.24404	0.21927	7.61934	47.21965	0.00000
4	800	1000	5	0.26835	0.25431	4.13569	17.73927	0.00000
5	1000	1200	6	0.23231	0.21499	5.65602	27.66266	0.00000
6	1200	1400	7	0.13018	0.12044	5.69425	15.75676	0.00000
7	1400	1600	8	0.13469	0.12122	7.52623	25.62592	0.00000
8	1600	1800	9	0.59227	0.58392	1.76199	3.45766	0.00427
9	1800	2000	10	0.17867	0.16258	6.77610	29.32386	0.00000
10	2000	2200	11	0.18978	0.16853	8.43480	42.01723	0.00000
11	2200	2400	12	0.35774	0.33835	4.24430	23.92706	0.00000
12	2400	2600	13	0.24764	0.23916	3.00526	7.92018	0.00003
13	2600	2800	14	0.23809	0.22484	4.38473	17.59344	0.00000
14	2800	3000	15	0.17896	0.16734	5.01448	17.09046	0.00000
15	3000	3200	16	0.19617	0.18297	5.17380	19.93712	0.00000
16	3200	3400	17	0.19883	0.18758	4.42774	15.01227	0.00000
17	3400	3600	18	0.18275	0.16039	9.22209	47.79967	0.00000
18	3600	3800	19	0.13388	0.10924	14.45491	66.60649	0.00000
19	3800	4000	20	0.10678	0.08100	20.20828	79.89929	0.00000
20	4000	4200	21	0.10713	0.09770	6.62103	16.92601	0.00000
21	4200	4400	22	0.23745	0.21488	7.19719	40.83882	0.00000
22	4400	4600	23	0.21809	0.20429	4.90511	19.74401	0.00000
23	4600	4800	24	0.20663	0.19955	3.00647	6.65426	0.00013
24	4800	5000	25	0.23248	0.21353	6.18644	31.77280	0.00000
25	5000	5200	26	0.19095	0.18090	4.17823	12.86144	0.00000
26	5200	5400	27	0.19768	0.18072	6.44891	29.07135	0.00000
27	5400	5600	28	0.07118	0.04948	27.66525	75.15916	0.00000
28	5600	5800	29	0.14286	0.12227	10.90374	48.85464	0.00000
29	5800	6000	30	0.15943	0.14630	6.22122	22.62440	0.00000
30	6000	6200	31	0.28269	0.25941	6.25708	38.18914	0.00000
31	6200	6400	32	0.09352	0.07789	12.83591	39.88513	0.00000
32	6400	6600	33	0.22740	0.20135	8.70402	53.05519	0.00000
33	6600	6800	34	0.17782	0.15553	9.41509	48.43237	0.00000
34	6800	7000	35	0.11770	0.09760	13.23996	52.94197	0.00000
35	7000	7200	36	0.15866	0.14000	8.84991	39.17667	0.00000
36	7200	7400	37	0.16448	0.14744	7.73733	33.51973	0.00000
37	7400	7600	38	0.16381	0.14461	8.87131	40.46304	0.00000
38	7600	7800	39	0.13109	0.11626	8.47605	31.00829	0.00000
39	7800	8000	40	0.15470	0.14203	6.19020	21.59325	0.00000
40	8000	8200	41	0.16873	0.14739	9.58983	46.26062	0.00000
41	8200	8400	42	0.16639	0.16060	3.04809	5.56545	0.00042
42	8400	8600	43	0.09117	0.07811	10.97279	30.80363	0.00000
43	8600	8800	44	0.16820	0.16386	2.50561	3.38540	0.00463
44	8800	9000	45	0.14897	0.12871	10.32916	47.32299	0.00000
45	9000	9200	46	0.23273	0.21323	6.32671	33.38672	0.00000
46	9200	9400	47	0.22824	0.21060	5.86008	28.59150	0.00000
47	9400	9600	48	0.23859	0.22670	4.02260	14.70962	0.00000
48	9600	9800	49	0.25069	0.23876	3.84896	14.00101	0.00000
49	9800	10000	50	0.14992	0.13055	9.84305	43.14338	0.00000
50	10000	10200	51	0.14823	0.13094	8.68581	36.32524	0.00000
51	10200	10400	52	0.30688	0.29598	3.08123	10.38279	0.00000
52	10400	10600	53	0.19370	0.17868	5.89433	24.30175	0.00000
53	10600	10800	54	0.31600	0.30745	2.54896	6.63498	0.00013
54	10800	11000	55	0.22016	0.19463	8.75555	51.93196	0.00000
55	11000	11200	56	0.15739	0.12822	14.80702	78.92340	0.00000
56	11200	11400	57	0.21678	0.20103	5.51849	24.59757	0.00000
57	11400	11600	58	0.16336	0.14121	10.33484	51.35461	0.00000
58	11600	11800	59	0.09609	0.08073	12.22917	38.84635	0.00000
59	11800	12000	60	0.21793	0.20486	4.68024	18.04476	0.00000
60	12000	12200	61	0.20849	0.19446	5.16317	20.75477	0.00000
61	12200	12400	62	0.21365	0.19391	6.90178	35.84098	0.00000
62	12400	12600	63	0.22368	0.19509	9.77592	62.28388	0.00000
63	12600	12800	64	0.16718	0.15391	6.01436	22.04344	0.00000
64	12800	13000	65	0.16598	0.14691	8.58818	39.51160	0.00000
65	13000	13200	66	0.29966	0.27928	5.28394	30.19572	0.00000
66	13200	13400	67	0.17681	0.15888	7.70899	34.37289	0.00000
67	13400	13600	68	0.28248	0.25074	8.64234	62.89171	0.00000
68	13600	13800	69	0.31282	0.29721	3.99084	18.83953	0.00000
69	13800	14000	70	0.24271	0.21412	8.91294	59.89840	0.00000
70	14000	14200	71	0.16194	0.14240	9.11559	42.17729	0.00000
71	14200	14400	72	0.18465	0.17267	4.96357	17.65721	0.00000
72	14400	14600	73	0.11446	0.09196	15.64518	62.68353	0.00000
73	14600	14800	74	0.30766	0.28998	4.49167	23.34351	0.00000
74	14800	15000	75	0.48978	0.47602	2.59809	10.14455	0.00000
75	15000	15200	76	0.19872	0.17868	7.59628	38.12335	0.00000
76	15200	15400	77	0.28362	0.26815	4.29051	19.75171	0.00000
77	15400	15600	78	0.30725	0.29546	3.25294	11.62280	0.00000
78	15600	15800	79	0.17418	0.15497	8.24971	38.55519	0.00000
79	15800	16000	80	0.19850	0.17962	7.11520	35.59176	0.00000
80	16000	16200	81	0.32619	0.30710	4.53132	24.88422	0.00000
81	16200	16400	82	0.46389	0.44607	3.23034	16.95823	0.00000
82	16400	16600	83	0.07677	0.05995	17.76138	50.44136	0.00000
83	16600	16800	84	0.25584	0.24463	3.60228	12.37080	0.00000
84	16800	17000	85	0.25727	0.24760	3.22002	9.69435	0.00001
85	17000	17200	86	0.17123	0.14747	10.58120	54.43513	0.00000
86	17200	17400	87	0.14372	0.11247	17.99031	91.16938	0.00000
87	17400	17600	88	0.20273	0.18087	8.11849	43.83103	0.00000
88	17600	17800	89	0.19076	0.17954	4.56937	15.59085	0.00000
89	17800	18000	90	0.16988	0.15146	8.17966	36.43525	0.00000
90	18000	18200	91	0.17997	0.15899	8.78757	43.88201	0.00000
91	18200	18400	92	0.28442	0.27386	3.17795	10.41974	0.00000
92	18400	18600	93	0.16990	0.14863	9.50450	45.74705	0.00000
93	18600	18800	94	0.19558	0.18973	2.75109	5.08749	0.00071
94	18800	19000	95	0.11473	0.10044	9.30171	31.71250	0.00000
95	19000	19200	96	0.33568	0.32511	2.82721	9.01114	0.00001
96	19200	19400	97	0.18774	0.16817	7.81944	38.23437	0.00000
97	19400	19600	98	0.26454	0.24699	5.09408	25.44833	0.00000
98	19600	19800	99	0.13722	0.11629	11.65742	50.80189	0.00000
99	19800	20000	100	0.19706	0.18166	5.90959	24.90180	0.00000
100	20000	20200	101	0.07409	0.05696	18.82514	51.74694	0.00000
101	20200	20400	102	0.21304	0.19442	6.56272	31.86184	0.00000
102	20400	20600	103	0.18706	0.16906	7.24043	33.67491	0.00000
103	20600	20800	104	0.16512	0.14169	10.77241	53.93206	0.00000
104	20800	21000	105	0.09503	0.07974	12.32939	39.02598	0.00000
105	21000	21200	106	0.13522	0.11348	12.51401	54.25275	0.00000
106	21200	21400	107	0.19254	0.17894	5.45918	20.96154	0.00000
107	21400	21600	108	0.30502	0.28570	4.89042	27.10516	0.00000
108	21600	21800	109	0.21956	0.19765	7.56744	41.56881	0.00000
109	21800	22000	110	0.23339	0.21513	5.90957	29.70695	0.00000
110	22000	22200	111	0.10178	0.08456	13.10370	44.56783	0.00000
111	22200	22400	112	0.18163	0.17680	2.56102	3.84365	0.00278
112	22400	22600	113	0.32492	0.30265	5.28528	32.28280	0.00000
113	22600	22800	114	0.42568	0.41293	2.72112	10.21942	0.00000
114	22800	23000	115	0.37785	0.36278	3.31728	15.29800	0.00000
115	23000	23200	116	0.34014	0.31811	4.98869	30.75264	0.00000
116	23200	23400	117	0.38943	0.37582	3.03617	12.17006	0.00000
117	23400	23600	118	0.28976	0.28074	2.80703	7.82516	0.00004
118	23600	23800	119	0.21994	0.20400	5.55453	24.62988	0.00000
119	23800	24000	120	0.13444	0.11764	9.43048	37.05120	0.00000
120	24000	24200	121	0.10478	0.09154	9.49436	29.45888	0.00000
121	24200	24400	122	0.23144	0.21107	6.61696	35.55628	0.00000
122	24400	24600	123	0.12074	0.11313	4.87534	11.32462	0.00000
123	24600	24800	124	0.10153	0.09235	6.73835	15.98912	0.00000
124	24800	25000	125	0.12716	0.10126	16.39697	72.60741	0.00000
125	25000	25200	126	0.15535	0.14182	6.55188	23.60390	0.00000
126	25200	25400	127	0.09217	0.07166	18.17256	59.91073	0.00000
127	25400	25600	128	0.30161	0.28493	4.35472	21.39529	0.00000
128	25600	25800	129	0.11703	0.09966	11.34559	41.52465	0.00000
129	25800	26000	130	0.19276	0.17801	5.82178	23.96563	0.00000
130	26000	26200	131	0.22756	0.21122	5.50478	25.32659	0.00000
131	26200	26400	132	0.18716	0.16519	8.85884	46.50075	0.00000
132	26400	26600	133	0.10443	0.07582	24.08697	95.62524	0.00000
133	26600	26800	134	0.10925	0.08605	17.07115	66.88136	0.00000
134	26800	27000	135	0.19329	0.18801	2.59737	4.26407	0.00175
135	27000	27200	136	0.06358	0.04241	31.19614	76.50002	0.00000
136	27200	27400	137	0.16351	0.15711	3.33342	6.81941	0.00011
137	27400	27600	138	0.15880	0.13891	9.39160	43.30231	0.00000
138	27600	27800	139	0.15419	0.13358	10.12938	46.62757	0.00000
139	27800	28000	140	0.13644	0.12439	6.66003	21.99675	0.00000
140	28000	28200	141	0.33766	0.32991	2.31440	5.21163	0.00062
141	28200	28400	142	0.11422	0.09550	12.65776	47.16235	0.00000
142	28400	28600	143	0.14042	0.12973	5.77848	17.73714	0.00000
143	28600	28800	144	0.17778	0.16344	6.04153	23.89005	0.00000
144	28800	29000	145	0.35489	0.34178	3.15149	12.48565	0.00000
145	29000	29200	146	0.14042	0.12745	6.95816	23.74826	0.00000
146	29200	29400	147	0.27399	0.26204	3.58342	13.27582	0.00000
147	29400	29600	148	0.32613	0.31199	3.56435	15.30117	0.00000
148	29600	29800	149	0.17169	0.15780	6.08756	23.13065	0.00000
149	29800	30000	150	0.05244	0.03053	44.30195	87.90552	0.00000
150	30000	30200	151	0.19241	0.17848	5.46583	21.91872	0.00000
151	30200	30400	152	0.14791	0.13244	7.92194	30.64457	0.00000
152	30400	30600	153	0.21429	0.20407	3.85408	12.27724	0.00000
153	30600	30800	154	0.24726	0.22673	6.26095	35.00200	0.00000
154	30800	31000	155	0.08661	0.06190	25.29630	83.07863	0.00000
155	31000	31200	156	0.38679	0.36605	4.24308	25.28370	0.00000
156	31200	31400	157	0.07952	0.06242	17.16746	49.62815	0.00000
157	31400	31600	158	0.27915	0.25825	5.67334	32.92247	0.00000
158	31600	31800	159	0.26896	0.25125	5.09542	25.92385	0.00000
159	31800	32000	160	0.22718	0.21302	4.81903	20.17052	0.00000
160	32000	32200	161	0.24662	0.23080	4.94484	22.83335	0.00000
161	32200	32400	162	0.19925	0.19000	3.78824	10.66271	0.00000
162	32400	32600	163	0.12279	0.09804	16.32254	70.26208	0.00000
163	32600	32800	164	0.31098	0.29184	4.78482	26.54383	0.00000
164	32800	33000	165	0.26710	0.25291	4.20916	17.83893	0.00000
165	33000	33200	166	0.25690	0.23613	6.08670	34.04050	0.00000
166	33200	33400	167	0.07732	0.06009	18.24378	50.86062	0.00000
167	33400	33600	168	0.15787	0.14853	4.63412	12.86190	0.00000
168	33600	33800	169	0.09356	0.08153	9.62497	27.26319	0.00000
169	33800	34000	170	0.22829	0.19709	10.56155	70.01561	0.00000
170	34000	34200	171	0.18807	0.16919	7.54252	36.14478	0.00000
171	34200	34400	172	0.11285	0.09892	9.28444	30.27486	0.00000
172	34400	34600	173	0.17844	0.16285	6.59612	27.72581	0.00000
173	34600	34800	174	0.17394	0.15794	6.92390	28.77504	0.00000
174	34800	35000	175	0.29031	0.27643	3.87861	16.38539	0.00000
175	35000	35200	176	0.13692	0.11618	11.62671	50.65682	0.00000
176	35200	35400	177	0.18831	0.17273	6.25840	26.43945	0.00000
177	35400	35600	178	0.12915	0.11173	10.20050	40.29207	0.00000
178	35600	35800	179	0.12692	0.11543	6.81658	21.30729	0.00000
179	35800	36000	180	0.29632	0.28065	4.19921	19.97196	0.00000
180	36000	36200	181	0.14271	0.12171	11.25643	49.81587	0.00000
181	36200	36400	182	0.23507	0.22519	3.50431	10.83530	0.00000
182	36400	36600	183	0.17059	0.16351	3.47108	7.70951	0.00004
183	36600	36800	184	0.09559	0.08082	11.81698	36.60547	0.00000
184	36800	37000	185	0.24044	0.22387	5.29324	25.24344	0.00000
185	37000	37200	186	0.37610	0.36768	2.27735	5.52909	0.00044
186	37200	37400	187	0.35579	0.34366	2.97971	10.69458	0.00000
187	37400	37600	188	0.34500	0.32975	3.61582	16.38466	0.00000
188	37600	37800	189	0.38815	0.38147	1.96980	3.50938	0.00403
189	37800	38000	190	0.14426	0.12547	9.82595	41.97343	0.00000
190	38000	38200	191	0.07011	0.05896	12.14038	28.32306	0.00000
191	38200	38400	192	0.24359	0.23107	4.08063	15.52105	0.00000
192	38400	38600	193	0.18159	0.16378	7.31863	33.14969	0.00000
193	38600	38800	194	0.41131	0.38422	5.03197	37.49600	0.00000
194	38800	39000	195	0.12633	0.11255	8.24221	27.72737	0.00000
195	39000	39200	196	0.11228	0.08063	25.22901	103.42209	0.00000
196	39200	39400	197	0.20646	0.18690	7.10826	36.62603	0.00000
197	39400	39600	198	0.20550	0.18299	8.26629	44.36644	0.00000
198	39600	39800	199	0.18413	0.17677	3.38162	7.92333	0.00003
199	39800	40000	200	0.10664	0.09875	5.63701	13.03758	0.00000
200	40000	40200	201	0.19914	0.18408	5.69630	24.48689	0.00000
201	40200	40400	202	0.10588	0.09329	8.87743	27.09762	0.00000
202	40400	40600	203	0.32035	0.29771	5.38178	33.73089	0.00000
203	40600	40800	204	0.12368	0.11666	4.46137	9.68554	0.00001
204	40800	41000	205	0.28737	0.26875	4.94436	26.68102	0.00000
205	41000	41200	206	0.16134	0.13950	10.28499	49.79770	0.00000
206	41200	41400	207	0.15385	0.14265	5.53631	17.93552	0.00000
207	41400	41600	208	0.22742	0.21028	5.76906	27.29713	0.00000
208	41600	41800	209	0.41161	0.39209	3.83270	21.36512	0.00000
209	41800	42000	210	0.14385	0.12388	10.50764	46.44780	0.00000
210	42000	42200	211	0.24574	0.22836	5.36521	27.00958	0.00000
211	42200	42400	212	0.34778	0.33328	3.42404	14.63368	0.00000
212	42400	42600	213	0.32486	0.30791	4.15452	20.58984	0.00000
213	42600	42800	214	0.14889	0.12679	11.41973	52.92286	0.00000
214	42800	43000	215	0.32692	0.31698	2.75048	8.01761	0.00003
215	43000	43200	216	0.21318	0.19989	4.84731	18.72331	0.00000
216	43200	43400	217	0.24885	0.23238	5.11549	24.51279	0.00000
217	43400	43600	218	0.20760	0.19646	4.26371	14.45760	0.00000
218	43600	43800	219	0.19175	0.18167	4.20768	12.95372	0.00000
219	43800	44000	220	0.15121	0.11980	16.96231	91.33449	0.00000
220	44000	44200	221	0.24121	0.22509	5.11043	23.64412	0.00000
221	44200	44400	222	0.11904	0.10137	11.36752	42.80646	0.00000
222	44400	44600	223	0.30662	0.29034	4.19207	20.34535	0.00000
223	44600	44800	224	0.35049	0.34456	1.95608	3.11456	0.00628
224	44800	45000	225	0.20733	0.18608	7.76982	41.11977	0.00000
225	45000	45200	226	0.19916	0.16675	12.74730	78.74258	0.00000
226	45200	45400	227	0.19949	0.17899	7.70021	39.95887	0.00000
227	45400	45600	228	0.14120	0.12557	8.26887	31.61582	0.00000
228	45600	45800	229	0.23831	0.22904	3.29082	9.51648	0.00001
229	45800	46000	230	0.07741	0.06308	14.38173	39.07686	0.00000
230	46000	46200	231	0.19804	0.18218	6.05900	26.76548	0.00000
231	46200	46400	232	0.33137	0.31949	3.09519	11.28973	0.00000
232	46400	46600	233	0.27945	0.25618	6.30483	39.87342	0.00000
233	46600	46800	234	0.33582	0.32476	2.90016	9.85051	0.00000
234	46800	47000	235	0.09313	0.07768	12.75023	39.74469	0.00000
235	47000	47200	236	0.08877	0.07793	9.10380	23.80930	0.00000
236	47200	47400	237	0.25660	0.25298	1.79889	1.66698	0.03393
237	47400	47600	238	0.33797	0.32752	2.79924	8.97538	0.00001
238	47600	47800	239	0.08654	0.06810	17.02856	52.95701	0.00000
239	47800	48000	240	0.20253	0.17857	8.95392	49.27267	0.00000
240	48000	48200	241	0.09605	0.08128	11.73805	36.32728	0.00000
241	48200	48400	242	0.23293	0.20856	7.87411	46.87282	0.00000
242	48400	48600	243	0.07244	0.05866	14.81824	37.94966	0.00000
243	48600	48800	244	0.09132	0.07064	18.64662	62.19942	0.00000
244	48800	49000	245	0.19181	0.17100	8.10564	41.18256	0.00000
245	49000	49200	246	0.25026	0.21018	12.77248	98.40878	0.00000
246	49200	49400	247	0.20661	0.19171	5.50380	23.66076	0.00000
247	49400	49600	248	0.21838	0.18838	10.49017	67.97203	0.00000
248	49600	49800	249	0.17653	0.15619	8.69209	42.29801	0.00000
249	49800	50000	250	0.14459	0.12263	11.61566	53.57560	0.00000
250	50000	50200	251	0.12982	0.11814	6.76097	21.25229	0.00000
251	50200	50400	252	0.15775	0.14061	8.17222	34.75777	0.00000
252	50400	50600	253	0.24589	0.22365	6.84109	39.11386	0.00000
253	50600	50800	254	0.12890	0.11461	8.28091	29.09480	0.00000
254	50800	51000	255	0.12572	0.10985	9.53233	34.72489	0.00000
255	51000	51200	256	0.27975	0.26115	5.10592	27.28054	0.00000
256	51200	51400	257	0.22593	0.20201	8.01716	46.69271	0.00000
257	51400	51600	258	0.28057	0.26112	5.35360	29.62058	0.00000
258	51600	51800	259	0.26799	0.25665	3.50277	12.37457	0.00000
259	51800	52000	260	0.17422	0.15283	9.27958	46.67415	0.00000
260	52000	52200	261	0.19625	0.17631	7.61716	38.49733	0.00000
261	52200	52400	262	0.30452	0.30260	1.34848	0.43282	0.17608
262	52400	52600	263	0.25276	0.23504	5.37014	27.21944	0.00000
263	52600	52800	264	0.23761	0.22581	3.97920	14.57199	0.00000
264	52800	53000	265	0.18106	0.16803	5.50993	20.34590	0.00000
265	53000	53200	266	0.19375	0.18571	3.47067	8.69960	0.00002
266	53200	53400	267	0.42071	0.40041	3.86128	23.22637	0.00000
267	53400	53600	268	0.12548	0.11203	8.00534	27.52359	0.00000
268	53600	53800	269	0.22180	0.20476	5.85743	27.74033	0.00000
269	53800	54000	270	0.25782	0.24086	5.06750	24.64296	0.00000
270	54000	54200	271	0.17909	0.14964	12.91389	72.90337	0.00000
271	54200	54400	272	0.14175	0.11305	16.18076	80.72727	0.00000
272	54400	54600	273	0.24154	0.21927	6.99330	40.15809	0.00000
273	54600	54800	274	0.20087	0.18964	4.41171	14.97309	0.00000
274	54800	55000	275	0.21225	0.18921	8.10726	46.04063	0.00000
275	55000	55200	276	0.08302	0.07270	9.35048	22.94390	0.00000
276	55200	55400	277	0.14108	0.11666	13.45162	62.56749	0.00000
277	55400	55600	278	0.21511	0.20607	3.50698	9.86977	0.00000
278	55600	55800	279	0.16383	0.14083	10.68523	52.40273	0.00000
279	55800	56000	280	0.35588	0.34440	2.87251	9.85587	0.00000
280	56000	56200	281	0.20917	0.18011	10.66489	65.82718	0.00000
281	56200	56400	282	0.16500	0.14104	11.20304	56.59917	0.00000
282	56400	56600	283	0.14305	0.12639	8.69715	35.12221	0.00000
283	56600	56800	284	0.24227	0.21340	9.01925	60.50448	0.00000
284	56800	57000	285	0.18755	0.16007	11.22097	64.59683	0.00000
285	57000	57200	286	0.29181	0.25943	8.40281	62.82314	0.00000
286	57200	57400	287	0.21725	0.18417	11.98518	78.59719	0.00000
287	57400	57600	288	0.30716	0.29510	3.29992	12.19116	0.00000
288	57600	57800	289	0.21105	0.18433	9.62162	57.88450	0.00000
289	57800	58000	290	0.18267	0.16768	6.18106	25.35443	0.00000
290	58000	58200	291	0.13896	0.11598	12.71218	57.81797	0.00000
291	58200	58400	292	0.12846	0.10660	13.20810	57.43951	0.00000
292	58400	58600	293	0.18198	0.16927	5.35483	19.79334	0.00000
293	58600	58800	294	0.27290	0.25650	4.68158	22.39335	0.00000
294	58800	59000	295	0.26617	0.24914	4.92453	24.36164	0.00000
295	59000	59200	296	0.30879	0.29724	3.18281	10.96020	0.00000
296	59200	59400	297	0.25163	0.22080	9.31694	65.41075	0.00000
297	59400	59600	298	0.09168	0.08127	8.52193	21.53377	0.00000
298	59600	59800	299	0.27023	0.25732	3.85814	15.09003	0.00000
299	59800	60000	300	0.19915	0.18093	6.84836	32.59860	0.00000
300	60000	60200	301	0.13959	0.11867	11.38283	49.77170	0.00000
301	60200	60400	302	0.36028	0.33564	5.23449	35.20033	0.00000
302	60400	60600	303	0.23268	0.20564	8.76510	55.35094	0.00000
303	60600	60800	304	0.30593	0.27803	6.90267	48.57221	0.00000
304	60800	61000	305	0.23093	0.21892	4.14915	15.25962	0.00000
305	61000	61200	306	0.36242	0.33856	5.07088	34.11771	0.00000
306	61200	61400	307	0.10344	0.08671	12.48931	42.32719	0.00000
307	61400	61600	308	0.13532	0.11835	9.44899	37.14386	0.00000
308	61600	61800	309	0.30074	0.28975	3.14481	10.62797	0.00000
309	61800	62000	310	0.25792	0.23835	5.77083	30.75379	0.00000
310	62000	62200	311	0.45470	0.44614	2.04435	4.69111	0.00110
311	62200	62400	312	0.21400	0.19834	5.56444	24.78176	0.00000
312	62400	62600	313	0.24382	0.22357	6.26716	34.01310	0.00000
313	62600	62800	314	0.25377	0.23442	5.78062	30.93864	0.00000
314	62800	63000	315	0.40449	0.39232	2.72040	9.89519	0.00000
315	63000	63200	316	0.14771	0.13429	6.87068	24.51795	0.00000
316	63200	63400	317	0.28007	0.26273	4.78877	24.32346	0.00000
317	63400	63600	318	0.21965	0.21405	2.48179	4.19769	0.00188
318	63600	63800	319	0.16930	0.14832	9.28295	45.48452	0.00000
319	63800	64000	320	0.15695	0.14561	5.52344	17.91466	0.00000
320	64000	64200	321	0.18383	0.16565	7.40100	34.52362	0.00000
321	64200	64400	322	0.37439	0.35953	3.34601	15.01842	0.00000
322	64400	64600	323	0.08548	0.06842	16.06029	47.79572	0.00000
323	64600	64800	324	0.16780	0.14321	11.28640	57.64893	0.00000
324	64800	65000	325	0.11073	0.09142	13.74034	50.50498	0.00000
325	65000	65200	326	0.10375	0.08710	12.29284	41.93693	0.00000
326	65200	65400	327	0.44381	0.43738	1.80212	2.90167	0.00800
327	65400	65600	328	0.10966	0.09123	12.97655	47.78553	0.00000
328	65600	65800	329	0.23951	0.23226	2.76016	6.15989	0.00022
329	65800	66000	330	0.24094	0.23505	2.41018	4.24607	0.00178
330	66000	66200	331	0.08981	0.07422	13.36120	40.67728	0.00000
331	66200	66400	332	0.11429	0.09166	15.81951	62.80400	0.00000
332	66400	66600	333	0.24262	0.22298	6.17928	32.47748	0.00000
333	66600	66800	334	0.29395	0.28163	3.48022	12.98300	0.00000
334	66800	67000	335	0.25473	0.23737	5.28016	25.95615	0.00000
335	67000	67200	336	0.19780	0.17381	9.19526	51.43614	0.00000
336	67200	67400	337	0.12664	0.11416	7.36411	23.75991	0.00000
337	67400	67600	338	0.22163	0.20726	4.98915	20.83259	0.00000
338	67600	67800	339	0.18533	0.16562	7.99050	38.72856	0.00000
339	67800	68000	340	0.32017	0.29853	5.20244	31.09190	0.00000
340	68000	68200	341	0.11171	0.09252	13.27682	49.92205	0.00000
341	68200	68400	342	0.44424	0.43120	2.67849	10.29567	0.00000
342	68400	68600	343	0.31928	0.30362	3.92645	18.39078	0.00000
343	68600	68800	344	0.30327	0.29418	2.72990	7.49518	0.00005
344	68800	69000	345	0.24930	0.23901	3.44834	10.94484	0.00000
345	69000	69200	346	0.26812	0.25232	4.62840	21.37924	0.00000
346	69200	69400	347	0.22526	0.21023	5.10486	22.12758	0.00000
347	69400	69600	348	0.35676	0.34323	3.22247	13.29422	0.00000
348	69600	69800	349	0.28182	0.27129	3.20908	10.46075	0.00000
349	69800	70000	350	0.22990	0.21379	5.31149	24.50583	0.00000
350	70000	70200	351	0.21200	0.19886	4.78656	18.50590	0.00000
351	70200	70400	352	0.30693	0.28772	4.82532	26.78334	0.00000
352	70400	70600	353	0.14142	0.12510	8.61693	33.74760	0.00000
353	70600	70800	354	0.07438	0.06239	12.33775	29.96306	0.00000
354	70800	71000	355	0.23921	0.22521	4.57733	19.05513	0.00000
355	71000	71200	356	0.27620	0.26222	4.05299	17.34869	0.00000
356	71200	71400	357	0.25145	0.24365	2.80959	6.76147	0.00012
357	71400	71600	358	0.25146	0.23514	4.97172	23.81652	0.00000
358	71600	71800	359	0.18352	0.15593	11.64526	66.30061	0.00000
359	71800	72000	360	0.16057	0.13739	10.95838	54.22028	0.00000
360	72000	72200	361	0.37715	0.35976	3.72979	19.14750	0.00000
361	72200	72400	362	0.24137	0.21892	7.00835	41.29114	0.00000
362	72400	72600	363	0.50594	0.48396	3.53638	22.26037	0.00000
363	72600	72800	364	0.12431	0.10956	8.88131	30.77589	0.00000
364	72800	73000	365	0.17727	0.15598	8.99426	45.77578	0.00000
365	73000	73200	366	0.13517	0.12349	6.50468	20.60723	0.00000
366	73200	73400	367	0.07949	0.06411	15.23518	43.55569	0.00000
367	73400	73600	368	0.18625	0.15760	11.93121	68.74560	0.00000
368	73600	73800	369	0.31162	0.28731	5.88094	38.35007	0.00000
369	73800	74000	370	0.25103	0.23757	4.27487	17.04305	0.00000
370	74000	74200	371	0.20278	0.17851	9.01343	50.41103	0.00000
371	74200	74400	372	0.21672	0.20288	4.92294	19.83119	0.00000
372	74400	74600	373	0.21890	0.20137	6.03493	29.04763	0.00000
373	74600	74800	374	0.34813	0.33513	3.15960	12.54490	0.00000
374	74800	75000	375	0.10914	0.09048	13.21333	48.13426	0.00000
375	75000	75200	376	0.06332	0.05322	12.13775	25.34204	0.00000
376	75200	75400	377	0.23867	0.21325	8.07722	50.50588	0.00000
377	75400	75600	378	0.24245	0.21369	8.98135	60.20948	0.00000
378	75600	75800	379	0.29763	0.28240	4.04451	18.27614	0.00000
379	75800	76000	380	0.20704	0.18595	7.67502	40.79305	0.00000
380	76000	76200	381	0.24999	0.23632	4.30232	17.41523	0.00000
381	76200	76400	382	0.20749	0.18691	7.49635	38.99529	0.00000
382	76400	76600	383	0.42844	0.40684	4.01979	24.73042	0.00000
383	76600	76800	384	0.12059	0.10222	11.66383	44.84647	0.00000
384	76800	77000	385	0.15355	0.13694	8.11911	33.51906	0.00000
385	77000	77200	386	0.12362	0.09069	23.46003	106.50259	0.00000
386	77200	77400	387	0.08873	0.07121	15.60806	49.05184	0.00000
387	77400	77600	388	0.14180	0.13439	4.17298	9.42843	0.00001
388	77600	77800	389	0.21866	0.20577	4.59878	17.77207	0.00000
389	77800	78000	390	0.13931	0.11701	12.43529	57.08820	0.00000
390	78000	78200	391	0.12927	0.11214	10.02448	39.86494	0.00000
391	78200	78400	392	0.14266	0.12342	10.15668	44.15247	0.00000
392	78400	78600	393	0.33227	0.31953	3.23154	12.46312	0.00000
393	78600	78800	394	0.26620	0.24638	5.66951	31.19960	0.00000
394	78800	79000	395	0.13935	0.12446	7.97166	29.70992	0.00000
395	79000	79200	396	0.20773	0.19107	6.05810	27.61930	0.00000
396	79200	79400	397	0.26683	0.24456	6.27395	36.75152	0.00000
397	79400	79600	398	0.15865	0.13813	9.79341	45.67558	0.00000
398	79600	79800	399	0.10406	0.08056	18.44367	71.28310	0.00000
399	79800	80000	400	0.16725	0.14536	9.85717	48.56261	0.00000
400	80000	80200	401	0.21490	0.18804	9.44319	57.37397	0.00000
401	80200	80400	402	0.10570	0.09152	10.07508	32.03288	0.00000
402	80400	80600	403	0.23538	0.21195	7.49071	43.82352	0.00000
403	80600	80800	404	0.28477	0.26829	4.53132	22.34681	0.00000
404	80800	81000	405	0.18839	0.16411	9.81449	53.49496	0.00000
405	81000	81200	406	0.22542	0.20659	6.33193	32.19791	0.00000
406	81200	81400	407	0.11621	0.10027	10.35947	36.52260	0.00000
407	81400	81600	408	0.21326	0.19903	5.10453	21.32786	0.00000
408	81600	81800	409	0.16943	0.14748	9.89434	48.39444	0.00000
409	81800	82000	410	0.18506	0.16891	6.58693	28.54175	0.00000
410	82000	82200	411	0.17190	0.16101	4.90880	15.94705	0.00000
411	82200	82400	412	0.56309	0.54464	2.86067	15.00948	0.00000
412	82400	82600	413	0.16285	0.14647	7.52785	31.76686	0.00000
413	82600	82800	414	0.19283	0.17420	7.23647	35.06287	0.00000
414	82800	83000	415	0.22660	0.20146	8.41991	50.84390	0.00000
415	83000	83200	416	0.26714	0.25295	4.19529	17.74262	0.00000
416	83200	83400	417	0.24882	0.23488	4.40799	18.06245	0.00000
417	83400	83600	418	0.14730	0.13200	7.83579	30.39855	0.00000
418	83600	83800	419	0.22861	0.21117	5.80019	28.39577	0.00000
419	83800	84000	420	0.29892	0.28355	4.07244	18.45889	0.00000
420	84000	84200	421	0.33065	0.31733	3.36063	13.61401	0.00000
421	84200	84400	422	0.25237	0.22585	7.97838	51.20410	0.00000
422	84400	84600	423	0.36213	0.33916	4.86630	31.34517	0.00000
423	84600	84800	424	0.13881	0.12760	6.10204	19.54299	0.00000
424	84800	85000	425	0.10748	0.09154	11.28690	38.42278	0.00000
425	85000	85200	426	0.28846	0.26639	5.81048	35.27274	0.00000
426	85200	85400	427	0.12732	0.11372	7.96269	27.30538	0.00000
427	85400	85600	428	0.16053	0.14351	7.91533	34.06786	0.00000
428	85600	85800	429	0.14812	0.13548	6.39814	21.95745	0.00000
429	85800	86000	430	0.10244	0.08958	9.39856	28.03543	0.00000
430	86000	86200	431	0.17547	0.16513	4.60119	14.27153	0.00000
431	86200	86400	432	0.20635	0.19099	5.65891	24.24089	0.00000
432	86400	86600	433	0.17338	0.15115	9.78054	49.58292	0.00000
433	86600	86800	434	0.28312	0.27806	2.01326	2.82910	0.00869
434	86800	87000	435	0.22447	0.19553	9.82423	63.86115	0.00000
435	87000	87200	436	0.22885	0.20372	8.29655	50.14101	0.00000
436	87200	87400	437	0.17908	0.16154	7.37461	33.30798	0.00000
437	87400	87600	438	0.08941	0.07447	12.83148	37.64945	0.00000
438	87600	87800	439	0.33701	0.32263	3.50585	15.53533	0.00000
439	87800	88000	440	0.31006	0.29642	3.60029	14.95335	0.00000
440	88000	88200	441	0.15175	0.13352	9.08561	38.58743	0.00000
441	88200	88400	442	0.38045	0.36419	3.48774	16.51067	0.00000
442	88400	88600	443	0.45199	0.44118	2.35839	7.28312	0.00007
443	88600	88800	444	0.27742	0.26309	4.11462	17.55727	0.00000
444	88800	89000	445	0.30482	0.27878	6.46941	43.18476	0.00000
445	89000	89200	446	0.36121	0.34406	3.80973	19.49432	0.00000
446	89200	89400	447	0.14918	0.12213	14.22285	70.95908	0.00000
447	89400	89600	448	0.21303	0.20487	3.26614	8.31971	0.00002
448	89600	89800	449	0.12920	0.11046	11.18503	45.13329	0.00000
449	89800	90000	450	0.48140	0.46430	3.02268	14.98946	0.00000
450	90000	90200	451	0.26175	0.24613	4.62379	21.13031	0.00000
451	90200	90400	452	0.23802	0.21610	6.94034	39.61752	0.00000
452	90400	90600	453	0.32738	0.31965	2.35261	5.41134	0.00050
453	90600	90800	454	0.16719	0.14586	9.71414	46.85085	0.00000
454	90800	91000	455	0.22126	0.20360	6.02326	29.34200	0.00000
455	91000	91200	456	0.39347	0.36520	5.43339	41.08257	0.00000
456	91200	91400	457	0.28192	0.26570	4.53113	21.48058	0.00000
457	91400	91600	458	0.30752	0.28842	4.81861	26.73494	0.00000
458	91600	91800	459	0.23994	0.21154	8.97731	59.05067	0.00000
459	91800	92000	460	0.24201	0.22666	4.88059	21.78556	0.00000
460	92000	92200	461	0.36375	0.34370	4.31843	25.05775	0.00000
461	92200	92400	462	0.17385	0.15575	7.79255	35.82102	0.00000
462	92400	92600	463	0.22021	0.20633	4.90239	19.75688	0.00000
463	92600	92800	464	0.16624	0.14740	8.50680	38.19717	0.00000
464	92800	93000	465	0.30107	0.27454	6.71840	45.56975	0.00000
465	93000	93200	466	0.30755	0.28517	5.53415	34.13530	0.00000
466	93200	93400	467	0.20307	0.18313	7.39103	37.71396	0.00000
467	93400	93600	468	0.17408	0.16313	4.85001	15.82625	0.00000
468	93600	93800	469	0.21546	0.19429	7.39903	39.04035	0.00000
469	93800	94000	470	0.17295	0.15661	7.07706	30.02253	0.00000
470	94000	94200	471	0.29634	0.28275	3.71115	15.30533	0.00000
471	94200	94400	472	0.29494	0.25777	9.68495	78.39333	0.00000
472	94400	94600	473	0.13895	0.12949	5.22249	14.59177	0.00000
473	94600	94800	474	0.27482	0.25413	5.79623	32.49377	0.00000
474	94800	95000	475	0.19793	0.17329	9.44244	53.44641	0.00000
475	95000	95200	476	0.11842	0.09883	12.86210	50.62845	0.00000
476	95200	95400	477	0.32303	0.30738	3.89942	18.09797	0.00000
477	95400	95600	478	0.15647	0.13710	9.26850	41.30969	0.00000
478	95600	95800	479	0.10221	0.06846	31.41772	121.41754	0.00000
479	95800	96000	480	0.13512	0.11987	8.39972	31.91578	0.00000
480	96000	96200	481	0.12191	0.10066	13.64608	55.38909	0.00000
481	96200	96400	482	0.23785	0.22217	5.06573	23.20583	0.00000
482	96400	96600	483	0.26337	0.24487	5.41279	28.11500	0.00000
483	96600	96800	484	0.25039	0.23489	4.77748	21.41265	0.00000
484	96800	97000	485	0.22167	0.21621	2.42462	4.01565	0.00230
485	97000	97200	486	0.39785	0.37200	4.99264	35.27882	0.00000
486	97200	97400	487	0.20820	0.19349	5.42362	22.50239	0.00000
487	97400	97600	488	0.50120	0.48891	2.37109	8.18830	0.00003
488	97600	97800	489	0.22467	0.18953	12.31051	84.65970	0.00000
489	97800	98000	490	0.13467	0.12173	7.25021	24.46774	0.00000
490	98000	98200	491	0.17821	0.15849	8.27669	40.29870	0.00000
491	98200	98400	492	0.11297	0.10439	5.75608	14.18175	0.00000
492	98400	98600	493	0.27740	0.26940	2.67346	6.55676	0.00015
493	98600	98800	494	0.31539	0.29607	4.77662	26.23849	0.00000
494	98800	99000	495	0.28513	0.27799	2.42763	5.18595	0.00064
495	99000	99200	496	0.23702	0.22987	2.76460	6.22042	0.00021
496	99200	99400	497	0.13066	0.11572	8.54920	31.18959	0.00000
497	99400	99600	498	0.22830	0.22367	2.16577	2.84139	0.00857
498	99600	99800	499	0.16809	0.15226	7.08831	29.25807	0.00000
499	99800	100000	500	0.19217	0.16944	8.90294	47.86399	0.00000
