#chr	start	end	name	null_scale	alt_scale	alt_subscale	lnlratio	pval
0	0	200	1	0.23073	0.22827	1.60470	0.93447	0.08580
1	200	400	2	0.30776	0.30590	1.33501	0.40581	0.18382
2	400	600	3	0.13765	0.13612	1.63351	0.60014	0.13663
3	600	800	4	0.22819	0.22819	1.00000	0.00000	0.49998
4	800	1000	5	0.29613	0.29613	1.00000	0.00000	0.49999
5	1000	1200	6	0.21673	0.21459	1.56227	0.75518	0.10954
6	1200	1400	7	0.10187	0.10107	1.45089	0.24045	0.24401
7	1400	1600	8	0.12479	0.12370	1.49887	0.35456	0.19987
8	1600	1800	9	0.57120	0.57120	1.00000	0.00000	0.49999
9	1800	2000	10	0.14778	0.14647	1.50889	0.43321	0.17597
10	2000	2200	11	0.14976	0.14845	1.49723	0.41836	0.18017
11	2200	2400	12	0.30870	0.30870	1.00000	0.00000	0.50000
12	2400	2600	13	0.25211	0.25129	1.18037	0.10039	0.32704
13	2600	2800	14	0.22261	0.22193	1.16962	0.07900	0.34551
14	2800	3000	15	0.15960	0.15589	2.35728	2.72726	0.00976
15	3000	3200	16	0.17692	0.17692	1.00000	0.00000	0.49998
16	3200	3400	17	0.22521	0.22521	1.00000	0.00000	0.50000
17	3400	3600	18	0.14999	0.14735	2.01050	1.51924	0.04066
18	3600	3800	19	0.11343	0.11343	1.00000	0.00000	0.49998
19	3800	4000	20	0.07566	0.07443	1.94780	0.70315	0.11784
20	4000	4200	21	0.10459	0.10315	1.79170	0.68740	0.12049
21	4200	4400	22	0.22165	0.22165	1.00000	0.00000	0.50000
22	4400	4600	23	0.20343	0.20343	1.00000	0.00000	0.49999
23	4600	4800	24	0.19311	0.19311	1.00000	0.00000	0.49999
24	4800	5000	25	0.20161	0.20161	1.00000	0.00000	0.49999
25	5000	5200	26	0.18550	0.18550	1.00000	0.00000	0.49998
26	5200	5400	27	0.16696	0.16696	1.00000	0.00000	0.49998
27	5400	5600	28	0.05641	0.05641	1.00000	0.00000	0.49997
28	5600	5800	29	0.11399	0.11399	1.00000	0.00000	0.49998
29	5800	6000	30	0.15827	0.15801	1.08893	0.01527	0.43063
30	6000	6200	31	0.25807	0.25807	1.00000	0.00000	0.50000
31	6200	6400	32	0.07219	0.07218	1.01349	0.00015	0.49316
32	6400	6600	33	0.20322	0.20322	1.00000	0.00000	0.49999
33	6600	6800	34	0.16464	0.16427	1.12820	0.03359	0.39774
34	6800	7000	35	0.09789	0.09789	1.00000	0.00000	0.49998
35	7000	7200	36	0.16095	0.16095	1.00000	0.00000	0.49998
36	7200	7400	37	0.12952	0.12952	1.00000	0.00000	0.49998
37	7400	7600	38	0.13300	0.13279	1.09029	0.01417	0.43315
38	7600	7800	39	0.11734	0.11734	1.00000	0.00000	0.50000
39	7800	8000	40	0.13039	0.12676	2.63377	3.03815	0.00685
40	8000	8200	41	0.15093	0.15093	1.00000	0.00000	0.49998
41	8200	8400	42	0.16440	0.16355	1.29224	0.16121	0.28508
42	8400	8600	43	0.07488	0.07488	1.00000	0.00000	0.49999
43	8600	8800	44	0.16855	0.16855	1.00000	0.00000	0.50000
44	8800	9000	45	0.12338	0.12300	1.17592	0.04856	0.37766
45	9000	9200	46	0.22830	0.22830	1.00000	0.00000	0.49999
46	9200	9400	47	0.20806	0.20649	1.42540	0.43495	0.17549
47	9400	9600	48	0.21770	0.21770	1.00000	0.00000	0.49998
48	9600	9800	49	0.22913	0.22913	1.00000	0.00000	0.50000
49	9800	10000	50	0.13978	0.13701	2.14508	1.78196	0.02952
50	10000	10200	51	0.14321	0.14321	1.00000	0.00000	0.50000
51	10200	10400	52	0.31204	0.31044	1.28215	0.29194	0.22240
52	10400	10600	53	0.17252	0.17165	1.28420	0.16900	0.28049
53	10600	10800	54	0.30307	0.30307	1.00000	0.00000	0.49999
54	10800	11000	55	0.20697	0.20697	1.00000	0.00000	0.49998
55	11000	11200	56	0.11035	0.11035	1.00000	0.00000	0.49999
56	11200	11400	57	0.19361	0.18982	2.12604	2.38463	0.01449
57	11400	11600	58	0.16117	0.16117	1.00000	0.00000	0.49998
58	11600	11800	59	0.07025	0.06952	1.60496	0.27990	0.22717
59	11800	12000	60	0.22684	0.22558	1.31211	0.26484	0.23337
60	12000	12200	61	0.17506	0.17419	1.28350	0.16843	0.28082
61	12200	12400	62	0.17932	0.17785	1.46821	0.43596	0.17521
62	12400	12600	63	0.18735	0.18735	1.00000	0.00000	0.49998
63	12600	12800	64	0.15876	0.15832	1.15610	0.04884	0.37731
64	12800	13000	65	0.13913	0.13899	1.05862	0.00602	0.45630
65	13000	13200	66	0.25088	0.25088	1.00000	0.00000	0.49999
66	13200	13400	67	0.14330	0.14330	1.00000	0.00000	0.49998
67	13400	13600	68	0.26809	0.26809	1.00000	0.00000	0.50000
68	13600	13800	69	0.29056	0.29045	1.01956	0.00123	0.48019
69	13800	14000	70	0.22549	0.22549	1.00000	0.00000	0.49998
70	14000	14200	71	0.12752	0.12752	1.00000	0.00000	0.49998
71	14200	14400	72	0.18297	0.18297	1.00000	0.00000	0.49998
72	14400	14600	73	0.09501	0.09457	1.26375	0.07505	0.34922
73	14600	14800	74	0.29848	0.29848	1.00000	0.00000	0.49999
74	14800	15000	75	0.43449	0.43449	1.00000	0.00000	0.50000
75	15000	15200	76	0.17471	0.17453	1.05680	0.00708	0.45264
76	15200	15400	77	0.28171	0.27869	1.60229	1.11248	0.06790
77	15400	15600	78	0.29609	0.29609	1.00000	0.00000	0.49999
78	15600	15800	79	0.16696	0.16533	1.56027	0.58265	0.14018
79	15800	16000	80	0.18940	0.18940	1.00000	0.00000	0.49999
80	16000	16200	81	0.30278	0.30150	1.23565	0.20339	0.26181
81	16200	16400	82	0.47036	0.47036	1.00000	0.00000	0.49999
82	16400	16600	83	0.06720	0.06720	1.00000	0.00000	0.49997
83	16600	16800	84	0.22764	0.22642	1.30053	0.24864	0.24035
84	16800	17000	85	0.26125	0.25976	1.31661	0.30703	0.21663
85	17000	17200	86	0.15317	0.15058	1.97494	1.45420	0.04406
86	17200	17400	87	0.09231	0.09231	1.00000	0.00000	0.50000
87	17400	17600	88	0.17440	0.17440	1.00000	0.00000	0.50000
88	17600	17800	89	0.17186	0.17186	1.00000	0.00000	0.49998
89	17800	18000	90	0.13659	0.13659	1.00000	0.00000	0.50000
90	18000	18200	91	0.16474	0.16474	1.00000	0.00000	0.49998
91	18200	18400	92	0.30269	0.30190	1.14791	0.07929	0.34524
92	18400	18600	93	0.14558	0.14519	1.15008	0.03692	0.39292
93	18600	18800	94	0.18960	0.18960	1.00000	0.00000	0.49998
94	18800	19000	95	0.10828	0.10828	1.00000	0.00000	0.49997
95	19000	19200	96	0.32937	0.32930	1.01211	0.00053	0.48705
96	19200	19400	97	0.17943	0.17599	2.10497	2.12886	0.01954
97	19400	19600	98	0.25323	0.24968	1.79531	1.65644	0.03437
98	19600	19800	99	0.11757	0.11705	1.25377	0.09150	0.33441
99	19800	20000	100	0.17333	0.17178	1.50933	0.50477	0.15751
100	20000	20200	101	0.05388	0.05353	1.37681	0.09071	0.33508
101	20200	20400	102	0.21619	0.21619	1.00000	0.00000	0.49998
102	20400	20600	103	0.18890	0.18890	1.00000	0.00000	0.49998
103	20600	20800	104	0.13768	0.13748	1.08025	0.01122	0.44046
104	20800	21000	105	0.08278	0.08278	1.00000	0.00000	0.49997
105	21000	21200	106	0.10592	0.10592	1.00000	0.00000	0.49998
106	21200	21400	107	0.15574	0.15574	1.00000	0.00000	0.49998
107	21400	21600	108	0.28311	0.28311	1.00000	0.00000	0.50000
108	21600	21800	109	0.21549	0.21549	1.00000	0.00000	0.49998
109	21800	22000	110	0.23359	0.23359	1.00000	0.00000	0.50000
110	22000	22200	111	0.08174	0.08057	1.82841	0.58683	0.13933
111	22200	22400	112	0.18253	0.18253	1.00000	0.00000	0.50000
112	22400	22600	113	0.29921	0.29921	1.00000	0.00000	0.50000
113	22600	22800	114	0.37739	0.37254	1.71196	1.93603	0.02455
114	22800	23000	115	0.33388	0.33388	1.00000	0.00000	1.00000
115	23000	23200	116	0.31644	0.31622	1.03878	0.00518	0.45945
116	23200	23400	117	0.35808	0.35586	1.34297	0.47296	0.16538
117	23400	23600	118	0.29168	0.29021	1.28239	0.28052	0.22692
118	23600	23800	119	0.20771	0.20681	1.24233	0.14970	0.29213
119	23800	24000	120	0.11725	0.11668	1.27445	0.10440	0.32386
120	24000	24200	121	0.09768	0.09613	1.92080	0.84116	0.09731
121	24200	24400	122	0.20676	0.20653	1.06102	0.00973	0.44452
122	24400	24600	123	0.11354	0.11354	1.00000	0.00000	0.49999
123	24600	24800	124	0.09772	0.09772	1.00000	0.00000	0.50000
124	24800	25000	125	0.10176	0.10160	1.09037	0.01012	0.44343
125	25000	25200	126	0.14801	0.14735	1.25444	0.11400	0.31650
126	25200	25400	127	0.09465	0.09310	1.95044	0.85841	0.09505
127	25400	25600	128	0.30307	0.30107	1.36480	0.46594	0.16719
128	25600	25800	129	0.08201	0.08201	1.00000	0.00000	0.49998
129	25800	26000	130	0.18705	0.18446	1.79474	1.22779	0.05855
130	26000	26200	131	0.19948	0.19948	1.00000	0.00000	0.50000
131	26200	26400	132	0.16846	0.16818	1.09400	0.01911	0.42251
132	26400	26600	133	0.07309	0.07309	1.00000	0.00000	0.49997
133	26600	26800	134	0.10186	0.09971	2.23757	1.47056	0.04318
134	26800	27000	135	0.21825	0.21825	1.00000	0.00000	0.49999
135	27000	27200	136	0.04942	0.04942	1.00000	0.00000	0.49996
136	27200	27400	137	0.18346	0.18275	1.21937	0.10608	0.32254
137	27400	27600	138	0.14084	0.14084	1.00000	0.00000	0.49998
138	27600	27800	139	0.15900	0.15719	1.65099	0.72897	0.11363
139	27800	28000	140	0.13597	0.13597	1.00000	0.00000	0.50000
140	28000	28200	141	0.36901	0.36901	1.00000	0.00000	0.50000
141	28200	28400	142	0.08432	0.08432	1.00000	0.00000	0.49999
142	28400	28600	143	0.13925	0.13840	1.34802	0.19804	0.26456
143	28600	28800	144	0.14982	0.14982	1.00000	0.00000	0.49999
144	28800	29000	145	0.29541	0.29541	1.00000	0.00000	0.50000
145	29000	29200	146	0.13536	0.13536	1.00000	0.00000	0.49998
146	29200	29400	147	0.27834	0.27834	1.00000	0.00000	0.50000
147	29400	29600	148	0.32420	0.32401	1.03268	0.00391	0.46477
148	29600	29800	149	0.15699	0.15700	1.00000	0.00000	0.49998
149	29800	30000	150	0.03257	0.03187	2.27237	0.50912	0.15647
150	30000	30200	151	0.15606	0.15606	1.00000	0.00000	0.49998
151	30200	30400	152	0.11922	0.11872	1.24101	0.08390	0.34104
152	30400	30600	153	0.21941	0.21591	1.91165	1.82389	0.02807
153	30600	30800	154	0.24116	0.23942	1.40856	0.45775	0.16933
154	30800	31000	155	0.05880	0.05880	1.00000	0.00000	0.49997
155	31000	31200	156	0.39635	0.39523	1.15134	0.10792	0.32111
156	31200	31400	157	0.05265	0.05265	1.00000	0.00000	0.49997
157	31400	31600	158	0.24205	0.24105	1.23021	0.15645	0.28795
158	31600	31800	159	0.23947	0.23846	1.23562	0.16278	0.28414
159	31800	32000	160	0.20582	0.20555	1.07188	0.01341	0.43495
160	32000	32200	161	0.21758	0.21758	1.00000	0.00000	0.49999
161	32200	32400	162	0.15018	0.15018	1.00000	0.00000	0.49998
162	32400	32600	163	0.09896	0.09809	1.50399	0.28602	0.22472
163	32600	32800	164	0.28197	0.28197	1.00000	0.00000	0.49999
164	32800	33000	165	0.28009	0.28009	1.00000	0.00000	0.49999
165	33000	33200	166	0.23850	0.23815	1.08215	0.02033	0.42010
166	33200	33400	167	0.07624	0.07624	1.00000	0.00000	0.49998
167	33400	33600	168	0.14641	0.14641	1.00000	0.00000	0.49999
168	33600	33800	169	0.08027	0.08027	1.00000	0.00000	0.49998
169	33800	34000	170	0.21129	0.21037	1.24445	0.15209	0.29063
170	34000	34200	171	0.19131	0.19079	1.15311	0.05653	0.36835
171	34200	34400	172	0.09885	0.09885	1.00000	0.00000	0.49998
172	34400	34600	173	0.16260	0.16260	1.00000	0.00000	0.49999
173	34600	34800	174	0.16030	0.16030	1.00000	0.00000	0.50000
174	34800	35000	175	0.28334	0.28099	1.46326	0.68404	0.12107
175	35000	35200	176	0.09000	0.09000	1.00000	0.00000	0.49997
176	35200	35400	177	0.16358	0.16358	1.00000	0.00000	0.49998
177	35400	35600	178	0.10125	0.10044	1.45832	0.24674	0.24119
178	35600	35800	179	0.11197	0.11197	1.00000	0.00000	0.49998
179	35800	36000	180	0.30270	0.29922	1.64876	1.33754	0.05096
180	36000	36200	181	0.13027	0.12998	1.12999	0.02773	0.40692
181	36200	36400	182	0.23191	0.23191	1.00000	0.00000	0.50000
182	36400	36600	183	0.17703	0.17703	1.00000	0.00000	0.50000
183	36600	36800	184	0.07674	0.07674	1.00000	0.00000	0.49998
184	36800	37000	185	0.22591	0.22591	1.00000	0.00000	0.49998
185	37000	37200	186	0.36546	0.36546	1.00000	0.00000	0.49999
186	37200	37400	187	0.29459	0.29459	1.00000	0.00000	0.50000
187	37400	37600	188	0.32581	0.32354	1.38726	0.56179	0.14457
188	37600	37800	189	0.39064	0.39064	1.00000	0.00000	0.50000
189	37800	38000	190	0.12337	0.12297	1.18741	0.05238	0.37310
190	38000	38200	191	0.05674	0.05674	1.00000	0.00000	0.49997
191	38200	38400	192	0.24194	0.24194	1.00000	0.00000	0.50000
192	38400	38600	193	0.16528	0.16492	1.12064	0.03019	0.40295
193	38600	38800	194	0.39486	0.39486	1.00000	0.00000	0.49999
194	38800	39000	195	0.15753	0.15753	1.00000	0.00000	0.49999
195	39000	39200	196	0.07560	0.07435	1.96043	0.71622	0.11568
196	39200	39400	197	0.18325	0.18190	1.41864	0.37248	0.19404
197	39400	39600	198	0.15663	0.15663	1.00000	0.00000	0.49998
198	39600	39800	199	0.13841	0.13841	1.00000	0.00000	0.49998
199	39800	40000	200	0.09484	0.09484	1.00000	0.00000	0.49997
200	40000	40200	201	0.18465	0.18328	1.42096	0.37530	0.19314
201	40200	40400	202	0.08255	0.08255	1.00000	0.00000	0.49997
202	40400	40600	203	0.30404	0.30349	1.10000	0.04099	0.38731
203	40600	40800	204	0.10477	0.10477	1.00000	0.00000	0.49998
204	40800	41000	205	0.25134	0.25134	1.00000	0.00000	0.50000
205	41000	41200	206	0.14997	0.14997	1.00000	0.00000	0.49998
206	41200	41400	207	0.14170	0.14170	1.00000	0.00000	0.49998
207	41400	41600	208	0.22683	0.22480	1.50493	0.63999	0.12895
208	41600	41800	209	0.42125	0.42125	1.00000	0.00000	0.50000
209	41800	42000	210	0.11965	0.11965	1.00000	0.00000	0.50000
210	42000	42200	211	0.25124	0.24979	1.32188	0.31508	0.21365
211	42200	42400	212	0.33473	0.33473	1.00000	0.00000	0.50000
212	42400	42600	213	0.33616	0.33278	1.56188	1.16692	0.06329
213	42600	42800	214	0.11933	0.11748	1.89480	0.97470	0.08133
214	42800	43000	215	0.31351	0.31092	1.46111	0.74222	0.11154
215	43000	43200	216	0.19943	0.19943	1.00000	0.00000	0.50000
216	43200	43400	217	0.25535	0.25223	1.68961	1.26019	0.05619
217	43400	43600	218	0.17809	0.17662	1.46741	0.44236	0.17346
218	43600	43800	219	0.16770	0.16770	1.00000	0.00000	0.49998
219	43800	44000	220	0.14102	0.13894	1.85124	1.05816	0.07287
220	44000	44200	221	0.23290	0.23290	1.00000	0.00000	0.50000
221	44200	44400	222	0.12156	0.12048	1.51138	0.36860	0.19528
222	44400	44600	223	0.29433	0.29429	1.00734	0.00017	0.49260
223	44600	44800	224	0.37632	0.37569	1.09064	0.03871	0.39041
224	44800	45000	225	0.18818	0.18699	1.35802	0.29243	0.22221
225	45000	45200	226	0.13806	0.13660	1.60461	0.56087	0.14477
226	45200	45400	227	0.17603	0.17388	1.69767	0.91802	0.08771
227	45400	45600	228	0.13591	0.13501	1.37336	0.22222	0.25249
228	45600	45800	229	0.22811	0.22547	1.65707	1.06231	0.07247
229	45800	46000	230	0.06858	0.06858	1.00000	0.00000	0.49997
230	46000	46200	231	0.19298	0.19298	1.00000	0.00000	0.49998
231	46200	46400	232	0.32023	0.31733	1.50395	0.88859	0.09125
232	46400	46600	233	0.24902	0.24902	1.00000	0.00000	0.49999
233	46600	46800	234	0.32709	0.32709	1.00000	0.00000	0.49999
234	46800	47000	235	0.09677	0.09677	1.00000	0.00000	0.50000
235	47000	47200	236	0.08941	0.08941	1.00000	0.00000	0.49997
236	47200	47400	237	0.26986	0.26888	1.20189	0.12805	0.30641
237	47400	47600	238	0.32936	0.32936	1.00000	0.00000	1.00000
238	47600	47800	239	0.07527	0.07527	1.00000	0.00000	0.49999
239	47800	48000	240	0.14969	0.14970	1.00000	0.00000	0.49998
240	48000	48200	241	0.08943	0.08943	1.00000	0.00000	0.49997
241	48200	48400	242	0.20776	0.20548	1.62364	0.88184	0.09208
242	48400	48600	243	0.05711	0.05682	1.29819	0.06144	0.36297
243	48600	48800	244	0.08656	0.08543	1.75533	0.51674	0.15467
244	48800	49000	245	0.14194	0.14055	1.56016	0.50107	0.15840
245	49000	49200	246	0.20302	0.20302	1.00000	0.00000	0.49999
246	49200	49400	247	0.20948	0.20948	1.00000	0.00000	0.50000
247	49400	49600	248	0.19149	0.19149	1.00000	0.00000	0.49998
248	49600	49800	249	0.15357	0.15357	1.00000	0.00000	0.49998
249	49800	50000	250	0.12503	0.12397	1.48443	0.33854	0.20530
250	50000	50200	251	0.11961	0.11846	1.55785	0.41528	0.18106
251	50200	50400	252	0.13541	0.13541	1.00000	0.00000	0.50000
252	50400	50600	253	0.19153	0.19153	1.00000	0.00000	0.49999
253	50600	50800	254	0.11653	0.11653	1.00000	0.00000	0.49998
254	50800	51000	255	0.10388	0.10388	1.00000	0.00000	0.49999
255	51000	51200	256	0.28413	0.28393	1.04024	0.00531	0.45896
256	51200	51400	257	0.20999	0.20907	1.24561	0.15341	0.28982
257	51400	51600	258	0.25770	0.25769	1.00000	0.00000	1.00000
258	51600	51800	259	0.27766	0.27393	1.76032	1.66975	0.03382
259	51800	52000	260	0.14773	0.14773	1.00000	0.00000	0.49998
260	52000	52200	261	0.18380	0.18037	2.07706	2.06059	0.02117
261	52200	52400	262	0.29279	0.29268	1.02113	0.00144	0.47858
262	52400	52600	263	0.24236	0.24236	1.00000	0.00000	0.49998
263	52600	52800	264	0.19830	0.19830	1.00000	0.00000	0.49998
264	52800	53000	265	0.19618	0.19618	1.00000	0.00000	1.00000
265	53000	53200	266	0.18261	0.18117	1.44857	0.41541	0.18102
266	53200	53400	267	0.44656	0.44302	1.43332	0.95673	0.08329
267	53400	53600	268	0.12553	0.12516	1.16716	0.04269	0.38506
268	53600	53800	269	0.19333	0.19214	1.34886	0.27971	0.22725
269	53800	54000	270	0.22258	0.22054	1.52068	0.67110	0.12332
270	54000	54200	271	0.15251	0.15193	1.21433	0.08541	0.33969
271	54200	54400	272	0.14268	0.14268	1.00000	0.00000	0.50000
272	54400	54600	273	0.22754	0.22691	1.15506	0.06742	0.35673
273	54600	54800	274	0.18434	0.18429	1.01521	0.00047	0.48782
274	54800	55000	275	0.19570	0.19320	1.73211	1.11228	0.06792
275	55000	55200	276	0.08295	0.08295	1.00000	0.00000	0.49998
276	55200	55400	277	0.12108	0.12057	1.24199	0.08445	0.34055
277	55400	55600	278	0.24406	0.24408	1.00000	0.00000	1.00000
278	55600	55800	279	0.14852	0.14654	1.76496	0.90083	0.08976
279	55800	56000	280	0.33704	0.33438	1.43574	0.73541	0.11261
280	56000	56200	281	0.18058	0.18052	1.02089	0.00088	0.48324
281	56200	56400	282	0.13802	0.13802	1.00000	0.00000	0.49998
282	56400	56600	283	0.12828	0.12730	1.43654	0.28676	0.22443
283	56600	56800	284	0.17562	0.17476	1.27653	0.16146	0.28493
284	56800	57000	285	0.16902	0.16902	1.00000	0.00000	0.49998
285	57000	57200	286	0.26876	0.26876	1.00000	0.00000	0.50000
286	57200	57400	287	0.19343	0.19343	1.00000	0.00000	0.50000
287	57400	57600	288	0.29129	0.29129	1.00000	0.00000	0.50000
288	57600	57800	289	0.17363	0.17206	1.51424	0.51063	0.15611
289	57800	58000	290	0.17257	0.17233	1.07963	0.01373	0.43420
290	58000	58200	291	0.13398	0.13374	1.10000	0.01859	0.42354
291	58200	58400	292	0.09387	0.09387	1.00000	0.00000	0.49997
292	58400	58600	293	0.17902	0.17902	1.00000	0.00000	0.49998
293	58600	58800	294	0.24112	0.24112	1.00000	0.00000	0.49999
294	58800	59000	295	0.24256	0.24256	1.00000	0.00000	0.50000
295	59000	59200	296	0.32026	0.32026	1.00000	0.00000	1.00000
296	59200	59400	297	0.22331	0.22331	1.00000	0.00000	0.50000
297	59400	59600	298	0.09380	0.09380	1.00000	0.00000	0.50000
298	59600	59800	299	0.26672	0.26672	1.00000	0.00000	1.00000
299	59800	60000	300	0.16457	0.16457	1.00000	0.00000	0.49998
300	60000	60200	301	0.13460	0.13460	1.00000	0.00000	0.49998
301	60200	60400	302	0.33956	0.33892	1.10395	0.04590	0.38095
302	60400	60600	303	0.18960	0.18960	1.00000	0.00000	0.49998
303	60600	60800	304	0.26414	0.26346	1.14434	0.06762	0.35653
304	60800	61000	305	0.22806	0.22806	1.00000	0.00000	0.50000
305	61000	61200	306	0.38182	0.38182	1.00000	0.00000	0.50000
306	61200	61400	307	0.09499	0.09499	1.00000	0.00000	0.49997
307	61400	61600	308	0.11678	0.11678	1.00000	0.00000	0.49998
308	61600	61800	309	0.29277	0.29192	1.15971	0.09090	0.33491
309	61800	62000	310	0.23579	0.23579	1.00000	0.00000	0.50000
310	62000	62200	311	0.48295	0.48295	1.00000	0.00000	0.49999
311	62200	62400	312	0.21803	0.21665	1.35408	0.32964	0.20841
312	62400	62600	313	0.23170	0.23170	1.00000	0.00000	0.50000
313	62600	62800	314	0.25632	0.25632	1.00000	0.00000	0.49999
314	62800	63000	315	0.40035	0.39385	1.90415	3.24074	0.00545
315	63000	63200	316	0.13876	0.13396	3.03803	4.69102	0.00110
316	63200	63400	317	0.28433	0.28433	1.00000	0.00000	0.49999
317	63400	63600	318	0.21245	0.21245	1.00000	0.00000	0.50000
318	63600	63800	319	0.12131	0.12131	1.00000	0.00000	0.49998
319	63800	64000	320	0.12099	0.12100	1.00000	0.00000	0.49998
320	64000	64200	321	0.15178	0.15178	1.00000	0.00000	0.49998
321	64200	64400	322	0.34063	0.34063	1.00000	0.00000	0.50000
322	64400	64600	323	0.06692	0.06613	1.68469	0.33453	0.20669
323	64600	64800	324	0.16948	0.16784	1.55196	0.56882	0.14308
324	64800	65000	325	0.08609	0.08609	1.00000	0.00000	0.49997
325	65000	65200	326	0.09438	0.09438	1.00000	0.00000	0.49997
326	65200	65400	327	0.40701	0.40701	1.00000	0.00000	0.50000
327	65400	65600	328	0.09176	0.09176	1.00000	0.00000	0.50000
328	65600	65800	329	0.22596	0.22596	1.00000	0.00000	0.49999
329	65800	66000	330	0.22522	0.22522	1.00000	0.00000	0.49998
330	66000	66200	331	0.06998	0.06998	1.00000	0.00000	0.49997
331	66200	66400	332	0.09140	0.09140	1.00000	0.00000	0.49997
332	66400	66600	333	0.22688	0.22619	1.17009	0.07941	0.34512
333	66600	66800	334	0.30416	0.30357	1.10745	0.04396	0.38342
334	66800	67000	335	0.23586	0.23268	1.77335	1.45214	0.04417
335	67000	67200	336	0.17916	0.17916	1.00000	0.00000	0.49998
336	67200	67400	337	0.11835	0.11835	1.00000	0.00000	0.49998
337	67400	67600	338	0.20943	0.20943	1.00000	0.00000	0.49999
338	67600	67800	339	0.16749	0.16650	1.33564	0.22396	0.25166
339	67800	68000	340	0.30264	0.30265	1.00000	0.00000	1.00000
340	68000	68200	341	0.09361	0.09361	1.00000	0.00000	0.49997
341	68200	68400	342	0.43927	0.43846	1.09999	0.05369	0.37158
342	68400	68600	343	0.34078	0.34078	1.00000	0.00000	0.50000
343	68600	68800	344	0.27733	0.27695	1.07503	0.01938	0.42197
344	68800	69000	345	0.21881	0.21881	1.00000	0.00000	0.49999
345	69000	69200	346	0.26672	0.26673	1.00000	0.00000	0.49999
346	69200	69400	347	0.21222	0.20998	1.59518	0.82237	0.09984
347	69400	69600	348	0.32896	0.32674	1.37504	0.53185	0.15119
348	69600	69800	349	0.25901	0.25901	1.00000	0.00000	0.50000
349	69800	70000	350	0.20867	0.20867	1.00000	0.00000	0.49998
350	70000	70200	351	0.19710	0.19664	1.12922	0.04069	0.38771
351	70200	70400	352	0.28898	0.28693	1.39541	0.50365	0.15778
352	70400	70600	353	0.13763	0.13610	1.63668	0.60321	0.13602
353	70600	70800	354	0.06633	0.06618	1.13052	0.01408	0.43338
354	70800	71000	355	0.22723	0.22723	1.00000	0.00000	0.50000
355	71000	71200	356	0.25689	0.25686	1.00641	0.00011	0.49395
356	71200	71400	357	0.26583	0.26583	1.00000	0.00000	0.50000
357	71400	71600	358	0.22780	0.22780	1.00000	0.00000	0.50000
358	71600	71800	359	0.15371	0.15371	1.00000	0.00000	0.49999
359	71800	72000	360	0.14680	0.14406	2.07843	1.65381	0.03448
360	72000	72200	361	0.35374	0.34969	1.64387	1.52273	0.04048
361	72200	72400	362	0.21135	0.20971	1.43906	0.45756	0.16938
362	72400	72600	363	0.46265	0.46265	1.00000	0.00000	0.50000
363	72600	72800	364	0.10824	0.10819	1.02648	0.00086	0.48350
364	72800	73000	365	0.16814	0.16785	1.09463	0.01935	0.42203
365	73000	73200	366	0.12413	0.12372	1.18816	0.05468	0.37044
366	73200	73400	367	0.06401	0.06385	1.14906	0.01808	0.42459
367	73400	73600	368	0.15750	0.15750	1.00000	0.00000	0.49998
368	73600	73800	369	0.29310	0.29311	1.00000	0.00000	1.00000
369	73800	74000	370	0.24683	0.24683	1.00000	0.00000	0.49999
370	74000	74200	371	0.16966	0.16966	1.00000	0.00000	0.50000
371	74200	74400	372	0.20244	0.20244	1.00000	0.00000	0.50000
372	74400	74600	373	0.18525	0.18525	1.00000	0.00000	0.49998
373	74600	74800	374	0.34629	0.34629	1.00000	0.00000	0.50000
374	74800	75000	375	0.09958	0.09958	1.00000	0.00000	0.50000
375	75000	75200	376	0.05897	0.05897	1.00000	0.00000	0.49997
376	75200	75400	377	0.21739	0.21739	1.00000	0.00000	0.49998
377	75400	75600	378	0.20076	0.19557	2.50609	3.99842	0.00234
378	75600	75800	379	0.28937	0.28927	1.01813	0.00106	0.48166
379	75800	76000	380	0.21143	0.21052	1.24232	0.14982	0.29205
380	76000	76200	381	0.20710	0.20679	1.08436	0.01845	0.42382
381	76200	76400	382	0.19252	0.19252	1.00000	0.00000	0.49998
382	76400	76600	383	0.44499	0.44271	1.27998	0.40577	0.18383
383	76600	76800	384	0.11616	0.11351	2.33952	1.88695	0.02603
384	76800	77000	385	0.11479	0.11479	1.00000	0.00000	0.49998
385	77000	77200	386	0.10378	0.10300	1.43002	0.22324	0.25201
386	77200	77400	387	0.08562	0.08563	1.00000	0.00000	0.49997
387	77400	77600	388	0.13561	0.13561	1.00000	0.00000	0.49998
388	77600	77800	389	0.24452	0.24452	1.00000	0.00000	0.49999
389	77800	78000	390	0.09864	0.09864	1.00000	0.00000	0.50000
390	78000	78200	391	0.12085	0.11973	1.53183	0.39197	0.18797
391	78200	78400	392	0.11961	0.11909	1.25243	0.09075	0.33505
392	78400	78600	393	0.31247	0.31247	1.00000	0.00000	0.50000
393	78600	78800	394	0.27819	0.27786	1.06611	0.01516	0.43089
394	78800	79000	395	0.12656	0.12656	1.00000	0.00000	0.49998
395	79000	79200	396	0.21913	0.21911	1.00498	0.00006	0.49565
396	79200	79400	397	0.21811	0.21811	1.00000	0.00000	0.49999
397	79400	79600	398	0.12516	0.12516	1.00000	0.00000	0.50000
398	79600	79800	399	0.09165	0.09131	1.21059	0.04846	0.37778
399	79800	80000	400	0.13197	0.13197	1.00000	0.00000	0.50000
400	80000	80200	401	0.18752	0.18419	2.01838	1.91920	0.02505
401	80200	80400	402	0.10240	0.10240	1.00000	0.00000	0.49998
402	80400	80600	403	0.21710	0.21710	1.00000	0.00000	0.49999
403	80600	80800	404	0.23093	0.23093	1.00000	0.00000	0.50000
404	80800	81000	405	0.17777	0.17632	1.46500	0.43835	0.17455
405	81000	81200	406	0.19858	0.19858	1.00000	0.00000	0.49998
406	81200	81400	407	0.10154	0.10004	1.85496	0.76149	0.10858
407	81400	81600	408	0.19239	0.19058	1.53476	0.61788	0.13315
408	81600	81800	409	0.13470	0.13447	1.09302	0.01502	0.43121
409	81800	82000	410	0.17479	0.17390	1.28632	0.17130	0.27916
410	82000	82200	411	0.15423	0.15423	1.00000	0.00000	0.49998
411	82200	82400	412	0.60873	0.60728	1.12601	0.11579	0.31518
412	82400	82600	413	0.17407	0.17407	1.00000	0.00000	0.50000
413	82600	82800	414	0.17454	0.17430	1.07688	0.01276	0.43653
414	82800	83000	415	0.21291	0.21146	1.38722	0.36854	0.19530
415	83000	83200	416	0.29067	0.29067	1.00000	0.00000	1.00000
416	83200	83400	417	0.24637	0.24638	1.00000	0.00000	1.00000
417	83400	83600	418	0.11449	0.11449	1.00000	0.00000	0.49998
418	83600	83800	419	0.17682	0.17664	1.05753	0.00725	0.45207
419	83800	84000	420	0.30055	0.30055	1.00000	0.00000	0.50000
420	84000	84200	421	0.33295	0.33295	1.00000	0.00000	0.50000
421	84200	84400	422	0.24847	0.24761	1.19320	0.11302	0.31724
422	84400	84600	423	0.35951	0.35860	1.13835	0.08549	0.33962
423	84600	84800	424	0.12180	0.12180	1.00000	0.00000	0.49998
424	84800	85000	425	0.09891	0.09891	1.00000	0.00000	0.49998
425	85000	85200	426	0.26310	0.26180	1.27432	0.23911	0.24461
426	85200	85400	427	0.11579	0.11579	1.00000	0.00000	0.49998
427	85400	85600	428	0.12497	0.12497	1.00000	0.00000	0.50000
428	85600	85800	429	0.13456	0.13456	1.00000	0.00000	0.49998
429	85800	86000	430	0.08884	0.08780	1.67419	0.42854	0.17728
430	86000	86200	431	0.16756	0.16655	1.34332	0.23262	0.24759
431	86200	86400	432	0.21694	0.21694	1.00000	0.00000	0.49999
432	86400	86600	433	0.15324	0.15263	1.22403	0.09212	0.33387
433	86600	86800	434	0.29234	0.29234	1.00000	0.00000	0.49999
434	86800	87000	435	0.20990	0.20965	1.06534	0.01113	0.44070
435	87000	87200	436	0.18818	0.18818	1.00000	0.00000	0.49999
436	87200	87400	437	0.16087	0.15904	1.65505	0.73523	0.11264
437	87400	87600	438	0.06509	0.06493	1.14174	0.01630	0.42836
438	87600	87800	439	0.32387	0.32223	1.27928	0.30220	0.21845
439	87800	88000	440	0.31271	0.31089	1.32609	0.38277	0.19080
440	88000	88200	441	0.13614	0.13614	1.00000	0.00000	0.49998
441	88200	88400	442	0.36730	0.36504	1.33911	0.48315	0.16280
442	88400	88600	443	0.44677	0.44585	1.11176	0.06731	0.35685
443	88600	88800	444	0.26435	0.26436	1.00000	0.00000	1.00000
444	88800	89000	445	0.23066	0.23066	1.00000	0.00000	0.49998
445	89000	89200	446	0.32939	0.32867	1.12001	0.05884	0.36578
446	89200	89400	447	0.12848	0.12848	1.00000	0.00000	0.49998
447	89400	89600	448	0.21087	0.21088	1.00000	0.00000	0.49998
448	89600	89800	449	0.13015	0.12855	1.70566	0.69916	0.11850
449	89800	90000	450	0.42782	0.42782	1.00000	0.00000	0.50000
450	90000	90200	451	0.21796	0.21796	1.00000	0.00000	0.49999
451	90200	90400	452	0.20726	0.20726	1.00000	0.00000	0.49998
452	90400	90600	453	0.33651	0.33651	1.00000	0.00000	1.00000
453	90600	90800	454	0.15530	0.15410	1.44171	0.34514	0.20303
454	90800	91000	455	0.23096	0.23096	1.00000	0.00000	0.50000
455	91000	91200	456	0.36956	0.36956	1.00000	0.00000	0.50000
456	91200	91400	457	0.28220	0.28201	1.03687	0.00436	0.46279
457	91400	91600	458	0.26181	0.25985	1.41873	0.52851	0.15195
458	91600	91800	459	0.20792	0.20769	1.06143	0.00987	0.44412
459	91800	92000	460	0.24879	0.24879	1.00000	0.00000	0.49998
460	92000	92200	461	0.35543	0.35446	1.14984	0.09889	0.32826
461	92200	92400	462	0.16541	0.16308	1.81097	1.12579	0.06674
462	92400	92600	463	0.19848	0.19848	1.00000	0.00000	0.49998
463	92600	92800	464	0.11177	0.11177	1.00000	0.00000	0.49998
464	92800	93000	465	0.26416	0.25938	2.02999	2.71784	0.00986
465	93000	93200	466	0.22764	0.22764	1.00000	0.00000	0.49998
466	93200	93400	467	0.19059	0.19059	1.00000	0.00000	0.49998
467	93400	93600	468	0.17494	0.17494	1.00000	0.00000	0.50000
468	93600	93800	469	0.19181	0.19128	1.15657	0.05888	0.36574
469	93800	94000	470	0.15353	0.15353	1.00000	0.00000	0.49999
470	94000	94200	471	0.26620	0.26561	1.12285	0.04935	0.37669
471	94200	94400	472	0.24158	0.24158	1.00000	0.00000	0.50000
472	94400	94600	473	0.13210	0.13117	1.39989	0.24861	0.24036
473	94600	94800	474	0.26333	0.26333	1.00000	0.00000	0.49999
474	94800	95000	475	0.19154	0.18954	1.59707	0.73388	0.11285
475	95000	95200	476	0.11290	0.11234	1.28614	0.11173	0.31821
476	95200	95400	477	0.30507	0.30507	1.00000	0.00000	0.50000
477	95400	95600	478	0.11270	0.11270	1.00000	0.00000	0.49998
478	95600	95800	479	0.07720	0.07661	1.44360	0.17498	0.27707
479	95800	96000	480	0.11683	0.11558	1.61172	0.47609	0.16458
480	96000	96200	481	0.13050	0.13050	1.00000	0.00000	0.49998
481	96200	96400	482	0.22170	0.22170	1.00000	0.00000	0.49998
482	96400	96600	483	0.26645	0.26584	1.12826	0.05302	0.37235
483	96600	96800	484	0.25282	0.25282	1.00000	0.00000	0.50000
484	96800	97000	485	0.21310	0.21216	1.24930	0.15736	0.28740
485	97000	97200	486	0.39247	0.39247	1.00000	0.00000	0.50000
486	97200	97400	487	0.18256	0.18251	1.01441	0.00042	0.48847
487	97400	97600	488	0.45831	0.45831	1.00000	0.00000	0.50000
488	97600	97800	489	0.20710	0.20710	1.00000	0.00000	0.49999
489	97800	98000	490	0.12038	0.12038	1.00000	0.00000	0.49998
490	98000	98200	491	0.18462	0.18462	1.00000	0.00000	1.00000
491	98200	98400	492	0.09479	0.09479	1.00000	0.00000	0.49997
492	98400	98600	493	0.25140	0.25075	1.14348	0.06224	0.36212
493	98600	98800	494	0.31256	0.30728	1.96415	2.85214	0.00846
494	98800	99000	495	0.26837	0.26837	1.00000	0.00000	0.49999
495	99000	99200	496	0.22621	0.22504	1.28992	0.22957	0.24901
496	99200	99400	497	0.14059	0.14059	1.00000	0.00000	0.49998
497	99400	99600	498	0.20306	0.20273	1.09198	0.02198	0.41697
498	99600	99800	499	0.15061	0.15003	1.21821	0.08808	0.33735
499	99800	100000	500	0.15645	0.15645	1.00000	0.00000	0.49998
