No.	ID	loglik_NUll	loglik_RES	loglik_all	log_ratio	loglik_Max1	loglik_Max2	loglik_Max3
0	0	-2296.5362	-2296.6037	-2306.185	-0.067525334	-2293.044	-2304.0668	-2294.1956
1	1	-2795.2393	-2795.9265	-2804.6226	-0.68719354	-2792.0226	-2801.781	-2793.1778
2	2	-1595.2309	-1595.7572	-1607.1401	-0.52632954	-1591.4857	-1603.9794	-1592.6406
3	3	-2259.0489	-2259.6511	-2271.1686	-0.60229779	-2255.5576	-2268.0518	-2256.7133
4	4	-2654.3018	-2655.0335	-2666.3833	-0.73168418	-2650.9571	-2661.3499	-2652.1121
5	5	-2190.0077	-2190.7193	-2200.9896	-0.71158593	-2186.4663	-2197.8032	-2187.6216
6	6	-1299.6678	-1300.401	-1311.6411	-0.73321401	-1295.7615	-1308.2552	-1296.9169
7	7	-1455.7784	-1456.289	-1467.9158	-0.51057522	-1452.2297	-1464.7233	-1453.3858
8	8	-4176.2696	-4176.9738	-4194.2247	-0.70413623	-4174.0564	-4179.8656	-4175.2143
9	9	-1662.1368	-1662.6229	-1674.3487	-0.486117	-1658.4091	-1670.9028	-1659.5644
10	10	-1676.9189	-1677.4413	-1688.9183	-0.52234999	-1673.2084	-1685.7019	-1674.3634
11	11	-2768.0577	-2768.7884	-2778.9068	-0.73077158	-2764.6984	-2775.0602	-2765.8534
12	12	-2429.6966	-2430.4152	-2440.7764	-0.71859211	-2426.2583	-2435.0863	-2427.4136
13	13	-2176.9861	-2177.7257	-2189.1437	-0.73961751	-2173.4909	-2185.9844	-2174.6461
14	14	-1782.0842	-1782.6158	-1794.2489	-0.53156668	-1778.4037	-1790.737	-1779.559
15	15	-1822.1876	-1822.9116	-1834.5194	-0.72401125	-1818.6959	-1831.1895	-1819.8513
16	16	-2233.7579	-2234.5015	-2245.5686	-0.74362749	-2230.2686	-2242.762	-2231.4236
17	17	-1670.4671	-1671.1999	-1682.6589	-0.73272273	-1666.7654	-1679.2592	-1667.9209
18	18	-1395.4773	-1396.2209	-1406.2258	-0.74361885	-1391.6456	-1402.9202	-1392.8007
19	19	-1111.4027	-1112.1295	-1123.4203	-0.72678871	-1107.3507	-1119.8448	-1108.5056
20	20	-1346.0691	-1346.5246	-1357.9305	-0.45543867	-1342.1754	-1354.669	-1343.3303
21	21	-2239.9685	-2240.5584	-2252.0462	-0.58985313	-2236.4514	-2248.9494	-2237.6063
22	22	-2094.3282	-2095.0689	-2106.2775	-0.74069306	-2090.9848	-2103.4784	-2092.1397
23	23	-2028.0289	-2028.7295	-2039.4022	-0.70058629	-2024.6144	-2036.3188	-2025.7699
24	24	-2062.842	-2063.4269	-2074.6164	-0.58484823	-2059.2715	-2070.5996	-2060.4264
25	25	-1935.4507	-1936.1743	-1947.4972	-0.7235531	-1931.8648	-1944.18	-1933.0198
26	26	-1814.6429	-1815.3666	-1826.7559	-0.72372231	-1810.9471	-1823.4406	-1812.1022
27	27	-892.21436	-892.9173	-904.42097	-0.70294358	-887.98831	-900.48197	-889.1432
28	28	-1427.2029	-1427.8938	-1438.734	-0.69090623	-1423.3316	-1434.6053	-1424.4869
29	29	-1745.2482	-1745.7992	-1757.3648	-0.5509562	-1741.5741	-1754.0676	-1742.7313
30	30	-2455.855	-2456.5842	-2467.9152	-0.7292782	-2452.4249	-2464.919	-2453.5803
31	31	-1023.3352	-1023.778	-1035.2885	-0.44278493	-1019.268	-1031.7613	-1020.4236
32	32	-2068.574	-2069.2957	-2080.412	-0.72169439	-2065.007	-2077.5018	-2066.1619
33	33	-1783.9985	-1784.7489	-1793.012	-0.75037079	-1780.346	-1789.4966	-1781.2514
34	34	-1245.2148	-1245.92	-1256.4686	-0.70520884	-1241.3024	-1252.9664	-1242.4576
35	35	-1740.4361	-1741.1478	-1752.1176	-0.71172346	-1736.775	-1747.9277	-1737.9302
36	36	-1486.2577	-1486.8812	-1498.4322	-0.62352297	-1482.4899	-1494.9838	-1483.6452
37	37	-1576.396	-1576.9494	-1588.5067	-0.55332518	-1572.8547	-1584.904	-1574.0106
38	38	-1437.8908	-1438.5936	-1450.0321	-0.70287362	-1434.0595	-1445.3655	-1435.2147
39	39	-1529.0104	-1528.103	-1539.6604	0.90735528	-1525.2314	-1535.7332	-1524.4062
40	40	-1707.7074	-1708.4061	-1719.6756	-0.69873057	-1704.2329	-1716.3148	-1705.3878
41	41	-1812.0695	-1811.6069	-1822.5054	0.46251748	-1808.387	-1819.7441	-1808.6587
42	42	-1093.2955	-1094.0024	-1105.3914	-0.7069223	-1089.2439	-1101.7372	-1090.3988
43	43	-1798.2315	-1798.9547	-1810.3537	-0.72313687	-1794.5943	-1807.088	-1795.7495
44	44	-1499.1234	-1499.8853	-1511.266	-0.76187345	-1495.3119	-1507.8054	-1496.4667
45	45	-2221.3457	-2222.0701	-2233.5417	-0.72435598	-2217.9958	-2228.5713	-2219.1515
46	46	-2122.9455	-2123.6996	-2133.9498	-0.75406412	-2119.677	-2130.643	-2120.8319
47	47	-2148.7275	-2149.323	-2160.9779	-0.59557121	-2145.4027	-2157.8971	-2146.5579
48	48	-2249.788	-2250.4678	-2261.5986	-0.67970642	-2246.2835	-2258.7805	-2247.4383
49	49	-1606.4542	-1607.0011	-1618.3063	-0.54693269	-1602.7092	-1615.2031	-1603.8642
50	50	-1637.3559	-1638.0727	-1649.517	-0.71677335	-1633.599	-1646.0924	-1634.7541
51	51	-2815.7332	-2816.4737	-2827.4354	-0.74048898	-2812.4107	-2824.9084	-2813.5656
52	52	-1903.9485	-1904.4567	-1915.5546	-0.5082719	-1900.2921	-1912.7856	-1901.4472
53	53	-2658.4414	-2659.1499	-2670.7032	-0.70851168	-2655.2475	-2667.7411	-2656.4026
54	54	-2094.7293	-2095.488	-2106.5579	-0.75865457	-2091.1929	-2103.6038	-2092.3478
55	55	-1377.3735	-1378.0931	-1389.5353	-0.7196555	-1373.5116	-1386.0052	-1374.6666
56	56	-2040.9342	-2040.8727	-2052.3386	0.061472087	-2037.3571	-2049.5451	-2038.2049
57	57	-1757.9183	-1758.6236	-1769.9748	-0.70532809	-1754.2528	-1765.7018	-1755.4079
58	58	-1019.7717	-1020.481	-1031.3223	-0.70933393	-1015.6915	-1028.1387	-1016.8464
59	59	-2240.8456	-2241.5791	-2252.1616	-0.73344711	-2237.3433	-2248.8768	-2238.4983
60	60	-1857.1901	-1857.9048	-1867.4636	-0.71463613	-1853.5677	-1864.0338	-1854.7226
61	61	-1887.5738	-1888.2873	-1899.072	-0.7135527	-1883.971	-1896.0703	-1885.1259
62	62	-1935.742	-1936.4308	-1946.0903	-0.688865	-1932.8091	-1943.3512	-1933.9645
63	63	-1732.4956	-1733.1978	-1744.6567	-0.70221068	-1728.8168	-1741.2977	-1729.9717
64	64	-1577.0511	-1577.3938	-1588.9986	-0.3426434	-1573.3021	-1585.6179	-1574.4572
65	65	-2359.9202	-2360.6214	-2371.8429	-0.70119178	-2356.6224	-2369.1174	-2357.7776
66	66	-1610.6415	-1611.327	-1622.7749	-0.68557541	-1607.4476	-1619.9423	-1608.6038
67	67	-2493.7258	-2494.4644	-2505.5766	-0.73864501	-2490.3258	-2502.8213	-2491.4814
68	68	-2638.423	-2639.0161	-2646.9099	-0.59306415	-2635.0628	-2642.7744	-2636.2177
69	69	-2207.7752	-2208.375	-2219.7399	-0.59980351	-2204.412	-2216.9066	-2205.5671
70	70	-1509.5195	-1509.9901	-1520.8274	-0.47058483	-1505.7376	-1517.2495	-1506.8931
71	71	-1927.3364	-1927.9491	-1939.4314	-0.61275588	-1923.7365	-1936.2303	-1924.8914
72	72	-1265.1307	-1265.8511	-1277.2067	-0.72038991	-1261.2012	-1273.6953	-1262.3561
73	73	-2685.7751	-2686.5025	-2697.681	-0.72741721	-2682.3923	-2694.8833	-2683.5473
74	74	-3433.0712	-3433.8354	-3446.453	-0.76422198	-3430.2278	-3441.466	-3431.383
75	75	-1843.9576	-1844.6771	-1855.8752	-0.71946786	-1840.3331	-1852.8175	-1841.488
76	76	-2576.0646	-2576.1526	-2587.5249	-0.088010175	-2572.6842	-2584.71	-2573.3589
77	77	-2693.3031	-2693.5228	-2697.6393	-0.21976469	-2689.9481	-2693.4375	-2691.1037
78	78	-1826.9417	-1827.6513	-1838.8037	-0.70959595	-1823.2911	-1835.7847	-1824.4462
79	79	-1983.4835	-1984.2302	-1995.6235	-0.74669729	-1979.8994	-1992.3931	-1981.0545
80	80	-2740.9203	-2741.6311	-2752.5452	-0.71084718	-2737.5833	-2750.0776	-2738.7386
81	81	-3709.8946	-3710.3649	-3723.3753	-0.47034486	-3706.9856	-3717.9718	-3708.0317
82	82	-1007.4271	-1008.1342	-1019.586	-0.7070861	-1003.3206	-1015.8141	-1004.4756
83	83	-2231.6054	-2232.3151	-2240.7034	-0.70967696	-2228.1163	-2237.1946	-2229.2713
84	84	-2446.913	-2447.6605	-2458.9954	-0.74750117	-2443.5048	-2454.891	-2444.6598
85	85	-1718.7643	-1718.4325	-1729.863	0.33178674	-1715.0729	-1726.852	-1715.5112
86	86	-1225.1803	-1225.8944	-1236.5366	-0.71411548	-1221.2314	-1232.0387	-1222.3866
87	87	-1899.8201	-1900.5254	-1909.1908	-0.70522549	-1896.1875	-1907.0739	-1897.3424
88	88	-1796.1657	-1796.8937	-1808.3663	-0.72797229	-1792.6746	-1805.1679	-1793.8295
89	89	-1607.0912	-1607.6355	-1619.0431	-0.54434267	-1603.3368	-1615.8306	-1604.4919
90	90	-1784.7276	-1785.4407	-1796.3365	-0.7131848	-1781.0739	-1793.569	-1782.2289
91	91	-2718.1703	-2718.8692	-2730.2357	-0.69888956	-2714.8351	-2726.9433	-2715.4379
92	92	-1641.1796	-1641.9161	-1653.267	-0.73659479	-1637.4678	-1648.1794	-1638.6231
93	93	-1948.9368	-1949.6522	-1961.0259	-0.71536519	-1945.7391	-1958.2334	-1946.8942
94	94	-1351.1973	-1351.9022	-1363.1543	-0.70492012	-1347.3335	-1359.827	-1348.4884
95	95	-2910.0954	-2910.8335	-2921.4386	-0.73814487	-2906.7998	-2918.3271	-2907.9557
96	96	-1916.844	-1916.8214	-1928.9061	0.022596133	-1913.2265	-1924.8901	-1913.4778
97	97	-2405.6391	-2406.3802	-2416.6485	-0.74109503	-2402.369	-2413.4511	-2403.524
98	98	-1442.527	-1443.2339	-1454.0903	-0.70684879	-1438.6957	-1451.1906	-1439.8506
99	99	-1835.5683	-1836.2639	-1847.657	-0.69563851	-1831.9371	-1844.4321	-1833.0929
100	100	-902.47511	-903.1914	-910.90117	-0.7162931	-898.27012	-905.99066	-899.42541
101	101	-2180.6453	-2181.3607	-2192.8451	-0.71542367	-2177.1227	-2189.6165	-2178.278
102	102	-1953.4477	-1954.1668	-1965.5639	-0.71914558	-1949.8455	-1962.3398	-1951.0004
103	103	-1566.7237	-1567.4302	-1578.7514	-0.70647293	-1563.3464	-1575.8404	-1564.5014
104	104	-1109.379	-1110.0661	-1121.5854	-0.6870967	-1105.3733	-1117.8668	-1106.5282
105	105	-1325.9504	-1326.6496	-1335.8936	-0.69918345	-1322.0386	-1332.0495	-1323.1938
106	106	-1763.7452	-1764.275	-1775.8192	-0.52985441	-1760.0579	-1772.034	-1761.2131
107	107	-2654.6662	-2655.3884	-2665.812	-0.72213862	-2651.2816	-2662.1124	-2652.4367
108	108	-2109.0346	-2109.7618	-2121.2166	-0.72724031	-2105.5103	-2118.004	-2106.6652
109	109	-2275.6077	-2276.3304	-2287.7272	-0.72271613	-2272.4804	-2284.974	-2273.6356
110	110	-1124.9701	-1123.7939	-1135.177	1.1762257	-1120.9707	-1131.5917	-1120.261
111	111	-1915.624	-1916.1524	-1927.3132	-0.52837452	-1912.0106	-1924.3038	-1913.1655
112	112	-2692.1235	-2692.7126	-2704.2016	-0.58909957	-2688.7699	-2700.6511	-2689.9249
113	113	-3165.6218	-3165.5379	-3176.5045	0.08391253	-3162.4069	-3173.1777	-3162.1643
114	114	-2896.1295	-2896.8549	-2908.3256	-0.7254602	-2893.0055	-2905.5028	-2894.1606
115	115	-2787.6015	-2788.3085	-2799.1261	-0.70695833	-2784.2914	-2793.5923	-2785.4463
116	116	-3050.9351	-3051.6537	-3062.0539	-0.71856048	-3047.6861	-3058.9634	-3048.8411
117	117	-2691.7197	-2692.4367	-2703.7646	-0.71695178	-2688.3534	-2700.8467	-2689.5102
118	118	-2156.8778	-2157.5936	-2168.9017	-0.71582898	-2153.3136	-2163.6774	-2154.4688
119	119	-1389.6658	-1390.4046	-1401.8881	-0.73872473	-1385.8372	-1398.3307	-1386.9924
120	120	-1273.7432	-1274.4455	-1285.9009	-0.70234746	-1269.8245	-1282.3187	-1270.9796
121	121	-2091.4724	-2092.1748	-2103.5373	-0.70243244	-2087.9001	-2100.394	-2089.0551
122	122	-1412.1631	-1412.6789	-1423.8921	-0.51576751	-1408.3027	-1420.7963	-1409.4585
123	123	-1274.5571	-1275.2661	-1286.5031	-0.70897706	-1270.6296	-1283.1236	-1271.7846
124	124	-1262.5096	-1263.2313	-1274.6952	-0.72163659	-1258.6248	-1271.1184	-1259.7798
125	125	-1656.1765	-1656.7361	-1667.9875	-0.55963491	-1652.6824	-1664.3643	-1653.8379
126	126	-1218.8691	-1219.6061	-1230.839	-0.73704545	-1214.9342	-1227.4279	-1216.0896
127	127	-2712.0543	-2712.547	-2724.2796	-0.49273003	-2708.9003	-2721.3941	-2710.0552
128	128	-1128.0898	-1128.5699	-1139.6716	-0.4800749	-1124.0864	-1136.5811	-1125.2415
129	129	-1963.9123	-1964.6211	-1973.694	-0.70877428	-1960.3039	-1968.6147	-1961.4591
130	130	-2056.1297	-2056.8887	-2068.2665	-0.75902998	-2052.5437	-2065.037	-2053.6986
131	131	-1817.2765	-1818.0153	-1829.4252	-0.73882942	-1813.622	-1826.1161	-1814.7771
132	132	-1030.8261	-1031.2652	-1042.9085	-0.43918073	-1027.0378	-1039.5312	-1028.1927
133	133	-1297.7386	-1298.4196	-1309.8627	-0.68107244	-1293.8144	-1306.3083	-1294.9694
134	134	-2153.9906	-2154.7139	-2162.6989	-0.72330641	-2150.4751	-2159.6142	-2151.6302
135	135	-829.09551	-829.77879	-841.30639	-0.68328271	-824.81309	-837.30652	-825.96798
136	136	-1900.4016	-1901.1131	-1912.1326	-0.71145329	-1896.8024	-1909.2989	-1897.9579
137	137	-1605.2073	-1605.9079	-1617.3864	-0.70055898	-1601.4693	-1613.963	-1602.6243
138	138	-1787.9751	-1788.5147	-1799.7827	-0.53955958	-1784.2825	-1796.4983	-1785.4374
139	139	-1599.8935	-1599.4409	-1610.6679	0.45262732	-1596.1378	-1607.7009	-1596.3702
140	140	-3142.173	-3142.9108	-3153.1151	-0.73776683	-3139.1578	-3146.8782	-3140.313
141	141	-1138.3932	-1139.1211	-1150.5337	-0.72792117	-1134.3959	-1146.8898	-1135.5511
142	142	-1573.4347	-1574.1331	-1585.5459	-0.69839963	-1569.686	-1581.3929	-1570.8409
143	143	-1674.4618	-1675.156	-1686.3432	-0.69418086	-1670.7381	-1683.2318	-1671.8931
144	144	-2646.456	-2646.472	-2656.8367	-0.015923877	-2643.6171	-2654.843	-2643.329
145	145	-1578.1807	-1578.8583	-1590.2931	-0.67755963	-1574.4017	-1586.6767	-1575.5568
146	146	-2566.9732	-2567.5536	-2577.9209	-0.58043251	-2563.5871	-2576.0811	-2564.7421
147	147	-2844.4288	-2844.8892	-2856.4788	-0.46040198	-2841.1268	-2853.6205	-2842.2818
148	148	-1710.0909	-1710.6687	-1722.0917	-0.57779163	-1706.4177	-1718.9111	-1707.5731
149	149	-660.52612	-661.22793	-672.74564	-0.70181179	-656.07492	-668.56886	-657.23004
150	150	-1685.9959	-1686.4889	-1698.1058	-0.49294185	-1682.2962	-1694.0472	-1683.4511
151	151	-1452.7159	-1453.1995	-1464.6626	-0.48361884	-1448.8932	-1461.3872	-1450.0482
152	152	-2220.8004	-2221.4942	-2232.8633	-0.6937878	-2217.2846	-2229.7782	-2218.2579
153	153	-2316.3749	-2317.0807	-2328.1554	-0.70577633	-2312.9154	-2325.4099	-2314.0702
154	154	-922.78441	-923.49251	-934.71261	-0.70809187	-918.61691	-931.11139	-919.77209
155	155	-3295.1203	-3295.8828	-3307.0807	-0.76245183	-3291.9216	-3304.4164	-3293.0771
156	156	-872.86487	-873.57326	-885.05625	-0.70838929	-868.64028	-880.76652	-869.79536
157	157	-2302.3714	-2303.2427	-2314.2198	-0.87136352	-2299.024	-2311.5176	-2300.179
158	158	-2297.8491	-2298.5624	-2310.157	-0.71330506	-2294.5207	-2307.0148	-2295.6756
159	159	-2083.4601	-2084.1688	-2095.5517	-0.70868623	-2079.9186	-2091.0973	-2081.074
160	160	-2166.0922	-2166.6797	-2177.3683	-0.58745668	-2162.5809	-2172.9024	-2163.7369
161	161	-1675.586	-1676.1365	-1686.727	-0.55050502	-1671.8539	-1684.2464	-1673.0092
162	162	-1269.7538	-1270.4225	-1281.9219	-0.66867811	-1265.8107	-1278.3041	-1266.9656
163	163	-2594.9322	-2595.6318	-2607.3137	-0.69964084	-2591.8622	-2604.356	-2593.0173
164	164	-2620.6644	-2621.3776	-2632.0777	-0.71322893	-2617.3972	-2628.991	-2618.5524
165	165	-2329.9651	-2330.7213	-2342.1279	-0.75622362	-2326.4949	-2338.9896	-2327.6501
166	166	-1060.3063	-1061.0084	-1071.7123	-0.70211833	-1056.2743	-1066.72	-1057.4296
167	167	-1685.3722	-1685.9174	-1697.4425	-0.54526141	-1681.6384	-1692.389	-1682.7933
168	168	-1111.0257	-1111.7268	-1122.5623	-0.70110454	-1107.0027	-1119.4961	-1108.1593
169	169	-2088.725	-2089.4194	-2100.5029	-0.69437634	-2085.2041	-2097.6987	-2086.359
170	170	-1996.0317	-1996.7654	-2008.0922	-0.73371454	-1992.4439	-2003.4391	-1993.5988
171	171	-1263.8896	-1264.5967	-1276.0423	-0.70705095	-1260.1198	-1272.6134	-1261.2749
172	172	-1749.1314	-1749.8161	-1761.2174	-0.68468166	-1745.9421	-1758.4388	-1747.0973
173	173	-1742.4018	-1742.7841	-1754.1511	-0.38228109	-1738.7	-1751.194	-1739.8549
174	174	-2576.9172	-2577.6195	-2588.0945	-0.70228852	-2574.0063	-2584.8518	-2575.1622
175	175	-1204.7301	-1205.4376	-1214.0697	-0.70752835	-1200.7589	-1209.3943	-1201.9139
176	176	-1774.0295	-1774.5853	-1785.6961	-0.55571003	-1770.3812	-1782.1697	-1771.5363
177	177	-1313.0687	-1313.7923	-1324.9462	-0.72362525	-1309.1684	-1321.6619	-1310.3233
178	178	-1353.3341	-1354.033	-1365.4687	-0.6989468	-1349.4953	-1361.9886	-1350.6504
179	179	-2716.2734	-2716.7824	-2728.593	-0.50899047	-2713.1157	-2725.6097	-2714.2708
180	180	-1527.166	-1527.8738	-1539.4065	-0.70780038	-1523.3937	-1535.8871	-1524.5488
181	181	-2249.2521	-2249.9704	-2261.44	-0.71835074	-2246.4363	-2258.9296	-2247.5913
182	182	-1846.0908	-1846.8201	-1858.3028	-0.72921232	-1842.442	-1854.9354	-1843.5975
183	183	-1073.3694	-1074.0804	-1085.493	-0.71098578	-1069.3061	-1081.801	-1070.461
184	184	-2212.2489	-2212.9832	-2224.6151	-0.73424197	-2208.9754	-2221.4689	-2210.1303
185	185	-3116.9585	-3117.7288	-3129.1289	-0.77031895	-3113.7226	-3125.6622	-3114.8787
186	186	-2734.9848	-2735.6957	-2747.0843	-0.71087793	-2731.626	-2744.123	-2732.7818
187	187	-2864.0786	-2864.7969	-2876.2542	-0.71831705	-2860.8871	-2873.3816	-2862.042
188	188	-3272.0418	-3272.7635	-3283.8719	-0.72172986	-3268.8413	-3280.548	-3269.9962
189	189	-1481.8698	-1482.5277	-1493.9352	-0.65790023	-1478.0721	-1488.525	-1479.2271
190	190	-898.44702	-899.16285	-910.67885	-0.71582655	-894.26185	-906.75534	-895.41703
191	191	-2313.7658	-2314.4522	-2325.962	-0.68638259	-2310.2877	-2322.7813	-2311.4426
192	192	-1777.4351	-1777.9855	-1789.5161	-0.55035086	-1773.7685	-1786.2621	-1774.9241
193	193	-3313.9083	-3314.4154	-3327.7607	-0.50709227	-3311.0246	-3323.5208	-3312.18
194	194	-1729.1162	-1729.8654	-1741.1704	-0.74916087	-1725.4414	-1736.1652	-1726.5965
195	195	-1093.5883	-1094.3214	-1105.7755	-0.73314064	-1089.5411	-1102.0345	-1090.6963
196	196	-1930.7658	-1930.6338	-1942.3344	0.13208508	-1927.441	-1939.5473	-1928.2072
197	197	-1731.7519	-1732.3188	-1743.589	-0.56693128	-1728.0722	-1740.5661	-1729.2271
198	198	-1568.027	-1568.7465	-1579.888	-0.71952	-1564.2862	-1576.7798	-1565.4414
199	199	-1197.3639	-1198.1038	-1209.6325	-0.73988588	-1193.7714	-1206.2648	-1194.9268
200	200	-1947.1668	-1947.8676	-1959.3171	-0.70081752	-1943.5511	-1956.0445	-1944.706
201	201	-1129.4227	-1130.1265	-1141.4216	-0.70379133	-1125.4255	-1137.9193	-1126.5804
202	202	-2738.3731	-2739.0938	-2750.5531	-0.72069448	-2735.1477	-2746.6584	-2736.303
203	203	-1316.5354	-1317.2433	-1328.6596	-0.70791852	-1312.659	-1325.1526	-1313.8139
204	204	-2392.2778	-2392.8663	-2400.8997	-0.58847302	-2388.8427	-2397.5364	-2389.9979
205	205	-1716.6215	-1717.1964	-1728.8125	-0.5748651	-1712.9032	-1725.3967	-1714.0587
206	206	-1647.2757	-1647.9828	-1659.4242	-0.70716201	-1643.5401	-1656.0339	-1644.6956
207	207	-2235.1224	-2235.8218	-2247.2446	-0.69937465	-2231.6047	-2244.0982	-2232.7607
208	208	-3423.2376	-3423.9441	-3437.5315	-0.70645491	-3420.0701	-3432.5686	-3421.2259
209	209	-1458.0922	-1458.807	-1470.1313	-0.71480527	-1454.2644	-1466.7582	-1455.4198
210	210	-2396.1915	-2396.9312	-2407.0429	-0.73969096	-2392.7495	-2404.1567	-2393.9045
211	211	-2852.4936	-2853.3294	-2864.6568	-0.83579208	-2849.3247	-2861.8196	-2850.481
212	212	-2996.1023	-2996.3236	-3007.0884	-0.22127046	-2992.8078	-3002.5731	-2993.5203
213	213	-1440.2521	-1440.9623	-1452.3981	-0.71019897	-1436.4209	-1448.9147	-1437.5758
214	214	-2762.9262	-2763.5315	-2775.0141	-0.60522108	-2759.6149	-2771.903	-2760.7699
215	215	-2024.1079	-2024.7246	-2036.1807	-0.61668839	-2020.5614	-2033.0374	-2021.7164
216	216	-2420.1996	-2420.167	-2431.623	0.032593502	-2416.7696	-2428.5024	-2417.1119
217	217	-1890.9644	-1891.4943	-1902.6075	-0.52994545	-1887.3514	-1899.8465	-1888.5063
218	218	-1792.8077	-1793.5193	-1804.6707	-0.71160178	-1789.1587	-1801.6527	-1790.3141
219	219	-1620.5984	-1621.1463	-1632.4044	-0.54791486	-1616.8464	-1629.3416	-1618.002
220	220	-2278.9968	-2279.6171	-2290.8719	-0.62030709	-2275.6709	-2288.1652	-2276.8259
221	221	-1461.2132	-1461.9061	-1473.3532	-0.69284842	-1457.3986	-1469.8924	-1458.5536
222	222	-2659.9878	-2660.7147	-2672.3127	-0.72689381	-2656.9233	-2669.4172	-2658.0782
223	223	-3165.7185	-3166.4292	-3176.7186	-0.71063015	-3162.4931	-3173.2551	-3163.6486
224	224	-1977.9637	-1978.562	-1990.1276	-0.59833107	-1974.369	-1986.8624	-1975.524
225	225	-1595.2355	-1595.9581	-1607.3739	-0.72258836	-1591.4825	-1603.9763	-1592.6379
226	226	-1889.3052	-1889.6842	-1901.4242	-0.37897464	-1885.6613	-1898.1551	-1886.8165
227	227	-1543.9639	-1544.6557	-1556.151	-0.69188682	-1540.3733	-1552.8668	-1541.5294
228	228	-2236.8427	-2237.5814	-2248.9292	-0.73868795	-2233.3639	-2245.8591	-2234.5189
229	229	-1000.539	-1001.2967	-1012.7532	-0.75774849	-996.44352	-1008.9369	-997.59877
230	230	-1996.6887	-1997.4116	-2008.8048	-0.7228748	-1993.1207	-2005.6143	-1994.2759
231	231	-2843.2099	-2843.9112	-2854.6473	-0.70137518	-2839.9041	-2852.0964	-2841.0591
232	232	-2358.8138	-2359.5325	-2370.1486	-0.71867861	-2355.5868	-2366.3578	-2356.7417
233	233	-2858.6177	-2859.3153	-2870.6893	-0.69759081	-2855.3199	-2867.8176	-2856.4749
234	234	-1252.2517	-1252.9738	-1264.2209	-0.72216244	-1248.3363	-1260.83	-1249.4917
235	235	-1204.321	-1205.0361	-1216.1461	-0.71509867	-1200.3658	-1212.8592	-1201.521
236	236	-2547.1723	-2547.7493	-2559.2222	-0.57699075	-2543.7737	-2556.2675	-2544.9287
237	237	-2873.4508	-2874.1907	-2884.6058	-0.73999735	-2870.3092	-2882.0718	-2871.4641
238	238	-1065.7839	-1066.2212	-1077.463	-0.43736687	-1061.7412	-1074.2348	-1062.8968
239	239	-1655.4458	-1656.1689	-1667.6828	-0.72308706	-1651.8834	-1664.3769	-1653.0383
240	240	-1190.3741	-1191.0694	-1200.8116	-0.69530189	-1186.4057	-1196.6996	-1187.5608
241	241	-2100.4569	-2098.6944	-2109.4694	1.7625475	-2096.8985	-2106.8305	-2095.5407
242	242	-908.45738	-909.16585	-920.44983	-0.70846512	-904.27415	-916.7677	-905.4291
243	243	-1186.6424	-1187.373	-1198.6075	-0.7306659	-1182.6704	-1195.1644	-1183.8258
244	244	-1616.3612	-1617.0648	-1628.1457	-0.7036007	-1612.6258	-1625.1197	-1613.7808
245	245	-2077.2191	-2077.9435	-2088.8427	-0.72432487	-2073.6677	-2085.1324	-2074.8228
246	246	-2093.4563	-2094.1661	-2105.3086	-0.70978506	-2090.0678	-2102.5615	-2091.2228
247	247	-2005.1094	-2005.8488	-2017.203	-0.73945254	-2001.5241	-2014.0177	-2002.6793
248	248	-1705.8703	-1706.4774	-1717.4478	-0.6070861	-1702.1786	-1712.1644	-1703.3336
249	249	-1494.6814	-1495.1233	-1506.7692	-0.44194527	-1490.8515	-1501.9924	-1492.0064
250	250	-1449.1107	-1449.8424	-1461.3154	-0.73170994	-1445.2937	-1457.7881	-1446.4496
251	251	-1570.5145	-1571.2186	-1582.249	-0.70411045	-1566.7566	-1579.2502	-1567.9116
252	252	-1962.805	-1963.5089	-1974.4511	-0.70394288	-1959.5729	-1971.0389	-1960.7278
253	253	-1407.2503	-1407.9674	-1419.0553	-0.71706187	-1403.4162	-1415.9101	-1404.5711
254	254	-1323.8978	-1324.5789	-1334.8568	-0.68109727	-1319.9673	-1330.913	-1321.1224
255	255	-2617.4183	-2617.9745	-2624.6772	-0.55612975	-2614.0022	-2623.2519	-2615.1577
256	256	-2089.2558	-2089.5934	-2101.01	-0.3376127	-2085.7331	-2098.1018	-2086.7454
257	257	-2428.0712	-2428.7997	-2440.4536	-0.72855437	-2424.9107	-2437.4103	-2426.0661
258	258	-2599.8286	-2600.5426	-2611.9193	-0.71403726	-2596.4191	-2608.9134	-2597.5742
259	259	-1670.3316	-1671.0233	-1682.4974	-0.69167675	-1666.6059	-1679.0992	-1667.7608
260	260	-1937.1549	-1937.1302	-1948.4528	0.024674812	-1933.5289	-1944.3283	-1933.7804
261	261	-2608.2956	-2608.5675	-2620.0624	-0.27188196	-2605.0945	-2617.5886	-2606.2494
262	262	-2344.1485	-2344.8674	-2354.6897	-0.71881276	-2340.668	-2353.0756	-2341.8231
263	263	-2046.2003	-2046.7789	-2058.0077	-0.57856545	-2042.8641	-2055.3612	-2044.0194
264	264	-2022.4587	-2023.1821	-2033.9889	-0.72345935	-2018.8931	-2030.5109	-2020.048
265	265	-1923.8503	-1924.3954	-1935.9933	-0.54504669	-1920.2534	-1932.7473	-1921.4083
266	266	-3551.4305	-3551.8334	-3566.0484	-0.40284297	-3548.4991	-3561.0002	-3549.6548
267	267	-1516.5058	-1517.2023	-1528.6955	-0.69653298	-1512.6731	-1525.1674	-1513.8279
268	268	-1996.4613	-1996.9825	-2008.5771	-0.52122835	-1992.8766	-2005.3521	-1994.0316
269	269	-2202.1464	-2202.6975	-2213.7131	-0.55106612	-2198.6194	-2211.1133	-2199.7744
270	270	-1677.482	-1678.2861	-1689.1256	-0.80408359	-1673.8822	-1686.2946	-1675.0372
271	271	-1629.8824	-1630.5807	-1642.0216	-0.69827571	-1626.3368	-1638.8302	-1627.4918
272	272	-2215.4412	-2215.4916	-2226.2486	-0.05038486	-2211.9577	-2223.7042	-2213.0737
273	273	-1900.6365	-1901.3493	-1912.7821	-0.71281831	-1897.5089	-1910.0033	-1898.6638
274	274	-2011.618	-2012.3192	-2023.7112	-0.70127637	-2008.0505	-2020.5443	-2009.2054
275	275	-1158.4531	-1159.1537	-1170.6408	-0.70062424	-1154.4588	-1166.9526	-1155.6141
276	276	-1443.9719	-1444.6815	-1455.4902	-0.70952128	-1440.1599	-1452.6543	-1441.315
277	277	-2352.3357	-2353.0392	-2364.5008	-0.70347183	-2348.8771	-2361.3705	-2350.0321
278	278	-1672.7605	-1673.2655	-1684.5688	-0.50502478	-1669.0284	-1681.5246	-1670.1833
279	279	-2979.0518	-2979.7544	-2990.9788	-0.70263203	-2975.7677	-2987.7025	-2976.9236
280	280	-1909.4518	-1910.2074	-1921.2467	-0.75557349	-1905.8427	-1918.3361	-1906.9976
281	281	-1577.788	-1578.502	-1588.4387	-0.71396539	-1574.0336	-1584.5072	-1575.1888
282	282	-1529.4459	-1530.1592	-1541.2213	-0.71335811	-1525.6626	-1538.1559	-1526.8176
283	283	-1830.8041	-1831.3489	-1842.8881	-0.5447712	-1827.1873	-1839.4397	-1828.3423
284	284	-1827.7733	-1828.3467	-1839.8521	-0.57336313	-1824.1087	-1836.6021	-1825.2638
285	285	-2509.715	-2510.4529	-2521.8065	-0.73790014	-2506.3174	-2518.4771	-2507.4727
286	286	-2026.598	-2027.3638	-2038.064	-0.7657927	-2023.0206	-2034.2365	-2024.1759
287	287	-2667.6155	-2668.3194	-2679.6869	-0.7038269	-2664.2288	-2676.7222	-2665.384
288	288	-1820.4685	-1821.137	-1832.716	-0.66848905	-1816.9714	-1829.4647	-1818.1271
289	289	-1869.9437	-1869.718	-1881.6652	0.22573745	-1866.3128	-1878.2881	-1866.953
290	290	-1583.3306	-1584.0442	-1595.5206	-0.71365494	-1579.5551	-1592.0487	-1580.7101
291	291	-1241.9439	-1242.6808	-1254.0649	-0.73691006	-1237.9804	-1250.4741	-1239.1353
292	292	-1886.8732	-1887.5948	-1898.8038	-0.72161284	-1883.2493	-1895.5356	-1884.4043
293	293	-2361.3247	-2362.0286	-2368.2077	-0.70384362	-2357.8423	-2367.1416	-2358.9973
294	294	-2310.0608	-2310.8028	-2322.1215	-0.74199083	-2306.5915	-2317.1423	-2307.7467
295	295	-2831.4079	-2832.1216	-2843.4588	-0.71367232	-2828.096	-2840.0678	-2829.251
296	296	-2211.8517	-2212.5504	-2224.015	-0.69874649	-2208.4759	-2220.9694	-2209.631
297	297	-1234.6196	-1235.3309	-1246.8024	-0.71132539	-1230.6811	-1243.1745	-1231.836
298	298	-2539.4005	-2540.124	-2549.8419	-0.72353701	-2535.9915	-2547.1787	-2537.1466
299	299	-1784.0553	-1784.7544	-1796.1232	-0.69909476	-1780.4077	-1792.758	-1781.5629
300	300	-1530.9973	-1531.7013	-1543.167	-0.70407157	-1527.459	-1539.9524	-1528.6139
301	301	-2942.8805	-2943.5859	-2954.6997	-0.7054351	-2939.8353	-2950.9222	-2940.9903
302	302	-1978.0242	-1978.7097	-1987.2822	-0.68550276	-1974.4105	-1984.7093	-1975.5654
303	303	-2464.0022	-2464.7066	-2476.0795	-0.70443799	-2461.2722	-2473.7675	-2462.4273
304	304	-2224.6066	-2225.3615	-2236.1884	-0.75496364	-2221.1238	-2233.6182	-2222.279
305	305	-3217.8932	-3218.6468	-3225.6277	-0.7535395	-3214.682	-3222.9736	-3215.837
306	306	-1215.1674	-1215.8557	-1227.0547	-0.68836348	-1211.206	-1223.6994	-1212.361
307	307	-1428.8813	-1429.5683	-1440.4651	-0.68702731	-1425.0142	-1436.3571	-1426.1693
308	308	-2647.6224	-2648.3449	-2659.8727	-0.72245151	-2644.4516	-2656.9459	-2645.6071
309	309	-2325.2733	-2326.1068	-2336.9011	-0.83348375	-2321.9118	-2334.4068	-2323.0668
310	310	-3813.0868	-3811.8403	-3827.4346	1.2465489	-3809.9935	-3820.4394	-3808.6205
311	311	-2181.6589	-2182.3697	-2193.7979	-0.71074456	-2178.1447	-2190.6388	-2179.2997
312	312	-2270.1408	-2270.8531	-2282.2431	-0.71225856	-2266.6683	-2279.1631	-2267.8237
313	313	-2420.8679	-2421.5933	-2432.6417	-0.72543248	-2417.64	-2430.1355	-2418.7949
314	314	-3343.7221	-3344.0107	-3355.8686	-0.28863956	-3340.7597	-3351.1888	-3340.9573
315	315	-1609.4939	-1609.9049	-1621.5937	-0.41101305	-1605.7098	-1618.2044	-1606.8648
316	316	-2571.5909	-2572.3076	-2582.8733	-0.71663716	-2568.2254	-2580.6646	-2569.3804
317	317	-2153.224	-2153.9617	-2165.1123	-0.73772958	-2149.7031	-2162.1973	-2150.8586
318	318	-1472.1286	-1472.8261	-1484.2436	-0.69749901	-1468.3101	-1480.8035	-1469.465
319	319	-1436.0501	-1436.5578	-1448.046	-0.50771786	-1432.2185	-1444.712	-1433.3738
320	320	-1667.2888	-1667.9715	-1677.9957	-0.68271633	-1663.5632	-1674.9956	-1664.7181
321	321	-2924.528	-2925.2411	-2936.8123	-0.71304813	-2921.4671	-2933.9613	-2922.622
322	322	-992.23877	-992.94427	-1004.5237	-0.70549813	-988.12782	-1000.6215	-989.28348
323	323	-1841.9004	-1842.624	-1853.3952	-0.72365187	-1838.2234	-1850.5534	-1839.3783
324	324	-1149.9136	-1150.6262	-1162.1455	-0.71264565	-1145.9293	-1158.4226	-1147.0841
325	325	-1234.8989	-1235.6193	-1246.5337	-0.72036058	-1230.9592	-1243.2138	-1232.1141
326	326	-3400.7321	-3401.1445	-3413.1323	-0.41246244	-3397.5499	-3410.0275	-3398.7052
327	327	-1237.6247	-1238.335	-1249.6018	-0.71029598	-1233.6707	-1246.1641	-1234.8255
328	328	-2248.0228	-2248.7528	-2259.796	-0.7299591	-2244.5274	-2257.0232	-2245.6827
329	329	-2245.6999	-2246.4451	-2257.8004	-0.74514847	-2242.2048	-2254.46	-2243.3601
330	330	-1028.9592	-1029.6756	-1041.1334	-0.71640361	-1024.8777	-1037.3714	-1026.0331
331	331	-1210.1948	-1210.9013	-1222.436	-0.70654037	-1206.2422	-1218.7356	-1207.3974
332	332	-2210.7949	-2211.5353	-2222.3673	-0.74034682	-2207.55	-2219.0595	-2208.7052
333	333	-2733.8377	-2734.5607	-2744.0933	-0.72296765	-2730.5071	-2742.398	-2731.6623
334	334	-2349.0191	-2349.0603	-2357.1164	-0.041152538	-2345.5459	-2355.6909	-2344.8563
335	335	-1895.0281	-1895.7298	-1906.8086	-0.70173692	-1891.5478	-1903.4362	-1892.7027
336	336	-1439.0211	-1439.5119	-1451.1492	-0.49078751	-1435.1996	-1444.1946	-1436.3556
337	337	-2107.9945	-2108.7316	-2120.1634	-0.73707051	-2104.7019	-2117.1957	-2105.8569
338	338	-1792.4375	-1793.1507	-1804.5791	-0.71323669	-1789.4709	-1801.9653	-1790.6262
339	339	-2758.0426	-2758.7523	-2768.7112	-0.70972625	-2754.6984	-2765.7095	-2755.8542
340	340	-1236.6725	-1236.9577	-1248.7439	-0.28524835	-1232.7247	-1243.4462	-1231.612
341	341	-3544.8705	-3544.869	-3559.3352	0.001487023	-3541.73	-3553.885	-3542.4579
342	342	-2963.6347	-2963.8595	-2974.3332	-0.22488052	-2960.3582	-2971.9068	-2961.5133
343	343	-2589.8493	-2589.9408	-2594.506	-0.091486848	-2586.4662	-2593.8164	-2587.6213
344	344	-2217.5923	-2218.3326	-2229.378	-0.74029263	-2214.08	-2226.5735	-2215.2352
345	345	-2479.5135	-2480.2474	-2491.4934	-0.73395352	-2476.5663	-2488.2949	-2477.7215
346	346	-2151.7958	-2152.5146	-2163.8355	-0.71881483	-2148.2491	-2157.8972	-2149.4049
347	347	-2922.3597	-2922.6823	-2931.9694	-0.32253086	-2919.0645	-2929.4893	-2920.2195
348	348	-2409.8971	-2409.9302	-2421.3666	-0.033103594	-2406.477	-2418.9029	-2407.5617
349	349	-2146.3624	-2147.0868	-2157.9272	-0.72438781	-2142.7872	-2155.2812	-2143.9422
350	350	-2016.9755	-2017.7037	-2029.0874	-0.72822954	-2013.4156	-2025.9104	-2014.5706
351	351	-2635.6932	-2635.5331	-2646.0055	0.1600966	-2632.6152	-2643.6183	-2633.0331
352	352	-1567.7475	-1568.4666	-1579.8696	-0.71910595	-1563.9992	-1576.4931	-1565.1543
353	353	-985.37264	-986.08508	-997.51435	-0.71244525	-981.27236	-993.766	-982.42733
354	354	-2233.949	-2234.6712	-2246.005	-0.72218174	-2230.4398	-2241.2105	-2231.5949
355	355	-2453.8571	-2454.5738	-2465.9324	-0.71664359	-2450.4288	-2462.8312	-2451.5841
356	356	-2500.8265	-2501.5259	-2512.8081	-0.69941574	-2497.6261	-2510.1211	-2498.7818
357	357	-2237.71	-2238.4434	-2249.8923	-0.7333588	-2234.3629	-2245.9202	-2235.5178
358	358	-1712.0536	-1712.771	-1724.2043	-0.71738948	-1708.3591	-1720.2907	-1709.514
359	359	-1634.7554	-1634.3703	-1645.1875	0.38510925	-1631.0444	-1642.13	-1631.3902
360	360	-3061.1268	-3060.6472	-3072.2907	0.47962419	-3057.8738	-3069.3261	-3057.9703
361	361	-2132.9968	-2133.671	-2138.3054	-0.67414754	-2129.4319	-2135.4404	-2130.5869
362	362	-3625.3536	-3626.0587	-3640.7189	-0.70509198	-3622.6725	-3633.9362	-3623.8276
363	363	-1342.9698	-1343.6938	-1354.9807	-0.72403486	-1339.1041	-1351.5975	-1340.2595
364	364	-1802.8187	-1803.3905	-1814.99	-0.57179502	-1799.1732	-1811.6677	-1800.3292
365	365	-1477.3712	-1478.1291	-1488.8913	-0.75796222	-1473.577	-1486.0704	-1474.7321
366	366	-964.42645	-964.74373	-976.24171	-0.31728229	-960.30166	-972.79498	-961.45688
367	367	-1720.6235	-1721.1438	-1732.7082	-0.52030748	-1716.9544	-1729.4479	-1718.1093
368	368	-2704.4381	-2705.1487	-2716.4734	-0.71064288	-2701.0627	-2713.556	-2702.2176
369	369	-2332.6734	-2333.3753	-2342.3972	-0.70189308	-2329.3442	-2338.8158	-2330.4995
370	370	-1823.0777	-1823.6697	-1835.3311	-0.59206541	-1819.597	-1831.7057	-1820.7519
371	371	-2095.0903	-2095.8196	-2107.1704	-0.7293661	-2091.541	-2103.6151	-2092.6961
372	372	-1907.1086	-1907.6679	-1919.2397	-0.55932219	-1903.4736	-1915.0154	-1904.6291
373	373	-2990.3234	-2991.1479	-3001.51	-0.82452196	-2987.1855	-2999.0227	-2988.3405
374	374	-1296.1922	-1296.9242	-1308.3006	-0.7319996	-1292.2837	-1304.7775	-1293.4394
375	375	-919.69813	-920.40149	-931.47357	-0.70335785	-915.52723	-928.02078	-916.68256
376	376	-2187.9267	-2188.6774	-2199.6366	-0.75075537	-2184.4048	-2196.8981	-2185.5602
377	377	-2050.892	-2051.5913	-2060.8459	-0.69930614	-2047.8733	-2060.3724	-2049.0298
378	378	-2658.7901	-2659.5104	-2670.8407	-0.72025069	-2655.4251	-2666.8169	-2656.58
379	379	-2130.5012	-2131.2142	-2142.5561	-0.71305266	-2126.977	-2139.2906	-2128.1321
380	380	-2090.9178	-2091.6336	-2102.5308	-0.71579747	-2087.3609	-2099.8558	-2088.516
381	381	-1987.1567	-1987.8679	-1998.1214	-0.71121309	-1983.5816	-1996.0765	-1984.7367
382	382	-3547.1797	-3547.5931	-3561.4797	-0.41337271	-3544.047	-3554.629	-3545.2021
383	383	-1406.6983	-1406.0702	-1417.5291	0.62817743	-1402.8723	-1413.3101	-1401.9872
384	384	-1401.1233	-1401.8236	-1410.6406	-0.70022965	-1397.2787	-1405.999	-1398.4336
385	385	-1298.9212	-1299.6749	-1310.8984	-0.75371896	-1295.0331	-1307.527	-1296.1882
386	386	-1173.5003	-1174.1973	-1185.0171	-0.69701872	-1169.5107	-1181.0639	-1170.6661
387	387	-1562.5957	-1563.2921	-1574.264	-0.69637162	-1558.8165	-1571.31	-1559.9716
388	388	-2340.8288	-2341.5506	-2352.2839	-0.72177269	-2337.3851	-2348.2311	-2338.54
389	389	-1277.5102	-1278.2167	-1289.6542	-0.70649782	-1273.6035	-1286.0972	-1274.7584
390	390	-1460.7966	-1461.5191	-1471.6624	-0.72255395	-1456.9807	-1468.7125	-1458.1356
391	391	-1445.3359	-1445.8755	-1457.3824	-0.53963006	-1441.513	-1451.1078	-1442.668
392	392	-2823.9822	-2824.7231	-2836.0682	-0.74092544	-2820.6588	-2833.1523	-2821.8138
393	393	-2589.2794	-2590.0153	-2601.3431	-0.73593284	-2585.893	-2596.7487	-2587.0481
394	394	-1510.5913	-1511.3536	-1521.9519	-0.76223628	-1506.8037	-1516.8758	-1507.959
395	395	-2166.5908	-2167.1759	-2178.0501	-0.58507618	-2163.0834	-2175.5498	-2164.2384
396	396	-2160.3861	-2160.6144	-2172.4497	-0.22832804	-2156.8431	-2169.1151	-2157.7117
397	397	-1499.659	-1500.3827	-1511.2416	-0.72376954	-1495.8605	-1508.354	-1497.0154
398	398	-1225.4019	-1225.8226	-1237.2119	-0.42075043	-1221.4474	-1233.4311	-1222.6024
399	399	-1516.2537	-1516.9727	-1528.464	-0.71896854	-1512.951	-1525.4444	-1514.1065
400	400	-1953.6714	-1953.28	-1963.2073	0.3913842	-1950.084	-1960.688	-1949.0928
401	401	-1308.2917	-1308.9925	-1320.2143	-0.7008183	-1304.4026	-1316.8962	-1305.5575
402	402	-2170.5234	-2171.2722	-2182.7392	-0.74881389	-2167.008	-2179.5023	-2168.1633
403	403	-2281.9491	-2282.0374	-2291.9454	-0.088346687	-2278.4605	-2288.977	-2279.6181
404	404	-1873.4508	-1874.1759	-1885.2864	-0.72511827	-1869.9701	-1882.4635	-1871.1256
405	405	-2034.8564	-2035.4066	-2046.5588	-0.55020017	-2031.2569	-2043.7504	-2032.4118
406	406	-1293.3232	-1293.755	-1305.1558	-0.43179747	-1289.4089	-1301.8564	-1290.5642
407	407	-2018.4106	-2019.1236	-2030.4671	-0.71295972	-2014.8294	-2027.0518	-2015.9848
408	408	-1573.6608	-1574.1664	-1585.4668	-0.50554039	-1569.9058	-1582.3997	-1571.0607
409	409	-1871.1106	-1871.8243	-1882.7417	-0.71364998	-1867.4879	-1879.7886	-1868.6429
410	410	-1714.6762	-1715.4026	-1725.8927	-0.72635922	-1711.1756	-1721.4997	-1712.3306
411	411	-4392.0573	-4392.9278	-4399.6044	-0.87047114	-4389.2212	-4394.4857	-4390.3768
412	412	-1865.6731	-1866.3755	-1877.7959	-0.70242415	-1862.0488	-1874.5422	-1863.2041
413	413	-1870.3504	-1870.776	-1880.153	-0.42557393	-1866.7318	-1877.9995	-1867.8867
414	414	-2140.3864	-2141.1427	-2152.5265	-0.75630044	-2136.8365	-2149.3299	-2137.9916
415	415	-2639.5886	-2640.3143	-2651.6371	-0.72565612	-2636.2239	-2647.187	-2637.379
416	416	-2375.9797	-2376.7351	-2388.0207	-0.7554155	-2372.5352	-2384.6592	-2373.6903
417	417	-1385.0565	-1385.7673	-1397.2646	-0.71075426	-1381.2237	-1393.7175	-1382.3787
418	418	-1878.9091	-1879.4792	-1890.9956	-0.5700827	-1875.288	-1885.9306	-1876.443
419	419	-2686.7167	-2687.4378	-2697.9472	-0.72108556	-2683.3752	-2695.3911	-2684.5306
420	420	-2961.1544	-2961.8221	-2971.6599	-0.6677249	-2957.8638	-2968.3711	-2959.019
421	421	-2390.2806	-2391.0047	-2402.0164	-0.7240257	-2386.8267	-2399.3203	-2387.982
422	422	-3095.0537	-3095.7683	-3106.2417	-0.7145967	-3091.8053	-3102.5359	-3092.9606
423	423	-1427.6924	-1428.3962	-1439.8563	-0.70376846	-1424.2512	-1436.7446	-1425.4062
424	424	-1276.8881	-1277.5936	-1289.0655	-0.70547146	-1272.9814	-1285.4747	-1274.1365
425	425	-2487.2123	-2487.9167	-2498.9213	-0.70437155	-2483.7978	-2496.2915	-2484.9533
426	426	-1410.0217	-1410.7229	-1422.1525	-0.70125248	-1406.3791	-1418.8731	-1407.534
427	427	-1482.5492	-1483.2888	-1494.407	-0.73958732	-1479.0443	-1491.538	-1480.1996
428	428	-1568.635	-1569.3496	-1578.3367	-0.71461804	-1564.8784	-1574.863	-1566.0334
429	429	-1178.8474	-1179.3203	-1190.8261	-0.47289428	-1174.8859	-1187.3794	-1176.0409
430	430	-1799.2463	-1799.9542	-1811.4171	-0.70795418	-1795.6055	-1808.0989	-1796.7612
431	431	-2201.1187	-2201.84	-2212.8971	-0.72130529	-2197.5985	-2210.0924	-2198.7535
432	432	-1674.5295	-1675.2613	-1686.6694	-0.73176534	-1670.8437	-1682.7187	-1671.9991
433	433	-2628.7732	-2629.5904	-2638.3406	-0.81727247	-2625.5227	-2635.3933	-2626.6776
434	434	-2122.5691	-2123.2956	-2134.6967	-0.72653326	-2119.0444	-2131.5397	-2120.1994
435	435	-1987.9655	-1988.6729	-1999.4761	-0.70744395	-1984.3743	-1996.1473	-1985.5297
436	436	-1785.3931	-1786.1019	-1793.8574	-0.70880794	-1781.7276	-1791.1705	-1782.8825
437	437	-953.6283	-954.35971	-965.58548	-0.73140807	-949.51404	-962.00743	-950.66973
438	438	-2870.0397	-2870.8034	-2881.487	-0.76362166	-2866.7429	-2879.0033	-2867.8978
439	439	-2771.6421	-2772.396	-2779.8528	-0.75386308	-2768.758	-2777.4557	-2769.9134
440	440	-1577.9544	-1578.6657	-1590.1103	-0.71129325	-1574.2006	-1586.6941	-1575.3555
441	441	-3143.4556	-3144.1627	-3153.2635	-0.70710941	-3140.2221	-3151.8837	-3141.3773
442	442	-3551.598	-3552.3108	-3568.4208	-0.71275899	-3548.473	-3561.3426	-3549.6281
443	443	-2479.5291	-2480.3428	-2488.7408	-0.81370587	-2476.2262	-2485.5502	-2477.3814
444	444	-2268.6127	-2269.3365	-2280.7405	-0.72375883	-2265.1047	-2277.5982	-2266.2597
445	445	-2909.2335	-2909.9579	-2919.2212	-0.72438626	-2905.9329	-2914.9171	-2907.0878
446	446	-1532.5611	-1533.2752	-1544.2427	-0.71410744	-1528.7821	-1540.8336	-1529.9372
447	447	-2107.8472	-2108.4246	-2119.5388	-0.57744382	-2104.3147	-2116.2177	-2105.4696
448	448	-1534.9301	-1535.4673	-1547.0188	-0.53720102	-1531.1525	-1541.5755	-1532.3078
449	449	-3496.8517	-3497.555	-3507.5629	-0.70332981	-3493.9904	-3505.8978	-3495.1455
450	450	-2146.656	-2147.3685	-2158.555	-0.7124561	-2143.2537	-2155.7478	-2144.4088
451	451	-2100.9725	-2101.6963	-2113.0893	-0.72377854	-2097.409	-2109.7358	-2098.564
452	452	-2978.4713	-2979.2096	-2990.5163	-0.73829106	-2975.1767	-2987.6707	-2976.3315
453	453	-1723.0716	-1723.7716	-1731.872	-0.7000899	-1719.366	-1728.6855	-1720.521
454	454	-2239.7873	-2240.5117	-2251.9003	-0.72444935	-2236.3174	-2247.6434	-2237.4726
455	455	-3102.5177	-3103.244	-3114.5938	-0.72623033	-3099.2928	-3111.7873	-3100.448
456	456	-2603.7787	-2604.311	-2615.4642	-0.53222198	-2600.3999	-2612.8946	-2601.5548
457	457	-2459.4396	-2460.1465	-2471.7863	-0.70688133	-2456.2783	-2468.7741	-2457.4334
458	458	-2104.8104	-2105.526	-2116.9376	-0.71554175	-2101.2732	-2113.7666	-2102.4284
459	459	-2359.8383	-2360.5785	-2371.999	-0.74017341	-2356.3983	-2368.8923	-2357.5532
460	460	-3072.7535	-3073.4632	-3083.7997	-0.70968664	-3069.4963	-3081.4427	-3070.6513
461	461	-1752.9846	-1753.5101	-1764.8314	-0.52541388	-1749.3371	-1761.8304	-1750.492
462	462	-2033.8797	-2034.6072	-2046.0177	-0.7274573	-2030.2923	-2042.7858	-2031.4473
463	463	-1382.1984	-1382.702	-1393.9301	-0.50364985	-1378.3415	-1390.837	-1379.4964
464	464	-2455.0977	-2455.0883	-2466.1577	0.0093907534	-2452.0809	-2463.8858	-2452.5097
465	465	-2213.6805	-2214.3817	-2225.825	-0.70114543	-2210.1916	-2222.685	-2211.3469
466	466	-1987.1543	-1987.745	-1999.2453	-0.59065497	-1983.5739	-1995.3943	-1984.7292
467	467	-1857.2763	-1857.8472	-1869.3497	-0.57082049	-1853.6501	-1864.7487	-1854.8051
468	468	-2000.5056	-2001.2051	-2012.1508	-0.69954919	-1996.8989	-2007.99	-1998.0545
469	469	-1706.5613	-1707.2838	-1718.7334	-0.72257636	-1702.8289	-1715.3235	-1703.9838
470	470	-2492.579	-2493.3968	-2503.205	-0.81780925	-2489.2819	-2499.7633	-2490.4381
471	471	-2331.4372	-2332.1672	-2342.9909	-0.72997102	-2327.9878	-2340.1627	-2329.1428
472	472	-1544.9281	-1545.6635	-1557.0321	-0.73542287	-1541.1614	-1552.3604	-1542.3173
473	473	-2489.2391	-2489.9799	-2501.2801	-0.74085488	-2485.8253	-2498.3188	-2486.9802
474	474	-2014.601	-2015.3181	-2026.6336	-0.717067	-2010.999	-2023.4938	-2012.1551
475	475	-1418.8643	-1419.5774	-1430.637	-0.71309528	-1414.9989	-1427.4923	-1416.1546
476	476	-2748.9217	-2749.5052	-2760.9859	-0.58347116	-2745.5927	-2758.0862	-2746.7477
477	477	-1390.5378	-1391.2488	-1402.6142	-0.7109966	-1386.6913	-1396.7385	-1387.8465
478	478	-1093.5434	-1093.8931	-1105.3516	-0.34968316	-1089.4775	-1101.9708	-1090.6325
479	479	-1432.8167	-1433.5442	-1444.9869	-0.7274511	-1428.9935	-1441.4869	-1430.1487
480	480	-1514.6454	-1515.3558	-1526.7415	-0.71041874	-1510.879	-1522.6704	-1512.0344
481	481	-2188.7061	-2189.4167	-2200.7709	-0.71068133	-2185.4779	-2197.9718	-2186.6341
482	482	-2447.2139	-2447.7953	-2456.606	-0.58144612	-2443.8121	-2453.7965	-2444.9672
483	483	-2403.9902	-2404.706	-2416.2083	-0.7157831	-2400.7022	-2413.1957	-2401.8571
484	484	-2164.8797	-2164.9164	-2176.0781	-0.036728357	-2161.3457	-2173.6906	-2162.3496
485	485	-3274.671	-3275.4019	-3281.5391	-0.73086772	-3271.4696	-3278.944	-3272.6246
486	486	-1926.8437	-1927.5619	-1939.0084	-0.718207	-1923.2398	-1935.1884	-1924.3949
487	487	-3630.4592	-3631.1716	-3641.582	-0.71235574	-3627.7033	-3638.5023	-3628.8586
488	488	-2073.094	-2073.7966	-2085.5202	-0.70269626	-2069.909	-2081.0324	-2071.0639
489	489	-1450.3049	-1451.0145	-1462.5166	-0.70959679	-1446.4929	-1458.987	-1447.6479
490	490	-1931.9656	-1932.5215	-1943.4966	-0.55588365	-1928.3777	-1940.8356	-1929.5327
491	491	-1214.374	-1215.0867	-1226.2871	-0.71263903	-1210.4474	-1222.941	-1211.6023
492	492	-2387.9737	-2388.7243	-2400.2408	-0.75058202	-2384.7431	-2397.237	-2385.8981
493	493	-2781.4381	-2781.6136	-2792.3338	-0.17552875	-2778.7096	-2791.2093	-2779.8652
494	494	-2490.87	-2491.5888	-2502.9034	-0.71881007	-2487.4705	-2498.6072	-2488.6255
495	495	-2268.6204	-2269.2055	-2280.3801	-0.58516311	-2265.1252	-2277.6228	-2266.2803
496	496	-1617.691	-1618.403	-1629.1679	-0.71197807	-1613.9487	-1625.842	-1615.1039
497	497	-2068.5681	-2069.3077	-2080.4687	-0.73953408	-2065.3519	-2077.8457	-2066.5073
498	498	-1699.9677	-1700.5306	-1712.1444	-0.56293172	-1696.2601	-1708.7535	-1697.4153
499	499	-1750.5188	-1751.1967	-1762.1063	-0.67797375	-1746.8109	-1758.632	-1747.9661
