No.	ID	loglik_NUll	loglik_RES	loglik_all	log_ratio	loglik_Max1	loglik_Max2	loglik_Max3
0	0	-2274.3491	-2262.8655	-2274.3005	11.483621	-2270.873	-2270.3087	-2258.9691
1	1	-2976.3597	-2968.7041	-2977.4437	7.6556592	-2973.1779	-2975.1923	-2965.124
2	2	-1577.7517	-1562.4572	-1574.009	15.294489	-1573.991	-1569.7915	-1558.4501
3	3	-2479.5534	-2456.9705	-2468.0372	22.582851	-2476.1358	-2464.5905	-2453.2495
4	4	-2784.777	-2759.7851	-2768.9872	24.99193	-2781.4454	-2765.2204	-2756.2849
5	5	-2241.5788	-2220.0497	-2231.4825	21.529106	-2238.0904	-2227.5545	-2216.2161
6	6	-1442.7711	-1412.787	-1422.028	29.984076	-1438.9277	-1417.6185	-1408.5419
7	7	-1628.3744	-1606.978	-1618.4018	21.396335	-1624.6395	-1614.3076	-1602.9692
8	8	-4424.934	-4417.7544	-4428.2588	7.1795779	-4422.8514	-4426.3947	-4415.0552
9	9	-1962.6742	-1938.9309	-1947.681	23.743297	-1959.068	-1943.5653	-1934.9521
10	10	-1882.1699	-1849.8476	-1860.7692	32.322327	-1878.5043	-1857.236	-1845.8974
11	11	-2853.2458	-2844.3424	-2853.8137	8.9034113	-2850.4453	-2852.5724	-2841.2304
12	12	-2530.9653	-2517.541	-2528.0179	13.42434	-2528.005	-2526.3584	-2515.0222
13	13	-2286.8349	-2269.6148	-2279.9499	17.220149	-2283.3592	-2276.6744	-2265.8926
14	14	-1886.9687	-1844.6145	-1855.5034	42.354206	-1883.2928	-1852.0617	-1840.7199
15	15	-2016.6465	-2002.4247	-2014.2531	14.221812	-2013.3053	-2010.1217	-1998.7828
16	16	-1995.4427	-1969.8112	-1980.5044	25.631497	-1991.858	-1977.1472	-1965.9752
17	17	-1714.1944	-1694.0719	-1705.4322	20.122442	-1710.4861	-1701.2725	-1689.9379
18	18	-1516.3784	-1499.6402	-1510.0703	16.738233	-1512.562	-1505.9937	-1495.3372
19	19	-1207.9443	-1142.611	-1154.1397	65.333244	-1203.9555	-1149.6449	-1138.3062
20	20	-1484.8076	-1472.5276	-1483.3891	12.279971	-1480.9509	-1478.8722	-1468.4358
21	21	-2404.0484	-2355.5479	-2367.009	48.500566	-2400.5947	-2363.2664	-2351.928
22	22	-2143.455	-2124.6376	-2135.2346	18.817422	-2139.9112	-2132.2174	-2120.8793
23	23	-1930.3748	-1927.8682	-1939.5314	2.5066914	-1927.0851	-1935.5673	-1924.0052
24	24	-2267.789	-2244.244	-2255.6751	23.545016	-2264.2765	-2251.7704	-2240.4321
25	25	-2140.25	-2127.2398	-2138.873	13.010243	-2136.7225	-2134.8185	-2123.4784
26	26	-2123.7846	-2099.3594	-2108.0674	24.425211	-2120.213	-2104.4366	-2095.674
27	27	-1125.6449	-1052.6507	-1063.9407	72.994199	-1121.5983	-1059.6177	-1048.2787
28	28	-1663.4475	-1640.0422	-1651.5273	23.405365	-1659.7331	-1647.3964	-1636.0566
29	29	-1817.7921	-1809.8445	-1821.2789	7.9475748	-1814.1352	-1817.0013	-1805.663
30	30	-2446.0115	-2422.8221	-2432.7969	23.189398	-2442.5839	-2429.1149	-2419.0877
31	31	-1097.5944	-1085.3386	-1096.8596	12.255802	-1093.5558	-1092.2889	-1080.9501
32	32	-2328.8717	-2303.5764	-2315.086	25.295286	-2325.3616	-2311.2681	-2299.9289
33	33	-2007.0166	-1969.5683	-1980.9274	37.448333	-2003.4271	-1977.0271	-1965.6889
34	34	-1611.6606	-1554.5068	-1566.0444	57.153762	-1607.9045	-1561.8052	-1550.467
35	35	-1937.173	-1877.4904	-1888.4644	59.682566	-1933.5503	-1884.9938	-1873.6534
36	36	-1818.3983	-1801.5476	-1812.4675	16.850673	-1814.712	-1808.1852	-1797.4076
37	37	-1682.4606	-1648.825	-1660.6776	33.635574	-1678.7528	-1656.5009	-1645.1622
38	38	-1583.7777	-1561.6262	-1572.5128	22.151543	-1580.0228	-1568.6751	-1557.4566
39	39	-1597.6637	-1580.115	-1591.555	17.548716	-1593.9173	-1587.2601	-1575.9215
40	40	-1906.8006	-1862.3379	-1873.5307	44.462719	-1903.1657	-1869.9692	-1858.6278
41	41	-1889.9407	-1869.4821	-1879.8192	20.458604	-1886.2772	-1876.3086	-1865.5894
42	42	-1255.0231	-1237.6189	-1249.1148	17.404198	-1251.098	-1244.5303	-1233.1913
43	43	-1841.436	-1833.5075	-1844.7254	7.9285394	-1837.7657	-1841.1157	-1829.7773
44	44	-1519.356	-1490.587	-1501.8886	28.768971	-1515.5692	-1497.7172	-1486.3776
45	45	-2522.0635	-2503.1847	-2514.1272	18.878807	-2518.6302	-2510.9258	-2499.6273
46	46	-2339.5522	-2310.0978	-2321.5919	29.454362	-2336.089	-2317.693	-2306.351
47	47	-2393.1068	-2366.7609	-2378.2025	26.345859	-2389.882	-2374.7147	-2363.3713
48	48	-2428.4662	-2426.8687	-2438.763	1.5974222	-2425.0183	-2434.0519	-2422.5752
49	49	-1698.5552	-1668.2988	-1679.5603	30.256407	-1694.8524	-1675.688	-1664.3504
50	50	-1787.5034	-1748.1701	-1759.6347	39.333284	-1783.8145	-1755.5156	-1744.1765
51	51	-2744.9197	-2739.9039	-2751.4701	5.0157867	-2741.5721	-2747.6326	-2735.9152
52	52	-2058.9547	-2042.503	-2053.3349	16.451689	-2055.3865	-2049.1518	-2038.7089
53	53	-2958.097	-2940.2257	-2951.7003	17.871363	-2954.8297	-2948.5646	-2937.2273
54	54	-2277.86	-2248.9623	-2260.5149	28.897695	-2274.3777	-2256.5492	-2245.2114
55	55	-1622.0722	-1539.2886	-1550.81	82.783594	-1618.3106	-1546.7931	-1535.4544
56	56	-2328.9337	-2290.169	-2300.7393	38.764683	-2325.4439	-2297.8168	-2286.4783
57	57	-1876.6899	-1831.3499	-1842.7651	45.340033	-1873.0135	-1838.7523	-1827.4131
58	58	-1232.2816	-1202.5364	-1213.9978	29.745173	-1228.2997	-1209.7025	-1198.3636
59	59	-2094.5291	-2091.0203	-2102.8279	3.5088247	-2090.9773	-2099.4603	-2086.649
60	60	-2180.2068	-2165.4976	-2177.1422	14.709118	-2176.6674	-2172.9134	-2161.7355
61	61	-2192.0302	-2169.1942	-2180.8017	22.836032	-2188.5087	-2176.8522	-2165.5137
62	62	-2249.0457	-2197.4625	-2209.0744	51.583217	-2245.5459	-2205.2056	-2193.8656
63	63	-1790.915	-1778.3548	-1788.9202	12.56018	-1787.25	-1785.1713	-1774.2117
64	64	-1813.0919	-1774.6109	-1786.217	38.480938	-1809.451	-1782.0418	-1770.7021
65	65	-2784.957	-2738.8915	-2750.3193	46.065516	-2781.6034	-2746.7098	-2735.3706
66	66	-1885.6407	-1879.6318	-1886.7812	6.0088735	-1881.9879	-1884.0573	-1875.6046
67	67	-2427.8403	-2393.2451	-2404.7513	34.59517	-2424.3991	-2400.9145	-2389.5756
68	68	-2623.4621	-2609.3538	-2620.9435	14.108253	-2620.0368	-2617.0576	-2605.7181
69	69	-2366.7274	-2306.8542	-2318.0139	59.873196	-2363.2629	-2314.6627	-2303.3248
70	70	-1652.2229	-1630.898	-1642.3792	21.324872	-1648.8068	-1638.6629	-1627.3213
71	71	-1929.1979	-1924.4247	-1935.8448	4.773174	-1926.0429	-1932.7045	-1921.364
72	72	-1138.6728	-1124.6166	-1135.3386	14.056193	-1134.6427	-1131.2732	-1120.0218
73	73	-2917.2374	-2904.291	-2915.6492	12.946356	-2913.9431	-2912.0009	-2900.6621
74	74	-3494.5641	-3475.1004	-3485.3843	19.46367	-3491.4254	-3482.1151	-3472.1365
75	75	-2063.4449	-2043.8443	-2055.3703	19.600578	-2059.8845	-2051.5468	-2040.2109
76	76	-2836.0325	-2808.7175	-2817.5567	27.315064	-2832.7044	-2814.2244	-2805.1635
77	77	-2656.9057	-2645.1951	-2656.6137	11.710549	-2653.5445	-2652.7949	-2641.4568
78	78	-2030.3517	-1991.2786	-2002.7947	39.073094	-2026.7819	-1998.7898	-1987.4516
79	79	-2121.7793	-2106.5356	-2117.0455	15.24369	-2118.2179	-2113.2778	-2102.7248
80	80	-2695.6386	-2688.9875	-2699.2099	6.651098	-2692.2771	-2694.4712	-2685.1973
81	81	-3618.8091	-3610.6055	-3621.0042	8.2035655	-3615.9991	-3619.3325	-3607.9815
82	82	-1282.9411	-1216.7011	-1228.1247	66.23998	-1279.0104	-1223.818	-1212.4793
83	83	-2417.7321	-2412.4749	-2423.8807	5.2572134	-2414.2771	-2419.9073	-2407.896
84	84	-2528.33	-2504.1832	-2515.0269	24.146744	-2524.9277	-2511.8143	-2500.5069
85	85	-1940.021	-1878.0782	-1889.5004	61.942823	-1936.3815	-1885.56	-1874.2216
86	86	-1602.7368	-1534.9272	-1546.478	67.809568	-1598.9581	-1542.2465	-1530.9083
87	87	-1984.7197	-1919.3013	-1930.9377	65.418444	-1981.4712	-1927.0233	-1915.683
88	88	-1898.6075	-1894.1273	-1905.4367	4.4801544	-1894.987	-1901.0843	-1889.9451
89	89	-1751.6538	-1733.7796	-1745.2522	17.874259	-1747.963	-1740.9915	-1729.6527
90	90	-1791.3604	-1765.0395	-1776.4948	26.320908	-1787.6965	-1772.4711	-1761.1321
91	91	-2822.4949	-2812.0727	-2822.1366	10.42219	-2819.1335	-2819.8615	-2808.5232
92	92	-1612.1333	-1587.5056	-1598.6465	24.627743	-1608.3896	-1594.9162	-1583.5779
93	93	-2148.4681	-2143.3303	-2154.7761	5.1378295	-2144.9074	-2150.3724	-2138.8145
94	94	-1413.9062	-1394.1201	-1405.5849	19.786169	-1410.0247	-1401.109	-1389.7711
95	95	-3051.7756	-3036.6583	-3048.7167	15.117282	-3049.0469	-3045.1085	-3033.7696
96	96	-2185.3662	-2177.1507	-2188.5852	8.2154534	-2181.8605	-2184.5266	-2173.1875
97	97	-2487.7382	-2480.0958	-2491.57	7.6423701	-2484.7435	-2488.1239	-2476.7869
98	98	-1607.8112	-1588.2834	-1599.3647	19.527769	-1604.0718	-1595.4519	-1584.1129
99	99	-1971.1027	-1945.3191	-1956.7079	25.783582	-1967.5084	-1952.7153	-1941.3768
100	100	-1070.7917	-1037.1454	-1048.432	33.646271	-1066.7392	-1043.9779	-1032.6398
101	101	-2298.9224	-2275.4243	-2286.5841	23.498111	-2295.8242	-2283.5663	-2272.2272
102	102	-2067.0934	-2031.0871	-2042.6372	36.006289	-2063.5047	-2038.7692	-2027.4308
103	103	-1817.9763	-1774.1143	-1785.0323	43.861955	-1814.3218	-1781.5471	-1770.5315
104	104	-1155.9895	-1124.8783	-1136.2528	31.111231	-1151.9676	-1131.7401	-1120.4014
105	105	-1632.5438	-1610.7433	-1622.2919	21.800541	-1628.8013	-1617.931	-1606.5912
106	106	-1829.2862	-1823.1879	-1834.6852	6.0982461	-1825.6347	-1830.3748	-1819.0351
107	107	-2785.9887	-2764.7912	-2776.0918	21.197496	-2782.6811	-2772.6858	-2761.345
108	108	-2142.4391	-2112.3151	-2123.7168	30.124091	-2138.9263	-2120.1716	-2108.8332
109	109	-2279.6819	-2277.1588	-2289.0736	2.5230891	-2276.2037	-2285.1303	-2272.9631
110	110	-1245.3981	-1246.0967	-1257.4638	-0.6985153	-1241.4595	-1252.5811	-1242.6146
111	111	-2020.1146	-2009.4313	-2020.4581	10.683329	-2016.5283	-2016.8942	-2005.5529
112	112	-3092.7073	-3060.9182	-3072.6106	31.789131	-3089.4335	-3069.0116	-3057.6732
113	113	-3433.1901	-3424.144	-3435.9119	9.0460869	-3430.3058	-3432.3258	-3420.9864
114	114	-3057.5773	-3051.8647	-3063.9066	5.7125349	-3054.4517	-3060.0385	-3048.6983
115	115	-2906.8097	-2884.1361	-2895.5764	22.673563	-2903.5126	-2892.5085	-2881.1708
116	116	-3140.39	-3137.2677	-3147.2616	3.1222969	-3137.2595	-3145.3875	-3133.8669
117	117	-2817.2904	-2808.6081	-2819.979	8.68224	-2813.9619	-2816.1767	-2804.8364
118	118	-2178.2736	-2162.9973	-2172.7793	15.276285	-2174.726	-2170.7591	-2159.6077
119	119	-1580.6893	-1534.3472	-1545.7781	46.342141	-1576.9201	-1541.674	-1530.3362
120	120	-1352.8733	nan	-1344.0812	nan	-1348.98	-1339.434	-1328.5643
121	121	-2216.7051	-2196.3787	-2207.8478	20.326387	-2213.2162	-2203.8894	-2192.55
122	122	-1348.0702	-1339.2556	-1350.7234	8.8145555	-1344.2006	-1346.1816	-1334.8431
123	123	-1374.2805	-1341.9286	-1353.2223	32.35194	-1370.3989	-1348.9828	-1337.6443
124	124	-1479.8504	-1441.3511	-1452.675	38.499316	-1476.0073	-1448.5043	-1437.1657
125	125	-1825.1872	-1803.9818	-1815.5114	21.20535	-1821.535	-1811.2775	-1799.9391
126	126	-1375.9911	-1329.9299	-1341.2011	46.06124	-1372.1173	-1337.017	-1325.6773
127	127	-2740.6234	-2732.6156	-2743.2017	8.007821	-2737.2598	-2738.9598	-2728.8375
128	128	-1364.1378	-1338.0723	-1349.5552	26.065457	-1360.2806	-1345.1271	-1333.7891
129	129	-2020.7629	-1983.7885	-1994.6655	36.97442	-2017.1912	-1991.4628	-1980.1239
130	130	-2233.3639	-2230.12	-2239.3421	3.2438853	-2229.8743	-2237.5158	-2225.1559
131	131	-2037.8138	-2007.9286	-2014.6451	29.885135	-2034.4932	-2011.1738	-2004.4981
132	132	-1283.3427	-1217.36	-1228.3899	65.982725	-1279.4137	-1224.4868	-1213.1483
133	133	-1611.6839	-1544.8166	-1556.2736	66.867304	-1607.9264	-1552.1052	-1540.7667
134	134	-2048.9189	-2041.9036	-2051.4455	7.0153274	-2045.3077	-2049.503	-2038.6459
135	135	-943.78274	-887.64902	-899.11094	56.133711	-939.60565	-894.38158	-883.04483
136	136	-1925.148	-1919.0227	-1930.9681	6.1252923	-1921.5443	-1927.1441	-1915.8054
137	137	-1715.7599	-1682.9788	-1693.3095	32.781077	-1712.0255	-1690.0711	-1678.9353
138	138	-1777.4014	-1742.9032	-1753.8937	34.49813	-1773.7422	-1750.4767	-1739.1382
139	139	-1617.4475	-1582.0528	-1593.5393	35.394741	-1613.6886	-1589.4913	-1578.1527
140	140	-3052.3537	-3045.4658	-3055.9001	6.8879875	-3049.1014	-3052.5662	-3041.6805
141	141	-1358.2424	-1314.3959	-1325.7056	43.846417	-1354.3348	-1321.5176	-1310.178
142	142	-1736.79	-1723.2733	-1734.9647	13.516714	-1733.1139	-1730.6516	-1719.3128
143	143	-1834.3758	-1828.6039	-1841.4355	5.7718895	-1830.7356	-1836.2164	-1824.7472
144	144	-2770.6034	-2749.0272	-2760.5446	21.576288	-2767.279	-2756.8697	-2745.5317
145	145	-1451.0849	-1431.1859	-1442.5487	19.898988	-1447.2586	-1438.2246	-1426.8862
146	146	-2554.2497	-2541.8961	-2551.4102	12.353653	-2550.8389	-2549.4466	-2538.105
147	147	-3002.204	-2992.9999	-3004.7622	9.2041124	-2998.9338	-3000.9294	-2989.592
148	148	-1863.6307	-1859.4943	-1871.1143	4.1364106	-1859.9698	-1866.8097	-1853.9413
149	149	-881.98584	-776.53265	-788.03611	105.45319	-877.73692	-783.18627	-771.84794
150	150	-1930.2747	-1908.1932	-1919.1197	22.081514	-1926.6261	-1915.5301	-1904.1883
151	151	-1557.4008	-1524.6642	-1536.1357	32.736633	-1553.6048	-1531.857	-1520.5197
152	152	-2230.8416	-2231.5416	-2242.9086	-0.70007126	-2227.3463	-2237.8775	-2228.5014
153	153	-2514.1743	-2468.1344	-2479.6008	46.039869	-2510.7326	-2475.8503	-2464.512
154	154	-1192.2239	-1096.087	-1105.0929	96.136932	-1188.2683	-1101.1184	-1091.7508
155	155	-3352.9663	-3327.4738	-3337.8804	25.49256	-3350.322	-3335.4207	-3324.7231
156	156	-1056.7724	-1012.4429	-1023.6758	44.329508	-1052.7013	-1019.2856	-1007.9469
157	157	-2517.5272	-2504.4014	-2515.5442	13.12572	-2514.1258	-2511.975	-2500.6373
158	158	-2363.1272	-2352.5393	-2363.9692	10.587859	-2359.6673	-2359.9782	-2348.6396
159	159	-2261.5227	-2253.6156	-2265.0751	7.9070931	-2258.035	-2261.0106	-2249.6721
160	160	-2453.4122	-2437.7956	-2449.5386	15.616617	-2450.402	-2445.6076	-2434.2632
161	161	-1868.5186	-1867.8726	-1878.9204	0.6460179	-1864.8779	-1874.0899	-1863.3705
162	162	-1414.794	-1385.9954	-1397.3145	28.798564	-1410.932	-1393.0659	-1381.7273
163	163	-2540.6767	-2519.99	-2530.3795	20.686696	-2537.4203	-2526.9683	-2516.4753
164	164	-2359.388	-2350.1932	-2359.7293	9.1947692	-2356.1076	-2357.6048	-2346.6621
165	165	-2584.4927	-2568.1767	-2579.7295	16.316005	-2581.102	-2575.9005	-2564.5601
166	166	-1177.443	-1167.0041	-1177.9641	10.438971	-1173.4319	-1173.0121	-1162.6576
167	167	-1688.3171	-1657.9628	-1669.4136	30.354389	-1684.8332	-1665.6986	-1654.3581
168	168	-1272.8639	-1238.917	-1250.0896	33.946911	-1268.9324	-1245.9016	-1234.5639
169	169	-2404.7329	-2349.1041	-2360.5807	55.628772	-2401.7781	-2357.0878	-2345.7494
170	170	-2150.1925	-2131.3141	-2142.8716	18.878448	-2146.6797	-2138.7669	-2127.4278
171	171	-1535.0357	-1504.1965	-1514.8108	30.839202	-1531.2349	-1510.895	-1499.9916
172	172	-1986.7236	-1944.5661	-1956.1715	42.157457	-1983.0991	-1952.0249	-1940.6866
173	173	-2066.6967	-2044.9438	-2054.6981	21.75284	-2063.0827	-2052.9513	-2041.6041
174	174	-2486.4979	-2481.3449	-2491.1816	5.1529923	-2483.0921	-2488.9063	-2477.7792
175	175	-1461.3246	-1446.8877	-1458.075	14.436916	-1457.5135	-1453.8958	-1442.5574
176	176	-1788.4187	-1743.8171	-1755.4343	44.601605	-1784.9102	-1751.6917	-1740.3564
177	177	-1468.0399	-1427.3227	-1438.5326	40.717198	-1464.1999	-1434.4777	-1423.1385
178	178	-1560.1228	-1557.3588	-1568.424	2.7640804	-1556.3413	-1563.4709	-1551.858
179	179	-2767.5819	-2760.1617	-2771.6902	7.4202597	-2764.368	-2767.8753	-2756.5346
180	180	-1546.5517	-1527.7916	-1539.4594	18.760115	-1542.7461	-1535.1505	-1523.8109
181	181	-2349.8436	-2340.6497	-2349.7446	9.193937	-2346.3835	-2346.2787	-2336.75
182	182	-1769.0031	-1765.3549	-1777.5073	3.6482673	-1765.3198	-1773.2293	-1760.5976
183	183	-1248.0474	-1230.066	-1241.3648	17.981313	-1244.1061	-1237.2745	-1225.9353
184	184	-2208.7441	-2205.2647	-2215.3801	3.4793431	-2205.7402	-2212.4866	-2201.1849
185	185	-3227.5807	-3225.1454	-3236.0109	2.4353128	-3224.5469	-3233.2626	-3221.5127
186	186	-2982.6698	-2980.3929	-2990.7313	2.2768451	-2979.3796	-2988.3	-2976.2897
187	187	-2984.2124	-2958.871	-2970.4044	25.341372	-2980.9348	-2966.7051	-2955.3664
188	188	-3293.0057	-3287.2923	-3298.1393	5.7133899	-3289.8277	-3295.4036	-3284.0622
189	189	-1639.5506	-1597.001	-1608.4701	42.549531	-1635.8088	-1604.5288	-1593.1905
190	190	-995.99566	-975.66853	-986.54457	20.327134	-991.86052	-982.32365	-970.98883
191	191	-2540.0954	-2536.7635	-2546.7807	3.3319492	-2536.6902	-2543.8222	-2532.9148
192	192	-1828.3092	-1795.2033	-1806.6048	33.105864	-1824.6385	-1802.5248	-1791.1863
193	193	-3536.0261	-3490.3892	-3501.8354	45.636908	-3532.8626	-3498.7434	-3487.4052
194	194	-1782.5819	-1771.0358	-1782.4064	11.546044	-1778.907	-1778.9528	-1767.6168
195	195	-1250.6396	-1148.4911	-1159.9179	102.14859	-1246.4702	-1155.8967	-1144.5575
196	196	-2094.3972	-2060.6803	-2071.9729	33.716837	-2090.8507	-2068.5056	-2057.1678
197	197	-2102.0987	-2052.2943	-2063.8041	49.804476	-2098.5296	-2059.8305	-2048.4923
198	198	-1868.6869	-1869.5325	-1880.9194	-0.84559939	-1865.194	-1876.4657	-1865.0677
199	199	-1248.2607	-1238.449	-1249.9486	9.8116688	-1244.3363	-1245.2947	-1233.955
200	200	-1916.8697	-1890.281	-1901.7621	26.588664	-1913.215	-1897.6656	-1886.3272
201	201	-1232.61	-1214.0819	-1225.8962	18.528167	-1228.6406	-1221.2553	-1209.9165
202	202	-2961.7321	-2926.7734	-2938.2741	34.958687	-2958.4544	-2935.1777	-2923.838
203	203	-1609.07	-1598.744	-1609.0676	10.326021	-1605.3179	-1605.0539	-1594.5874
204	204	-2689.1076	-2662.8047	-2672.3054	26.302882	-2685.7395	-2668.7794	-2659.1841
205	205	-1680.5265	-1638.3536	-1649.9352	42.172849	-1676.7944	-1645.6689	-1634.3313
206	206	-1756.3053	-1745.4761	-1756.8682	10.829223	-1752.6194	-1752.6366	-1741.2981
207	207	-2109.3991	-2087.8628	-2098.9313	21.536299	-2105.8232	-2095.3004	-2083.962
208	208	-3573.1824	-3548.5553	-3560.0137	24.627088	-3570.1611	-3556.7166	-3545.3753
209	209	-1607.3589	-1575.9097	-1587.5758	31.44916	-1603.6306	-1583.3717	-1572.0328
210	210	-2492.3211	-2465.1392	-2476.7517	27.181948	-2488.886	-2472.8552	-2461.517
211	211	-3100.5652	-3094.0366	-3105.6195	6.5285822	-3097.463	-3101.8956	-3090.5556
212	212	-2937.011	-2925.6815	-2935.8395	11.329553	-2933.7248	-2931.9214	-2922.4768
213	213	-1809.1471	-1748.6342	-1759.3953	60.512931	-1805.4897	-1755.8893	-1744.8092
214	214	-2863.6356	-2863.1607	-2874.323	0.47481974	-2860.3265	-2870.2126	-2859.6008
215	215	-2065.9891	-2047.5461	-2056.2922	18.442949	-2062.4347	-2055.1493	-2044.1223
216	216	-2443.4878	-2421.8122	-2429.4342	21.675598	-2440.0396	-2425.4603	-2417.9885
217	217	-2099.9476	-2059.5975	-2071.1459	40.350098	-2096.5569	-2067.4689	-2056.131
218	218	-1948.1809	-1935.2434	-1946.6533	12.937532	-1944.5801	-1942.5274	-1931.1877
219	219	-1836.0103	-1749.169	-1760.6678	86.841243	-1832.349	-1756.6874	-1745.3492
220	220	-2426.7046	-2409.093	-2418.7702	17.611572	-2423.2256	-2414.9343	-2405.2941
221	221	-1400.2419	-1368.7801	-1379.5817	31.46175	-1396.3675	-1375.8209	-1364.4809
222	222	-2764.9598	-2754.2516	-2764.9137	10.708116	-2761.6296	-2761.3543	-2750.5334
223	223	-3065.9602	-3054.7788	-3065.304	11.181439	-3063.3403	-3062.1704	-3051.6903
224	224	-2095.1672	-2083.6633	-2092.1678	11.503906	-2091.857	-2090.7643	-2080.4462
225	225	-1934.9546	-1863.8203	-1874.8126	71.13433	-1931.3467	-1871.3688	-1860.03
226	226	-2042.0596	-2001.0913	-2012.4965	40.968328	-2038.489	-2008.5964	-1997.2576
227	227	-1662.2295	-1631.0533	-1642.5471	31.176203	-1658.4909	-1638.2916	-1626.9526
228	228	-2271.0758	-2261.1824	-2270.3872	9.8934811	-2267.5629	-2268.0826	-2257.2355
229	229	-1205.0129	-1135.4265	-1146.9995	69.586421	-1201.0263	-1142.4698	-1131.1301
230	230	-1945.9285	-1930.8415	-1942.5318	15.087005	-1942.4878	-1938.4005	-1927.0594
231	231	-2741.9199	-2722.1525	-2733.2071	19.767323	-2738.5703	-2729.8528	-2718.515
232	232	-2601.6383	-2561.3349	-2572.3333	40.3034	-2598.2514	-2569.0895	-2557.751
233	233	-2887.0642	-2867.1378	-2878.3196	19.926327	-2883.7158	-2874.8629	-2863.5239
234	234	-1438.4853	-1402.4675	-1413.6856	36.017847	-1434.6599	-1409.6304	-1398.2911
235	235	-1201.3967	-1185.1478	-1196.4191	16.248986	-1197.4014	-1192.3304	-1180.9917
236	236	-2441.0972	-2440.1818	-2452.0649	0.91547447	-2437.6361	-2447.8241	-2436.3733
237	237	-2841.695	-2837.0617	-2847.729	4.6333621	-2838.3802	-2845.7314	-2834.3671
238	238	-1096.557	-1069.3695	-1079.4408	27.187545	-1092.5044	-1074.9466	-1064.8605
239	239	-1918.5397	-1877.0544	-1888.0973	41.485237	-1914.8727	-1884.6024	-1873.2649
240	240	-1357.2377	-1321.1154	-1332.4007	36.12227	-1353.3339	-1328.1517	-1316.8136
241	241	-2105.7674	-2102.5185	-2112.8246	3.2488644	-2102.2157	-2108.2599	-2097.887
242	242	-1141.7016	-1107.4008	-1118.6291	34.300783	-1137.6532	-1114.2245	-1102.8863
243	243	-1158.8037	-1121.7934	-1133.2845	37.010363	-1154.805	-1128.7548	-1117.4158
244	244	-1971.0579	-1940.5876	-1951.405	30.470311	-1967.443	-1947.992	-1936.6535
245	245	-2371.8648	-2313.3615	-2323.5189	58.503333	-2368.3913	-2320.1999	-2310.221
246	246	-2176.7828	-2160.3145	-2171.3939	16.468295	-2173.2781	-2167.9047	-2156.5659
247	247	-2183.3025	-2144.7194	-2156.3846	38.583093	-2179.7855	-2152.4356	-2141.0978
248	248	-1628.6926	-1594.1565	-1605.3995	34.536166	-1624.962	-1601.5489	-1590.211
249	249	-1598.8214	-1569.4385	-1580.7746	29.382819	-1595.0751	-1576.6578	-1565.3173
250	250	-1489.7641	-1479.8772	-1491.412	9.886878	-1485.9799	-1487.6041	-1476.2641
251	251	-1764.8685	-1746.6495	-1758.2371	18.219029	-1761.1681	-1754.0847	-1742.7455
252	252	-2204.7575	-2180.4	-2191.3117	24.35752	-2201.2601	-2187.9223	-2176.5833
253	253	-1475.2533	-1471.8104	-1483.2158	3.4429432	-1471.7861	-1478.4463	-1466.9632
254	254	-1424.9624	-1399.376	-1410.8195	25.586343	-1421.108	-1406.4131	-1395.0752
255	255	-2602.6232	-2577.6367	-2589.1603	24.986484	-2599.2357	-2585.943	-2574.6025
256	256	-2102.6495	-2100.105	-2111.3634	2.544519	-2099.1027	-2107.266	-2094.9333
257	257	-2563.7958	-2524.83	-2535.8028	38.965777	-2560.3947	-2532.5736	-2521.2335
258	258	-2315.4596	-2311.0216	-2322.7175	4.4380001	-2312.0013	-2318.7339	-2307.0277
259	259	-1701.9418	-1678.7608	-1690.6357	23.180979	-1698.2457	-1686.3815	-1675.043
260	260	-2238.2878	-2216.7499	-2227.9967	21.537932	-2234.7979	-2224.3959	-2213.0568
261	261	-2777.2677	-2777.9792	-2787.568	-0.71151156	-2773.9155	-2785.982	-2775.0705
262	262	-2311.1465	-2306.4609	-2318.055	4.6856553	-2307.6522	-2314.3411	-2302.9315
263	263	-2028.3362	-2016.0819	-2027.2206	12.254279	-2024.7367	-2023.437	-2012.097
264	264	-1964.3128	-1942.2829	-1953.0721	22.029909	-1960.6988	-1949.5246	-1938.4441
265	265	-2051.4524	-2027.3157	-2038.7415	24.136738	-2047.8874	-2034.7635	-2023.4239
266	266	-3421.3135	-3413.7896	-3422.0656	7.5238776	-3418.1382	-3421.1678	-3410.2713
267	267	-1443.9419	-1432.9748	-1444.7465	10.967042	-1440.1249	-1440.0857	-1428.7459
268	268	-2100.8212	-2091.3037	-2102.9629	9.5175556	-2097.4751	-2098.9021	-2087.5587
269	269	-2370.2431	-2347.7934	-2359.4264	22.449762	-2366.8086	-2355.5164	-2344.1784
270	270	-1974.0123	-1904.304	-1915.7954	69.708275	-1970.4056	-1911.8522	-1900.514
271	271	-1785.7253	-1727.6754	-1739.099	58.049888	-1781.9888	-1735.49	-1724.153
272	272	-2374.2237	-2352.3107	-2363.2725	21.913007	-2370.7582	-2359.9562	-2348.6171
273	273	-2334.9853	-2322.1558	-2333.5402	12.829442	-2331.4926	-2329.585	-2318.24
274	274	-1946.32	-1905.7703	-1917.2437	40.549741	-1942.7072	-1913.1834	-1901.8447
275	275	-1220.9968	-1205.0748	-1216.2051	15.921952	-1217.0248	-1211.9204	-1200.5823
276	276	-1581.4703	-1554.1213	-1565.6745	27.348939	-1577.7169	-1561.3132	-1549.9745
277	277	-2444.9185	-2417.6683	-2428.8766	27.25021	-2441.4888	-2425.4064	-2414.0639
278	278	-2006.1502	-1966.5266	-1978.0289	39.623637	-2002.531	-1973.9706	-1962.6318
279	279	-3123.9683	-3108.5453	-3119.2448	15.422937	-3120.7207	-3116.0676	-3104.9908
280	280	-2107.9368	-2054.3287	-2065.7588	53.608099	-2104.3221	-2061.869	-2050.531
281	281	-1794.9377	-1739.2789	-1750.7849	55.658838	-1791.2634	-1746.6485	-1735.3099
282	282	-1733.5076	-1715.8326	-1726.2309	17.675031	-1729.7875	-1722.278	-1711.6876
283	283	-2328.2898	-2277.5099	-2289.139	50.779829	-2324.6853	-2285.3552	-2274.0163
284	284	-1874.2241	-1824.2598	-1835.7237	49.964235	-1870.5882	-1831.7262	-1820.3885
285	285	-2679.4097	-2642.2985	-2653.7932	37.111167	-2675.9931	-2650.0668	-2638.7287
286	286	-2199.9413	-2128.7407	-2140.178	71.200682	-2196.6812	-2136.3987	-2125.0609
287	287	-2792.7473	-2786.4214	-2797.8218	6.3258737	-2789.4175	-2794.5164	-2783.1707
288	288	-1872.2388	-1830.1686	-1841.7092	42.070202	-1868.579	-1837.59	-1826.2507
289	289	-1812.9703	-1794.0558	-1805.5612	18.91455	-1809.3083	-1801.3239	-1789.9856
290	290	-1654.6411	-1620.2538	-1631.3215	34.38729	-1650.8884	-1627.5366	-1616.1959
291	291	-1442.6406	-1397.8106	-1409.3103	44.829996	-1438.8003	-1404.9782	-1393.6392
292	292	-1877.7687	-1868.3172	-1879.7056	9.451464	-1874.1206	-1875.4859	-1864.1466
293	293	-2550.4109	-2544.2581	-2555.4409	6.1527856	-2547.0145	-2551.7837	-2540.4441
294	294	-2344.1778	-2325.6925	-2336.6866	18.485304	-2340.7105	-2333.376	-2322.0352
295	295	-2964.179	-2963.308	-2974.9223	0.87102784	-2960.9062	-2971.2355	-2959.6291
296	296	-2512.9953	-2473.5352	-2482.8954	39.460043	-2509.5715	-2479.7966	-2469.9108
297	297	-1202.6307	-1164.8575	-1176.4022	37.773237	-1198.6491	-1172.4706	-1161.1325
298	298	-2535.8569	-2527.6735	-2539.0895	8.1834012	-2532.4722	-2535.5863	-2524.247
299	299	-1931.6201	-1924.369	-1935.9566	7.2510973	-1928.017	-1931.7905	-1920.4524
300	300	-1682.3126	-1656.2406	-1667.8981	26.071973	-1678.5839	-1663.6353	-1652.2973
301	301	-2993.1221	-2966.9092	-2978.0417	26.212909	-2989.8488	-2974.7483	-2963.41
302	302	-2287.286	-2240.7142	-2252.2194	46.571835	-2283.9924	-2248.7577	-2237.42
303	303	-2477.0808	-2458.5496	-2469.7167	18.531207	-2473.6579	-2466.2512	-2454.9125
304	304	-2375.6025	-2366.6749	-2376.2274	8.9275671	-2372.1552	-2374.1378	-2362.7926
305	305	-3090.5322	-3082.3118	-3093.9146	8.2203628	-3087.4172	-3090.1864	-3078.8478
306	306	-1257.2627	-1241.9459	-1253.0925	15.316787	-1253.3171	-1248.8107	-1237.4745
307	307	-1400.0022	-1370.9886	-1382.4551	29.013599	-1396.1525	-1378.3139	-1366.9757
308	308	-2745.328	-2735.4379	-2746.9604	9.8901702	-2741.9815	-2743.1498	-2731.8109
309	309	-2448.0231	-2421.0386	-2432.238	26.984449	-2444.7956	-2428.9838	-2417.6453
310	310	-3687.1186	-3681.3145	-3693.1263	5.8041279	-3684.0284	-3689.4726	-3678.13
311	311	-2218.2199	-2193.2338	-2203.8561	24.98605	-2215.3921	-2200.5299	-2189.8397
312	312	-2419.8354	-2409.2627	-2420.5663	10.572727	-2416.3542	-2416.8431	-2405.5021
313	313	-2502.9077	-2487.9321	-2499.3367	14.975581	-2499.4838	-2495.4802	-2484.1353
314	314	-3292.054	-3276.2377	-3287.0884	15.816279	-3289.0217	-3283.4474	-3272.934
315	315	-1794.733	-1770.7011	-1781.9369	24.031897	-1791.0463	-1777.9432	-1766.6048
316	316	-2518.1218	-2495.5718	-2506.5736	22.549942	-2514.8945	-2502.6425	-2492.2314
317	317	-2138.2613	-2135.3095	-2146.8889	2.9518324	-2134.7404	-2142.7851	-2130.9196
318	318	-1672.4698	-1630.5742	-1641.5144	41.895571	-1668.7568	-1637.8064	-1626.7865
319	319	-1651.339	-1632.3387	-1643.8895	19.000303	-1647.6386	-1639.8861	-1628.5481
320	320	-1837.4119	-1798.8846	-1810.396	38.527281	-1833.8962	-1806.5835	-1795.2445
321	321	-3267.9902	-3249.8483	-3261.4294	18.141942	-3264.9036	-3257.8758	-3246.5286
322	322	-1240.8446	-1205.6835	-1217.093	35.161095	-1236.8899	-1212.6422	-1201.3021
323	323	-1921.6301	-1892.842	-1904.27	28.788192	-1918.0283	-1900.4408	-1889.1022
324	324	-1371.292	-1350.3134	-1361.6353	20.978572	-1367.4203	-1357.3076	-1345.9693
325	325	-1430.2456	-1396.3534	-1404.4408	33.892192	-1426.3999	-1400.376	-1392.42
326	326	-3380.9172	-3372.4971	-3383.0557	8.4200277	-3377.9773	-3379.3671	-3369.5012
327	327	-1407.6344	-1396.3687	-1407.9766	11.265632	-1403.7862	-1404.1969	-1392.8566
328	328	-2291.5985	-2286.5493	-2296.2867	5.0491455	-2288.1308	-2294.5893	-2283.2436
329	329	-2348.2446	-2340.5599	-2352.1856	7.6846327	-2344.7835	-2348.1237	-2336.7848
330	330	-1167.503	-1123.7588	-1134.9687	43.744205	-1163.4887	-1130.6993	-1119.3608
331	331	-1244.9225	-1166.7225	-1178.2026	78.200021	-1240.9633	-1173.7498	-1162.4116
332	332	-2382.8793	-2356.1476	-2367.4191	26.731721	-2379.4064	-2363.8293	-2352.4909
333	333	-2800.4566	-2797.3274	-2808.6765	3.129209	-2797.1376	-2804.6793	-2793.3559
334	334	-2465.3741	-2441.1578	-2452.321	24.216275	-2461.9445	-2448.7901	-2437.4512
335	335	-2132.2067	-2089.2549	-2100.7127	42.951847	-2128.6537	-2096.9992	-2085.6614
336	336	-1440.8595	-1415.9773	-1427.4633	24.882261	-1437.0419	-1423.0856	-1411.7472
337	337	-2193.6662	-2183.3446	-2194.9104	10.32157	-2190.1675	-2190.8697	-2179.531
338	338	-2007.2492	-2000.2377	-2010.0483	7.011504	-2003.6775	-2005.8148	-1996.3899
339	339	-2886.453	-2864.5193	-2876.0012	21.933714	-2883.147	-2872.2959	-2860.9572
340	340	-1301.3306	-1278.4969	-1289.9114	22.833718	-1297.4178	-1285.8157	-1274.4774
341	341	-3537.3087	-3527.6634	-3539.0203	9.6453558	-3534.1651	-3535.5437	-3524.2022
342	342	-3091.762	-3084.0899	-3095.4099	7.6721142	-3088.5105	-3092.3118	-3080.9743
343	343	-2799.5717	-2793.2484	-2799.7113	6.3233061	-2796.2312	-2796.7211	-2789.2584
344	344	-2357.5933	-2341.3721	-2352.8861	16.221119	-2354.1302	-2348.8594	-2337.5204
345	345	-2472.5462	-2451.3385	-2462.7305	21.20766	-2469.1272	-2458.9618	-2447.622
346	346	-2343.5656	-2324.9497	-2336.3368	18.615858	-2340.1005	-2332.4556	-2321.117
347	347	-3239.1441	-3226.9393	-3238.3405	12.204757	-3235.9301	-3235.1759	-3223.8372
348	348	-2651.8594	-2626.7038	-2636.054	25.155588	-2648.4926	-2634.5322	-2623.1941
349	349	-2313.5708	-2288.286	-2297.0973	25.284832	-2310.0805	-2293.4272	-2284.4759
350	350	-1903.0449	-1873.7265	-1885.3182	29.318439	-1899.4302	-1881.2406	-1869.9021
351	351	-2816.0576	-2779.596	-2790.846	36.461669	-2812.7307	-2787.4286	-2776.0907
352	352	-1600.0406	-1571.9028	-1583.336	28.137767	-1596.277	-1579.1035	-1567.7635
353	353	-1134.8596	-1096.1708	-1107.4676	38.688757	-1130.833	-1103.0647	-1091.7274
354	354	-2495.9633	-2493.1027	-2504.664	2.8606292	-2492.7073	-2500.6661	-2489.4551
355	355	-2458.2957	-2441.1066	-2452.6066	17.189108	-2454.8761	-2448.6838	-2437.3448
356	356	-2537.1158	-2524.5098	-2535.9622	12.606003	-2533.7116	-2532.0513	-2520.7138
357	357	-2529.6556	-2523.4851	-2534.2191	6.1705402	-2526.2266	-2531.3767	-2519.6399
358	358	-1687.457	-1666.3544	-1677.6115	21.102589	-1684.077	-1673.3255	-1662.827
359	359	-1697.5044	-1655.9893	-1667.5946	41.515023	-1693.7921	-1663.3278	-1651.9889
360	360	-2962.2811	-2953.013	-2963.0682	9.2680428	-2959.2521	-2961.1412	-2949.803
361	361	-2179.9388	-2155.0763	-2166.4974	24.862533	-2176.9542	-2162.8547	-2151.5169
362	362	-3764.2068	-3761.1302	-3776.7692	3.0765569	-3761.2455	-3769.1087	-3757.6747
363	363	-1490.3128	-1478.4404	-1489.9117	11.872366	-1486.7486	-1485.8445	-1474.504
364	364	-2090.6551	-2080.675	-2091.2763	9.9800609	-2087.1078	-2087.797	-2076.6853
365	365	-1735.3293	-1724.4055	-1735.3701	10.923761	-1731.7772	-1731.4502	-1720.4193
366	366	-1170.6164	-1139.9314	-1151.206	30.685	-1166.6186	-1146.8298	-1135.4906
367	367	-1990.9009	-1933.0803	-1944.5037	57.820603	-1987.3006	-1940.5954	-1929.2583
368	368	-2674.5566	-2639.7392	-2649.9275	34.817386	-2671.162	-2646.5542	-2636.1272
369	369	-2457.701	-2433.5882	-2445.2346	24.112791	-2454.2709	-2441.3303	-2429.9875
370	370	-1925.1855	-1896.5142	-1906.6137	28.671241	-1921.5809	-1902.7736	-1892.5805
371	371	-2246.4141	-2215.1774	-2224.7076	31.236711	-2242.9182	-2221.4006	-2211.9823
372	372	-1960.0171	-1932.0282	-1943.561	27.988895	-1956.4454	-1939.4783	-1928.1403
373	373	-3130.9907	-3111.8052	-3123.294	19.185497	-3127.9759	-3119.9183	-3108.5802
374	374	-1452.778	-1408.296	-1419.7829	44.481933	-1448.9331	-1415.4472	-1404.108
375	375	-1028.2188	-1019.5473	-1031.0124	8.6714241	-1024.1033	-1026.7882	-1015.4466
376	376	-2443.1239	-2392.4145	-2403.9842	50.709354	-2439.6755	-2400.3157	-2388.9729
377	377	-2166.3913	-2127.106	-2138.0867	39.285269	-2162.8662	-2134.6774	-2123.3393
378	378	-2617.2466	-2606.9283	-2618.2157	10.318342	-2613.8549	-2614.566	-2603.2279
379	379	-2145.0054	-2117.3487	-2128.8018	27.656669	-2141.7838	-2125.3691	-2114.029
380	380	-2347.4146	-2334.8277	-2346.2075	12.586925	-2343.9452	-2342.2719	-2330.9344
381	381	-1903.8566	-1886.0337	-1897.5435	17.822852	-1900.1997	-1893.5035	-1882.1654
382	382	-3636.4898	-3616.9969	-3628.364	19.492936	-3633.3729	-3625.0092	-3613.6696
383	383	-1392.1523	-1366.6199	-1378.1306	25.53247	-1388.2948	-1373.6405	-1362.3021
384	384	-1509.8667	-1478.24	-1489.6648	31.626682	-1506.064	-1485.3843	-1474.0455
385	385	-1561.8131	-1495.8087	-1507.3462	66.004326	-1558.017	-1503.2778	-1491.9395
386	386	-1194.391	-1158.5879	-1170.1554	35.803039	-1190.4085	-1165.5806	-1154.2433
387	387	-1615.3183	-1607.2374	-1619.0092	8.0808674	-1611.59	-1614.5197	-1603.1812
388	388	-2246.5614	-2230.6816	-2241.743	15.879807	-2243.0802	-2238.1657	-2226.8274
389	389	-1605.3763	-1570.3068	-1581.0232	35.069494	-1601.6309	-1577.198	-1566.4568
390	390	-1672.7179	-1633.9573	-1645.1525	38.76057	-1669.1792	-1641.6	-1630.3361
391	391	-1536.7676	-1508.2741	-1519.3469	28.493484	-1533.1081	-1515.6852	-1504.3463
392	392	-2929.6284	-2898.6863	-2909.8423	30.942097	-2926.331	-2906.5281	-2895.1912
393	393	-2697.3616	-2658.9793	-2670.4512	38.38225	-2694.0105	-2666.7539	-2655.4156
394	394	-1527.8866	-1493.7787	-1505.1712	34.107944	-1524.1125	-1501.0063	-1489.6665
395	395	-2110.6957	-2086.7373	-2096.6629	23.958399	-2107.1474	-2092.8784	-2082.8379
396	396	-2392.1508	-2350.1855	-2361.7243	41.965276	-2388.7047	-2357.8917	-2346.5521
397	397	-1549.58	-1518.4557	-1529.9225	31.124371	-1545.7904	-1525.6377	-1514.2983
398	398	-1464.2629	-1452.1274	-1462.5325	12.135476	-1460.4309	-1458.3878	-1447.7701
399	399	-1796.6013	-1753.0881	-1764.659	43.51318	-1792.939	-1760.4825	-1749.1436
400	400	-2159.5137	-2132.0215	-2143.5949	27.492185	-2155.977	-2139.6412	-2128.3025
401	401	-1387.2804	-1363.8642	-1374.4875	23.41621	-1383.4149	-1370.4063	-1359.5496
402	402	-2378.1732	-2347.527	-2359.1515	30.646269	-2375.1035	-2355.4814	-2344.1435
403	403	-2469.4787	-2435.5642	-2446.9803	33.91443	-2466.033	-2443.2273	-2431.8893
404	404	-2054.8349	-2003.943	-2015.4964	50.891828	-2051.5755	-2011.8816	-2000.5427
405	405	-2221.7961	-2194.8454	-2206.2806	26.950763	-2218.2666	-2202.4966	-2191.1582
406	406	-1511.9317	-1479.3148	-1489.9258	32.616844	-1508.1097	-1486.0855	-1475.4063
407	407	-2112.0473	-2068.8316	-2080.3804	43.215647	-2108.4829	-2076.3785	-2065.0397
408	408	-1645.5243	-1621.4173	-1632.8671	24.106987	-1641.7986	-1628.6185	-1617.2792
409	409	-1837.3766	-1816.5269	-1827.0339	20.849778	-1833.6859	-1823.3647	-1812.4548
410	410	-1811.047	-1791.823	-1802.7955	19.223908	-1807.3579	-1799.0515	-1787.7137
411	411	-4427.0319	-4404.876	-4416.55	22.155901	-4424.1926	-4413.2626	-4401.9232
412	412	-2013.8421	-1986.099	-1997.5509	27.743142	-2010.2331	-1993.5167	-1982.1767
413	413	-1808.441	-1791.3844	-1802.9754	17.056533	-1804.7691	-1798.8449	-1787.5062
414	414	-2250.3086	-2208.5274	-2219.1394	41.781175	-2246.8143	-2216.1059	-2204.815
415	415	-2680.0246	-2664.9618	-2675.0542	15.062776	-2676.664	-2671.7597	-2661.2663
416	416	-2548.6235	-2532.2694	-2543.6392	16.354094	-2545.2194	-2539.8503	-2528.5076
417	417	-1716.1049	-1695.5091	-1706.5514	20.595808	-1712.3889	-1702.7182	-1691.3804
418	418	-2207.3621	-2180.4868	-2190.4611	26.875323	-2204.1811	-2186.9691	-2177.2191
419	419	-2879.8455	-2866.3625	-2877.3345	13.483011	-2876.5388	-2874.0341	-2862.6915
420	420	-2775.3549	-2767.8574	-2779.3522	7.4975819	-2772.0235	-2775.5704	-2764.2334
421	421	-2357.9946	-2339.0772	-2349.4609	18.917403	-2354.4768	-2345.7704	-2335.3873
422	422	-3000.4514	-2968.7869	-2980.2987	31.664472	-2997.1767	-2976.8365	-2965.4985
423	423	-1756.6933	-1721.5926	-1732.2129	35.100729	-1752.9907	-1728.6029	-1717.5434
424	424	-1410.9694	-1377.1302	-1388.2019	33.839216	-1407.1246	-1384.2351	-1372.8967
425	425	-2526.5895	-2496.0609	-2507.6036	30.528621	-2523.1872	-2503.7499	-2492.4112
426	426	-1546.2472	-1512.2418	-1523.4302	34.005379	-1542.4267	-1519.6564	-1508.3185
427	427	-1902.3929	-1872.8009	-1884.2445	29.59199	-1898.7457	-1880.1485	-1868.8108
428	428	-1475.6838	-1458.8833	-1470.4324	16.800432	-1471.8189	-1465.8736	-1454.5328
429	429	-1368.4515	-1336.6458	-1348.0567	31.805763	-1364.5935	-1343.7244	-1332.3873
430	430	-1971.3836	-1971.1214	-1982.6113	0.26217203	-1967.7937	-1979.7084	-1968.3677
431	431	-2231.2634	-2209.1622	-2220.3908	22.1012	-2227.7321	-2216.6616	-2205.3227
432	432	-1923.6518	-1868.833	-1880.3847	54.818849	-1920.0222	-1876.3348	-1864.997
433	433	-2612.4921	-2608.6589	-2620.3574	3.8331606	-2609.2794	-2615.7085	-2605.1032
434	434	-2147.3707	-2120.0882	-2131.4633	27.282483	-2143.8152	-2127.7033	-2116.3649
435	435	-2173.9061	-2137.8902	-2149.3948	36.015872	-2170.3835	-2145.4549	-2134.1164
436	436	-1764.7228	-1747.3375	-1758.8758	17.385266	-1761.039	-1754.5506	-1743.2122
437	437	-1318.5561	-1290.4178	-1301.6666	28.138272	-1314.6374	-1297.7502	-1286.4119
438	438	-2937.4911	-2908.3137	-2919.6976	29.177417	-2934.3995	-2916.4349	-2905.0973
439	439	-2955.4525	-2935.9471	-2945.4112	19.505401	-2952.408	-2944.0048	-2932.6633
440	440	-1745.5299	-1705.3667	-1716.9318	40.163154	-1741.7793	-1712.6965	-1701.3572
441	441	-3210.8389	-3192.6958	-3204.1706	18.143124	-3207.6257	-3200.5688	-3189.23
442	442	-3533.6252	-3530.8575	-3544.2661	2.7677538	-3530.7492	-3538.8108	-3527.4456
443	443	-2536.2894	-2509.8655	-2521.3525	26.423865	-2532.8326	-2517.4843	-2506.1457
444	444	-2425.3498	-2405.5301	-2417.3804	19.819729	-2422.1857	-2413.4877	-2402.1489
445	445	-2991.4464	-2975.8186	-2986.971	15.627849	-2988.1235	-2983.3181	-2972.3057
446	446	-1642.3831	-1586.3786	-1597.8542	56.004525	-1638.6156	-1593.7178	-1582.3801
447	447	-2310.7681	-2295.7483	-2306.8652	15.019881	-2307.5008	-2303.5162	-2292.1798
448	448	-1506.8329	-1490.6675	-1501.1364	16.165322	-1503.0487	-1497.1048	-1486.5609
449	449	-3673.9628	-3668.5277	-3680.5048	5.4350657	-3670.8492	-3675.7683	-3665.0562
450	450	-2479.4981	-2465.6095	-2477.2193	13.888667	-2476.0415	-2473.2542	-2461.9148
451	451	-2244.9556	-2216.2381	-2226.4054	28.717453	-2241.4644	-2222.5759	-2212.621
452	452	-2716.0672	-2716.9044	-2728.2554	-0.83718446	-2712.853	-2725.3487	-2714.0081
453	453	-1893.8127	-1862.0356	-1873.3207	31.777125	-1890.3322	-1869.7213	-1858.3852
454	454	-2100.6311	-2093.8247	-2105.2653	6.8064486	-2097.093	-2101.7312	-2090.3919
455	455	-3218.2529	-3207.879	-3218.7615	10.373916	-3215.0378	-3215.6678	-3204.3278
456	456	-2663.3807	-2649.8529	-2661.2316	13.527836	-2660.0077	-2657.4559	-2646.116
457	457	-2439.4843	-2425.5224	-2435.3565	13.961952	-2436.3427	-2433.4584	-2422.1189
458	458	-2148.3096	-2122.4215	-2133.722	25.888087	-2144.7886	-2130.0463	-2118.7053
459	459	-2436.5805	-2432.359	-2438.3238	4.2214882	-2433.1261	-2436.0823	-2428.3689
460	460	-3034.2976	-2999.4555	-3010.7905	34.842164	-3031.1616	-3007.5613	-2996.2224
461	461	-1941.0436	-1886.166	-1897.6008	54.877674	-1937.4175	-1893.6369	-1882.2984
462	462	-2221.7678	-2212.7466	-2224.4239	9.0211606	-2218.2359	-2220.7618	-2209.4244
463	463	-1655.8516	-1611.3993	-1622.6647	44.452205	-1652.3562	-1619.276	-1607.9378
464	464	-2699.4544	-2658.5158	-2669.9567	40.938654	-2696.2301	-2667.0059	-2655.6677
465	465	-2736.4597	-2711.7428	-2723.3873	24.716858	-2733.1001	-2719.5759	-2708.2377
466	466	-2170.3266	-2131.3807	-2143.0168	38.945922	-2166.7939	-2139.065	-2127.7266
467	467	-1884.3991	-1876.8687	-1887.9513	7.5303513	-1880.7604	-1884.078	-1872.7399
468	468	-2108.2419	-2082.2675	-2092.5481	25.974475	-2104.6779	-2088.9319	-2078.3688
469	469	-1870.9143	-1803.9108	-1815.4076	67.003505	-1867.2735	-1811.3765	-1800.0391
470	470	-2592.2209	-2587.8156	-2599.2236	4.4052859	-2588.8545	-2595.4894	-2583.3662
471	471	-2597.486	-2549.902	-2560.8559	47.584029	-2594.0915	-2557.6404	-2546.418
472	472	-1468.0022	-1453.5448	-1464.9941	14.457377	-1464.1761	-1460.5457	-1449.2075
473	473	-2611.2226	-2591.5065	-2602.6687	19.716062	-2607.8448	-2599.1569	-2587.8183
474	474	-2197.476	-2154.2255	-2164.5082	43.250416	-2193.9315	-2160.824	-2150.4114
475	475	-1325.8147	-1292.8758	-1304.0917	32.938962	-1321.9231	-1300.2461	-1288.9081
476	476	-2817.9711	-2800.1482	-2811.5269	17.822897	-2814.6267	-2807.8113	-2796.4757
477	477	-1634.7296	-1602.7539	-1614.2332	31.975698	-1630.9952	-1610.2001	-1598.8619
478	478	-1153.2155	-1095.6106	-1106.8595	57.604966	-1149.1979	-1102.5707	-1091.2329
479	479	-1520.8041	-1501.7994	-1512.7545	19.004751	-1517.0189	-1508.9191	-1497.5795
480	480	-1566.4263	-1521.5133	-1533.0896	44.912978	-1562.6316	-1528.982	-1517.6438
481	481	-2205.5788	-2176.652	-2187.9518	28.926778	-2202.0738	-2184.1986	-2172.8602
482	482	-2455.1614	-2430.5065	-2442.0225	24.654928	-2451.7396	-2438.798	-2427.4584
483	483	-2401.7734	-2390.9576	-2401.9132	10.815713	-2398.3019	-2398.4897	-2387.4351
484	484	-2323.8418	-2319.3909	-2330.7189	4.4508423	-2320.34	-2326.3102	-2314.699
485	485	-3299.5368	-3285.0537	-3296.7244	14.483107	-3296.5073	-3293.0816	-3281.7443
486	486	-2051.1415	-2035.3997	-2046.8741	15.741829	-2047.5923	-2042.7929	-2031.4546
487	487	-3798.3373	-3799.0487	-3816.4608	-0.71142036	-3795.5387	-3808.0457	-3796.6947
488	488	-2150.9138	-2109.3181	-2120.7319	41.59572	-2147.6956	-2117.5008	-2106.1625
489	489	-1460.3092	-1428.2505	-1438.6487	32.058664	-1456.5081	-1434.5084	-1424.0739
490	490	-2084.4293	-2057.9397	-2066.3898	26.489628	-2080.8888	-2062.9054	-2054.0857
491	491	-1481.1906	-1451.7522	-1462.7208	29.438435	-1477.3676	-1458.8599	-1447.5215
492	492	-2577.8326	-2570.9463	-2580.9563	6.886353	-2574.5973	-2578.3089	-2567.4702
493	493	-2929.5131	-2898.9564	-2910.1397	30.556648	-2926.2136	-2906.7842	-2895.4436
494	494	-2788.5037	-2782.4428	-2793.4353	6.0609024	-2785.1631	-2789.9511	-2778.5491
495	495	-2341.7581	-2330.3876	-2341.9498	11.370464	-2338.2749	-2337.9702	-2326.6318
496	496	-1691.6995	-1670.6868	-1682.0817	21.012626	-1687.9943	-1678.1154	-1666.7746
497	497	-2215.5112	-2207.1746	-2218.6197	8.3365711	-2212.0172	-2214.5606	-2203.2219
498	498	-1862.6042	-1829.5624	-1840.9931	33.041807	-1858.9471	-1836.9143	-1825.5765
499	499	-1951.4957	-1910.678	-1922.2084	40.817675	-1947.8945	-1918.4203	-1907.0814
