No.	ID	loglik_NUll	loglik_RES	loglik_all	log_ratio	loglik_Max1	loglik_Max2	loglik_Max3
0	0	-2423.7467	-2416.2617	-2399.3721	7.4849949	-2420.2805	-2395.215	-2412.7584
1	1	-2903.3966	-2871.5006	-2868.3415	31.895948	-2900.0833	-2864.8463	-2868.0014
2	2	-1755.8931	-1747.0384	-1754.6342	8.8547208	-1752.1895	-1749.8634	-1742.8158
3	3	-2460.8921	-2441.3489	-2423.3976	19.543198	-2457.6579	-2419.4274	-2437.7565
4	4	-2802.3798	-2782.3129	-2780.2577	20.066897	-2799.0576	-2776.3516	-2778.8494
5	5	-2385.6767	-2365.1914	-2360.2433	20.485343	-2382.1974	-2356.0449	-2361.499
6	6	-1533.3479	-1526.1001	-1513.9574	7.2477775	-1529.5558	-1509.2952	-1522.0525
7	7	-1702.2759	-1679.685	-1669.0002	22.590904	-1698.8542	-1665.0347	-1676.1107
8	8	-4412.3135	-4406.1978	-4416.465	6.1157727	-4409.5554	-4412.5702	-4403.1868
9	9	-2041.0446	-2012.4511	-1994.4778	28.593455	-2037.444	-1990.4253	-2008.5534
10	10	-2063.8999	-2023.4199	-2000.2727	40.480024	-2060.6222	-1996.201	-2019.5788
11	11	-3003.3736	-2990.7007	-2975.1342	12.672881	-3000.0942	-2971.1811	-2987.1057
12	12	-2426.6281	-2426.9996	-2430.7931	-0.37149348	-2423.1922	-2428.424	-2424.3476
13	13	-2399.0757	-2398.8835	-2402.1232	0.19228051	-2395.6189	-2397.7345	-2395.1187
14	14	-1782.1613	-1778.6398	-1772.279	3.5215083	-1778.4896	-1767.765	-1775.0691
15	15	-2125.1566	-2115.3358	-2110.5263	9.820804	-2121.6193	-2106.1599	-2111.3582
16	16	-2212.1923	-2191.1239	-2175.4801	21.068395	-2208.6706	-2172.3178	-2187.251
17	17	-1734.2451	-1704.1565	-1691.661	30.088611	-1730.5523	-1687.2309	-1700.1192
18	18	-1737.953	-1701.0451	-1682.7554	36.907818	-1734.2554	-1678.8564	-1697.3345
19	19	-1379.7134	-1344.7473	-1313.3759	34.96615	-1375.613	-1308.8193	-1340.5511
20	20	-1434.2905	-1385.3901	-1369.8826	48.900412	-1430.4309	-1365.4379	-1381.208
21	21	-2461.2767	-2428.4569	-2404.2479	32.819839	-2457.8518	-2400.7516	-2424.9468
22	22	-2225.5294	-2221.231	-2217.4793	4.29839	-2222.0214	-2213.3606	-2218.2587
23	23	-1986.0688	-1971.5164	-1974.2087	14.552493	-1982.4421	-1970.1488	-1967.4839
24	24	-2535.0885	-2520.2881	-2516.674	14.800371	-2532.1124	-2513.1486	-2517.0832
25	25	-2000.0735	-1981.2159	-1985.1242	18.857506	-1996.4824	-1980.7844	-1977.2275
26	26	-2151.4788	-2121.3454	-2123.526	30.133406	-2148.3394	-2121.1639	-2118.1923
27	27	-1208.0798	-1172.0747	-1131.6401	36.005181	-1204.4644	-1127.1979	-1167.686
28	28	-1615.7621	-1591.0799	-1579.6356	24.682182	-1612.0242	-1575.2315	-1586.9435
29	29	-1881.8275	-1855.7208	-1858.9279	26.10669	-1878.1765	-1854.4541	-1851.696
30	30	-2731.1378	-2728.702	-2727.8286	2.4357776	-2727.7954	-2726.0241	-2724.4807
31	31	-1304.5401	-1272.7381	-1257.8532	31.802052	-1300.6043	-1253.4258	-1268.6411
32	32	-2231.3907	-2211.7612	-2179.6353	19.629453	-2227.7534	-2176.3724	-2208.0703
33	33	-1991.3888	-1967.2535	-1939.0332	24.135263	-1987.7928	-1934.8619	-1963.2984
34	34	-1636.2787	-1608.9719	-1586.6289	27.306784	-1632.5352	-1582.6432	-1604.8631
35	35	-1786.0711	-1751.3101	-1752.6603	34.761023	-1782.3799	-1748.177	-1747.3393
36	36	-1731.3194	-1717.4284	-1702.0946	13.891025	-1727.6076	-1697.4507	-1713.2111
37	37	-1660.2945	-1646.0675	-1635.6005	14.227062	-1656.5393	-1630.9769	-1641.8649
38	38	-1634.3027	-1594.5647	-1582.7209	39.737983	-1630.57	-1578.6905	-1590.5159
39	39	-1781.4117	-1772.916	-1764.3521	8.4957204	-1777.7245	-1761.6745	-1768.7021
40	40	-2008.1748	-1982.7588	-1969.9877	25.416064	-2004.6015	-1965.6858	-1978.8736
41	41	-1774.8289	-1769.7289	-1787.7713	5.1000408	-1771.1848	-1770.3186	-1765.1603
42	42	-1220.2219	-1190.2772	-1200.5879	29.944604	-1216.2529	-1195.4455	-1185.8763
43	43	-1800.1142	-1796.2558	-1790.0237	3.8583363	-1796.4622	-1785.2824	-1791.7711
44	44	-1673.5843	-1658.9493	-1630.8659	14.635073	-1670.0794	-1626.4655	-1654.8387
45	45	-2448.1591	-2426.4932	-2423.961	21.665959	-2444.7418	-2419.8555	-2422.784
46	46	-2364.7528	-2343.5518	-2340.2806	21.201003	-2361.2479	-2336.0721	-2339.7545
47	47	-2312.7941	-2294.2021	-2295.968	18.592001	-2309.3395	-2291.7242	-2290.5435
48	48	-2562.1793	-2557.6271	-2562.5545	4.5521974	-2558.7912	-2559.8396	-2553.6924
49	49	-1710.4938	-1685.4784	-1638.0806	25.015342	-1706.8814	-1633.8202	-1681.591
50	50	-1800.2656	-1782.9654	-1735.9084	17.300167	-1796.8501	-1732.0094	-1779.0394
51	51	-2848.6809	-2831.4464	-2820.4282	17.23457	-2845.3699	-2816.4429	-2828.2338
52	52	-2140.1494	-2117.9718	-2103.319	22.177601	-2137.0653	-2098.9962	-2114.7766
53	53	-2690.5541	-2679.8969	-2681.9226	10.657131	-2687.211	-2677.7367	-2676.8983
54	54	-2222.9737	-2200.2408	-2186.7434	22.732846	-2219.8745	-2183.0616	-2197.0478
55	55	-1803.075	-1768.3464	-1715.4255	34.72866	-1799.441	-1711.6919	-1764.436
56	56	-2147.7282	-2133.3252	-2129.3352	14.402911	-2144.3706	-2125.5494	-2130.286
57	57	-2000.5316	-1968.805	-1943.2607	31.726599	-1996.9704	-1939.1299	-1964.8998
58	58	-1291.2071	-1257.1336	-1216.8507	34.073532	-1287.6205	-1212.314	-1252.8323
59	59	-2167.6758	-2152.1116	-2144.7857	15.564254	-2164.1356	-2140.4219	-2148.3547
60	60	-2095.321	-2087.4391	-2080.2351	7.881851	-2091.7782	-2077.8269	-2083.5928
61	61	-2203.5634	-2184.9523	-2185.4753	18.611179	-2200.0079	-2181.4001	-2181.0354
62	62	-2330.4527	-2294.191	-2273.1223	36.261653	-2327.3984	-2268.9145	-2290.4592
63	63	-1867.4673	-1839.4037	-1836.2591	28.063652	-1863.8284	-1831.7802	-1835.4285
64	64	-1673.1086	-1661.0429	-1653.1386	12.065636	-1669.41	-1648.5788	-1657.0904
65	65	-2716.6315	-2682.4667	-2681.0515	34.164845	-2713.2778	-2676.9162	-2678.9192
66	66	-2064.3355	-2038.9067	-2014.4233	25.428787	-2060.7556	-2010.1331	-2035.2014
67	67	-2623.0728	-2594.9673	-2561.1319	28.105522	-2619.5426	-2557.6237	-2591.3111
68	68	-2700.257	-2685.0512	-2684.6118	15.205769	-2696.892	-2680.4304	-2681.34
69	69	-2510.0319	-2480.4127	-2464.1461	29.619161	-2506.6854	-2459.9925	-2476.7303
70	70	-1906.597	-1886.104	-1875.8534	20.492956	-1902.938	-1871.8958	-1882.0696
71	71	-2054.4497	-2043.4801	-2049.2061	10.969675	-2050.8919	-2045.8569	-2040.0285
72	72	-1448.5572	-1416.6738	-1385.001	31.883385	-1444.555	-1380.8491	-1412.4873
73	73	-2595.6169	-2576.5708	-2557.9054	19.046146	-2592.1996	-2554.465	-2573.4434
74	74	-3637.146	-3631.013	-3639.1407	6.1329462	-3634.1599	-3636.4762	-3627.6839
75	75	-2067.6674	-2057.6677	-2059.5368	9.999711	-2064.0622	-2055.0893	-2053.622
76	76	-2733.3123	-2713.0941	-2710.6261	20.218235	-2729.9546	-2706.6374	-2709.5784
77	77	-2715.7348	-2713.7632	-2708.8337	1.9715988	-2712.3858	-2704.6891	-2709.734
78	78	-2229.1079	-2219.8781	-2192.6095	9.2297438	-2225.59	-2188.9167	-2216.428
79	79	-1997.1729	-1946.5793	-1937.8061	50.593605	-1993.573	-1934.0232	-1942.9244
80	80	-3068.8704	-3061.4333	-3060.1241	7.4370384	-3065.614	-3057.9775	-3057.9268
81	81	-3586.9613	-3576.6811	-3586.8248	10.280226	-3584.3376	-3585.206	-3573.8381
82	82	-1307.2423	-1273.4772	-1241.4358	33.765136	-1303.1262	-1236.7706	-1269.1803
83	83	-2539.6776	-2536.1139	-2538.2306	3.5637013	-2536.4437	-2536.6556	-2532.919
84	84	-2624.0338	-2624.023	-2624.8503	0.01081489	-2620.627	-2622.2205	-2621.1032
85	85	-2047.1618	-2016.1303	-1980.0566	31.031492	-2043.4453	-1976.1656	-2012.3185
86	86	-1731.3676	-1708.2202	-1644.9673	23.147434	-1727.3964	-1640.6877	-1704.3565
87	87	-2201.592	-2177.1227	-2152.0649	24.469292	-2198.5852	-2147.928	-2173.5049
88	88	-2020.8369	-2006.47	-2001.4381	14.366892	-2017.2689	-1997.56	-2002.4845
89	89	-2006.2243	-1985.7237	-1941.3343	20.500627	-2002.6968	-1937.6216	-1982.0369
90	90	-2056.2283	-2016.5843	-1990.4939	39.644011	-2053.4379	-1986.4852	-2012.9119
91	91	-2751.9991	-2730.3955	-2737.78	21.603528	-2749.1602	-2733.7377	-2727.1204
92	92	-1885.5364	-1862.3075	-1838.7244	23.22888	-1881.8921	-1834.7549	-1858.2891
93	93	-2276.3114	-2269.9291	-2267.6416	6.3823474	-2272.8193	-2265.3452	-2265.9592
94	94	-1431.1382	-1410.7449	-1396.6643	20.393252	-1427.2721	-1391.9989	-1406.6691
95	95	-3100.4413	-3098.4354	-3104.8728	2.0058369	-3097.6537	-3101.656	-3095.2474
96	96	-2124.7664	-2107.0418	-2093.2639	17.724649	-2121.1837	-2089.2082	-2103.0782
97	97	-2393.4103	-2386.2041	-2381.5422	7.2062068	-2390.0707	-2377.7322	-2382.5331
98	98	-1592.716	-1572.1885	-1550.0973	20.527571	-1588.9501	-1545.5611	-1567.9951
99	99	-2059.7425	-2039.1302	-2035.3585	20.612309	-2056.1904	-2031.2985	-2035.2291
100	100	-1053.761	-996.12723	-992.12237	57.633785	-1049.6614	-987.58327	-991.63102
101	101	-2322.112	-2309.0314	-2308.6499	13.080529	-2318.6516	-2303.8877	-2305.1576
102	102	-1997.4503	-1973.5903	-1962.3493	23.860088	-1994.3762	-1958.1609	-1970.1793
103	103	-1938.5128	-1906.9768	-1864.5201	31.535957	-1934.7064	-1860.317	-1903.2925
104	104	-1346.7168	-1313.8313	-1282.4884	32.885539	-1342.8163	-1277.7149	-1309.5116
105	105	-1554.0848	-1523.61	-1487.6928	30.474788	-1550.1723	-1483.4385	-1519.5015
106	106	-2030.1109	-2002.7521	-1993.2732	27.358807	-2026.5189	-1988.919	-1999.1067
107	107	-2884.7894	-2869.118	-2854.2223	15.671408	-2881.471	-2850.5682	-2865.5954
108	108	-2353.947	-2307.753	-2288.2529	46.193973	-2350.4196	-2284.0427	-2304.0227
109	109	-2418.7103	-2417.7215	-2410.1778	0.98877528	-2415.274	-2406.224	-2413.556
110	110	-1415.9931	-1405.4691	-1398.7407	10.524015	-1412.1457	-1394.1361	-1401.0826
111	111	-1958.89	-1953.6153	-1954.664	5.2747339	-1955.2939	-1951.9381	-1948.7553
112	112	-2778.1675	-2748.7026	-2739.5818	29.46483	-2774.9312	-2736.1839	-2745.695
113	113	-3563.5995	-3555.1011	-3549.7354	8.4984438	-3560.4572	-3545.7541	-3551.6192
114	114	-2955.2573	-2952.417	-2960.044	2.8402751	-2952.4593	-2956.4109	-2949.1232
115	115	-2894.3229	-2888.6325	-2871.8844	5.6903239	-2891.0541	-2867.8811	-2885.1318
116	116	-3319.6518	-3314.4327	-3315.7625	5.2191259	-3316.554	-3313.3536	-3310.7819
117	117	-2553.4278	-2543.974	-2544.5947	9.4538294	-2550.0291	-2540.4668	-2540.17
118	118	-2196.484	-2183.3387	-2168.1544	13.145339	-2192.9636	-2166.2144	-2179.396
119	119	-1677.6332	-1646.0794	-1637.3305	31.553827	-1673.9096	-1633.0604	-1642.0094
120	120	-1362.2838	-1345.192	-1315.0047	17.091827	-1358.4102	-1311.0926	-1341.1547
121	121	-2448.4104	-2416.5272	-2420.0073	31.883134	-2444.9619	-2415.8117	-2412.8309
122	122	-1521.2326	-1518.5058	-1517.5773	2.7267746	-1517.4114	-1513.3294	-1514.0845
123	123	-1274.0384	-1266.0455	-1259.6293	7.9928432	-1270.0684	-1255.2825	-1261.9046
124	124	-1485.0654	-1456.1619	-1444.2906	28.903525	-1481.2499	-1439.9542	-1452.1347
125	125	-1929.5058	-1904.5837	-1903.6666	24.922059	-1925.8662	-1899.2766	-1900.8364
126	126	-1405.1975	-1368.0993	-1335.5616	37.098241	-1401.1532	-1331.2528	-1364.1497
127	127	-2940.1692	-2925.9309	-2932.7385	14.23836	-2936.8538	-2929.1091	-2922.2594
128	128	-1568.7851	-1545.5939	-1540.7958	23.191149	-1565.0021	-1536.1119	-1541.3912
129	129	-2217.2649	-2210.8244	-2203.3786	6.440544	-2213.7529	-2199.0717	-2207.4069
130	130	-2311.2107	-2305.0703	-2290.7926	6.1404491	-2307.733	-2286.5369	-2301.1346
131	131	-2319.3565	-2294.572	-2255.1352	24.784424	-2316.064	-2251.4021	-2290.9101
132	132	-1504.1782	-1488.2997	-1436.6713	15.878468	-1500.5646	-1432.4495	-1484.3493
133	133	-1627.9501	-1606.9641	-1570.5269	20.985959	-1624.2684	-1566.4175	-1603.055
134	134	-1984.608	-1972.3216	-1972.0981	12.286381	-1981.0155	-1968.055	-1968.8313
135	135	-1079.5553	-1044.2736	-991.96144	35.281686	-1075.2378	-987.30452	-1039.792
136	136	-1979.6762	-1969.8406	-1978.0463	9.8356125	-1976.0382	-1976.0007	-1966.3199
137	137	-1958.4016	-1936.7998	-1918.2249	21.60186	-1954.7639	-1913.8481	-1932.8235
138	138	-1839.6508	-1830.5558	-1788.37	9.0950354	-1836.1812	-1784.1278	-1826.6018
139	139	-1623.5429	-1601.6112	-1594.6755	21.931649	-1619.7924	-1590.507	-1597.657
140	140	-2806.9409	-2799.2909	-2807.9697	7.6500297	-2803.7761	-2803.8278	-2796.1756
141	141	-1500.2064	-1486.2197	-1432.1576	13.986686	-1496.5575	-1427.6853	-1482.1086
142	142	-1793.7854	-1790.7593	-1782.7543	3.0260807	-1790.1011	-1778.1753	-1785.2026
143	143	-1967.8051	-1954.7864	-1960.6979	13.018693	-1964.1813	-1956.607	-1950.7
144	144	-2874.1096	-2846.555	-2836.7036	27.554634	-2870.7892	-2832.6484	-2843.0092
145	145	-1843.0209	-1818.3486	-1802.6302	24.672311	-1839.3684	-1798.1219	-1814.3428
146	146	-2559.8298	-2539.8602	-2548.4614	19.969604	-2556.4191	-2546.3508	-2536.1253
147	147	-2992.5294	-2986.0916	-2993.6733	6.4377243	-2989.6657	-2990.5249	-2982.8698
148	148	-2039.6928	-2027.4448	-2026.5767	12.248037	-2036.0969	-2022.7786	-2023.4022
149	149	-934.81455	-884.14835	-847.23868	50.666203	-930.30557	-842.01833	-879.51267
150	150	-2053.5486	-2030.2561	-2026.3422	23.292465	-2049.9802	-2022.0657	-2026.5407
151	151	-1724.2997	-1703.6984	-1673.0241	20.60133	-1720.5918	-1668.5039	-1699.6003
152	152	-2092.2693	-2092.5881	-2111.9778	-0.3187562	-2088.7168	-2094.0395	-2088.2044
153	153	-2584.4196	-2564.7723	-2554.3525	19.647388	-2581.0033	-2550.6095	-2561.1778
154	154	-1284.2972	-1263.4273	-1208.9581	20.86996	-1280.1043	-1204.2529	-1259.2616
155	155	-3359.3515	-3341.4605	-3330.9626	17.891007	-3356.1514	-3327.1873	-3338.0187
156	156	-1075.2159	-1037.0927	-1017.146	38.12314	-1071.1339	-1012.1743	-1032.5747
157	157	-2537.1673	-2525.6772	-2516.8029	11.490107	-2533.7642	-2512.6869	-2521.8881
158	158	-2555.7062	-2552.2942	-2559.62	3.4120326	-2552.4049	-2555.8043	-2548.2219
159	159	-2394.5121	-2369.7574	-2358.4843	24.754762	-2391.0472	-2354.4091	-2366.0059
160	160	-2408.2189	-2398.9397	-2389.2445	9.2792452	-2404.9073	-2385.0465	-2395.3777
161	161	-2070.5044	nan	-2064.5244	nan	-2066.9413	-2060.0512	-2056.5954
162	162	-1684.1364	-1660.2892	-1639.8595	23.847257	-1680.406	-1635.6144	-1656.3516
163	163	-2710.2026	-2681.0475	-2666.9415	29.155101	-2706.8364	-2663.1864	-2677.4685
164	164	-2596.6538	-2585.8165	-2588.0575	10.837361	-2593.4052	-2583.8897	-2582.2085
165	165	-2524.9232	-2521.5773	-2517.6148	3.3459169	-2521.5342	-2515.0706	-2517.3862
166	166	-1221.7722	-1205.9712	-1204.0142	15.801001	-1217.8088	-1199.3295	-1201.4571
167	167	-1630.6407	-1603.3293	-1609.0928	27.311336	-1626.905	-1604.5038	-1599.2241
168	168	-1394.294	-1393.185	-1392.2627	1.1089596	-1390.4179	-1387.5261	-1387.9835
169	169	-2505.59	-2492.0638	-2450.5098	13.526122	-2501.9796	-2446.754	-2488.3961
170	170	-2019.3029	-2006.1229	-1979.4378	13.180066	-2015.7141	-1975.4044	-2002.3203
171	171	-1489.589	-1455.9624	-1441.9533	33.62662	-1485.7734	-1437.7393	-1451.7732
172	172	-2094.052	-2048.2143	-2028.1975	45.837639	-2090.5052	-2024.1021	-2044.4701
173	173	-2101.524	-2096.7422	-2083.9204	4.7817694	-2097.9747	-2079.7549	-2091.9912
174	174	-2581.2214	-2578.3213	-2577.593	2.9000371	-2577.8185	-2573.3548	-2573.9577
175	175	-1668.4369	-1634.2125	-1628.1869	34.224484	-1664.9737	-1624.1171	-1630.7294
176	176	-1871.6749	-1865.8518	-1858.5026	5.823071	-1868.0337	-1853.9705	-1861.8208
177	177	-1573.1028	-1541.9732	-1522.1007	31.129636	-1569.3053	-1517.848	-1537.797
178	178	-1661.0345	-1659.3033	-1661.9588	1.7311225	-1657.3047	-1657.1764	-1654.6
179	179	-2720.4877	-2713.9951	-2721.3292	6.4925818	-2717.8253	-2718.9617	-2710.7962
180	180	-1607.8323	-1593.0906	-1564.0621	14.741773	-1604.0718	-1559.7058	-1588.8428
181	181	-2575.7412	-2573.9776	-2579.9769	1.763607	-2572.3493	-2576.2403	-2570.1482
182	182	-1838.8347	-1822.3099	-1824.5447	16.524849	-1835.1589	-1820.0076	-1818.2248
183	183	-1307.2611	-1291.4921	-1274.0392	15.76895	-1303.3488	-1269.5381	-1287.1088
184	184	-2326.7945	-2322.1484	-2312.6955	4.6461186	-2323.3261	-2309.0386	-2317.9327
185	185	-3124.6554	-3115.3934	-3122.7166	9.2619465	-3121.7572	-3120.2775	-3112.4059
186	186	-2825.7339	-2825.0494	-2828.3532	0.68447895	-2822.3934	-2824.3848	-2821.4637
187	187	-3153.9035	-3134.1981	-3130.8267	19.705381	-3150.8174	-3127.3119	-3130.9124
188	188	-3340.653	-3329.1612	-3336.9146	11.491808	-3337.5735	-3332.702	-3326.0933
189	189	-1915.4078	-1870.7557	-1865.435	44.652111	-1911.7702	-1861.4529	-1866.9784
190	190	-1030.7763	-1005.5755	-1001.3339	25.200872	-1026.7084	-996.13787	-1001.0168
191	191	-2557.7486	-2551.0889	-2545.9976	6.6596785	-2554.334	-2541.8436	-2546.7371
192	192	-2127.9409	-2096.9512	-2094.1545	30.989758	-2124.5171	-2090.1548	-2093.3417
193	193	-3551.7799	-3512.1265	-3501.1886	39.653393	-3548.7435	-3497.9267	-3509.0193
194	194	-1806.4054	-1772.5265	-1760.704	33.878875	-1802.7234	-1756.2751	-1768.7396
195	195	-1485.5743	-1463.6827	-1393.6638	21.891593	-1481.5368	-1389.3678	-1459.7814
196	196	-2108.189	-2086.5509	-2083.2651	21.638127	-2104.6509	-2078.9193	-2082.8239
197	197	-2118.9506	-2094.3013	-2075.5318	24.649343	-2115.5403	-2071.6019	-2090.7763
198	198	-1862.5048	-1859.9008	-1861.8586	2.6039734	-1858.876	-1857.2869	-1855.8319
199	199	-1356.2147	-1326.9182	-1332.3044	29.296467	-1352.3507	-1327.9776	-1322.64
200	200	-2194.1708	-2175.3513	-2149.2143	18.819454	-2190.6491	-2144.9154	-2171.6504
201	201	-1381.0025	-1373.9324	-1367.4108	7.0700928	-1377.1514	-1362.6903	-1369.5624
202	202	-3174.4663	-3136.5078	-3141.9519	37.958502	-3171.3622	-3140.3146	-3133.2991
203	203	-1583.6546	-1576.8528	-1570.5439	6.8017855	-1579.881	-1565.8193	-1571.8202
204	204	-2698.458	-2690.7932	-2687.8266	7.6648074	-2695.1007	-2683.9135	-2687.4927
205	205	-1805.623	-1771.5237	-1733.2261	34.099257	-1801.7559	-1728.8257	-1767.6753
206	206	-1908.3633	-1903.1317	-1905.5161	5.2316696	-1904.7421	-1901.0129	-1898.4536
207	207	-2140.2316	-2112.8642	-2087.711	27.367419	-2136.6813	-2084.0117	-2109.1781
208	208	-3523.8361	-3498.8226	-3471.8459	25.013537	-3520.5808	-3468.7097	-3495.868
209	209	-1666.3871	-1627.9329	-1620.5156	38.454204	-1662.6556	-1616.3964	-1624.1819
210	210	-2353.1513	-2326.1984	-2303.5606	26.952941	-2349.679	-2299.7327	-2322.4164
211	211	-3130.319	-3128.2541	-3127.2497	2.0648852	-3127.2419	-3124.937	-3124.3929
212	212	-3126.2019	-3115.4613	-3115.5397	10.740594	-3122.9583	-3112.2061	-3111.8881
213	213	-1954.7458	-1918.8201	-1883.8038	35.925702	-1951.1448	-1879.4893	-1914.9294
214	214	-2729.1004	-2719.2892	-2718.5393	9.8112112	-2726.0023	-2717.0017	-2715.8785
215	215	-2131.432	-2128.1893	-2128.145	3.2426668	-2127.8882	-2125.3262	-2123.6908
216	216	-2465.3763	-2445.6156	-2430.167	19.760666	-2461.9606	-2426.019	-2441.9942
217	217	-2058.2359	-2029.6619	-2015.0659	28.573962	-2054.637	-2010.7714	-2025.7635
218	218	-2104.0147	-2084.5581	-2069.8815	19.456537	-2100.9565	-2066.2375	-2081.2907
219	219	-1938.1781	-1908.4116	-1865.3896	29.766488	-1934.4991	-1861.919	-1904.5955
220	220	-2351.4844	-2332.3624	-2321.3363	19.122018	-2348.0159	-2317.0894	-2328.5534
221	221	-1618.8128	-1603.6518	-1557.0969	15.161	-1614.8172	-1553.1308	-1599.7768
222	222	-2755.7759	-2731.7051	-2734.497	24.070794	-2752.6285	-2731.0104	-2728.3485
223	223	-3251.686	-3243.0077	-3245.5044	8.678307	-3248.4763	-3241.4323	-3239.4489
224	224	-2258.7514	-2229.5602	-2221.5658	29.191206	-2255.2267	-2217.9167	-2225.8952
225	225	-2155.7092	-2134.2213	-2060.6685	21.487951	-2152.2246	-2056.6807	-2130.5956
226	226	-2015.2843	-1999.1909	-1989.039	16.093479	-2011.9234	-1985.1274	-1995.5544
227	227	-1622.069	-1609.2617	-1599.5756	12.807309	-1618.3032	-1595.418	-1604.9931
228	228	-2497.9864	-2484.8183	-2479.0231	13.168046	-2494.55	-2474.8268	-2480.9999
229	229	-1301.7064	-1255.0693	-1217.8613	46.637102	-1297.578	-1213.4161	-1250.8453
230	230	-2200.1562	-2174.7721	-2161.2709	25.384117	-2196.6352	-2157.0607	-2170.9438
231	231	-2892.7516	-2881.1775	-2883.3932	11.57418	-2889.4359	-2881.024	-2877.6429
232	232	-2647.5047	-2626.8097	-2616.6292	20.695061	-2644.3757	-2613.0231	-2623.329
233	233	-2983.4742	-2979.5058	-2980.7759	3.9683681	-2980.1977	-2977.6841	-2975.4645
234	234	-1454.4083	-1421.4553	-1394.8311	32.95305	-1450.5466	-1390.3792	-1417.1843
235	235	-1380.3399	-1367.1084	-1368.9688	13.231526	-1376.457	-1364.4258	-1362.7093
236	236	-2625.9469	-2624.6415	-2635.5748	1.305429	-2622.5379	-2633.1088	-2621.7864
237	237	-2996.7687	-2977.3417	-2983.1302	19.426932	-2993.7844	-2979.1873	-2974.1994
238	238	-1319.898	-1302.3659	-1248.5916	17.532113	-1315.7003	-1244.3987	-1298.0544
239	239	-1997.463	-1978.8238	-1933.6942	18.639218	-1993.9137	-1929.7566	-1975.0374
240	240	-1308.3334	-1285.5341	-1268.2613	22.799272	-1304.418	-1263.66	-1281.1303
241	241	-2292.6128	-2284.6749	-2282.8474	7.9379133	-2289.1215	-2278.5945	-2280.731
242	242	-1204.5973	-1168.362	-1138.4854	36.235281	-1200.3905	-1133.635	-1164.001
243	243	-1335.7127	-1307.3395	-1277.1986	28.373121	-1331.6153	-1273.1236	-1303.0903
244	244	-2144.4376	-2115.6499	-2088.7423	28.787696	-2140.7672	-2085.0763	-2111.8451
245	245	-2588.8541	-2555.1553	-2512.3203	33.69881	-2585.2488	-2508.52	-2551.6727
246	246	-2278.5584	-2250.4299	-2243.1283	28.128445	-2275.0485	-2239.3894	-2246.6371
247	247	-2220.5973	-2206.3239	-2190.8003	14.273331	-2217.0464	-2186.5374	-2202.549
248	248	-1985.7343	-1947.7273	-1938.3143	38.007003	-1982.333	-1934.4599	-1943.8649
249	249	-1842.9247	-1817.1107	-1790.0547	25.813932	-1839.2537	-1786.1558	-1813.0695
250	250	-1591.3188	-1580.7365	-1569.7695	10.582285	-1587.5615	-1565.9542	-1576.4832
251	251	-1635.0856	-1619.2111	-1594.8549	15.874451	-1631.357	-1590.7199	-1615.046
252	252	-2415.7834	-2397.364	-2380.4515	18.419405	-2412.3055	-2376.2134	-2393.5472
253	253	-1683.0742	-1683.7977	-1683.7932	-0.723501	-1679.332	-1679.6307	-1680.4869
254	254	-1368.2822	-1364.9178	-1370.6619	3.3643584	-1364.4103	-1365.6842	-1359.8417
255	255	-2704.3977	-2687.1637	-2676.3613	17.233918	-2701.1515	-2672.7268	-2683.6531
256	256	-2247.5997	-2222.7704	-2222.4313	24.829212	-2244.0798	-2218.4557	-2219.0711
257	257	-2543.5957	-2534.5919	-2536.0852	9.0037704	-2540.1943	-2532.2457	-2530.7742
258	258	-2294.619	-2290.5667	-2287	4.052314	-2291.143	-2282.6873	-2286.1054
259	259	-2026.7358	-1994.4187	-1992.6261	32.317093	-2023.1535	-1988.2338	-1990.5311
260	260	-2240.1257	-2211.2556	-2216.7551	28.870153	-2236.6029	-2213.105	-2207.4211
261	261	-2772.2261	-2772.9446	-2784.277	-0.71851366	-2768.8979	-2781.2296	-2769.795
262	262	-2345.4754	-2336.3152	-2341.9406	9.1602502	-2342.0159	-2337.6694	-2332.5569
263	263	-2044.4703	-2036.5257	-2029.3047	7.9446202	-2040.9129	-2025.5024	-2033.4024
264	264	-2090.905	-2062.2214	-2048.4952	28.683594	-2087.3612	-2044.6319	-2058.5057
265	265	-2170.0788	-2158.4689	-2159.3878	11.609923	-2166.532	-2155.0735	-2154.6609
266	266	-3479.7024	-3466.4433	-3469.7577	13.25907	-3476.5462	-3466.0585	-3463.009
267	267	-1607.5279	-1602.6762	-1601.7972	4.8517474	-1603.7647	-1597.0329	-1598.2423
268	268	-2164.0615	-2144.8089	-2138.5004	19.252668	-2160.4788	-2134.5137	-2140.8571
269	269	-2364.0199	-2334.9361	-2325.0917	29.083821	-2360.517	-2321.3471	-2331.2085
270	270	-2241.5852	-2217.2327	-2178.6995	24.352489	-2238.3174	-2174.612	-2213.4754
271	271	-1807.0712	-1780.3975	-1731.1436	26.673757	-1803.2887	-1726.8322	-1776.5119
272	272	-2317.6564	-2312.8587	-2316.2561	4.7977085	-2314.1477	-2313.7639	-2309.1336
273	273	-2280.6947	-2252.5713	-2248.706	28.123416	-2277.7749	-2244.5623	-2249.3287
274	274	-2243.2297	-2221.7595	-2205.5802	21.470225	-2239.8706	-2201.2772	-2217.9551
275	275	-1309.2131	-1257.3783	-1252.4048	51.83477	-1305.3019	-1247.8628	-1253.1426
276	276	-1664.0217	-1647.5013	-1638.413	16.520381	-1660.2888	-1634.1579	-1643.3145
277	277	-2376.9001	-2353.9105	-2348.3511	22.989515	-2373.4113	-2344.7979	-2350.1543
278	278	-1855.9534	-1821.7181	-1800.2264	34.235287	-1852.3078	-1796.3491	-1817.78
279	279	-3457.4846	-3439.1108	-3441.2535	18.373814	-3454.3114	-3437.3905	-3435.6988
280	280	-2159.8633	-2130.5885	-2101.1709	29.274843	-2156.6329	-2097.4172	-2126.7719
281	281	-2093.3008	-2053.8631	-2023.021	39.43771	-2089.6223	-2019.188	-2050.0522
282	282	-1703.7172	-1685.1443	-1657.4682	18.57288	-1699.9986	-1653.3432	-1680.9913
283	283	-2396.7699	-2367.5285	-2324.8258	29.241414	-2393.567	-2320.8272	-2363.9525
284	284	-1963.9807	-1929.2597	-1904.8192	34.721035	-1960.2262	-1900.4709	-1925.364
285	285	-2860.6594	-2830.2345	-2818.0054	30.424969	-2857.3248	-2814.0616	-2826.6689
286	286	-2248.2822	-2223.6336	-2164.982	24.648527	-2244.6582	-2161.0113	-2220.0177
287	287	-2999.917	-2999.6216	-2998.7677	0.2953517	-2996.6229	-2995.0199	-2996.7394
288	288	-2100.4979	-2076.2626	-2063.7442	24.235254	-2097.3542	-2060.031	-2073.0395
289	289	-2064.2817	-2050.2489	-2035.4185	14.032739	-2060.6897	-2031.4956	-2046.2402
290	290	-1674.5194	-1621.1765	-1590.3026	53.342896	-1670.699	-1586.5856	-1617.1934
291	291	-1604.0964	-1561.1702	-1536.6089	42.926196	-1600.1806	-1532.1545	-1557.1966
292	292	-2086.2746	-2069.917	-2056.4521	16.357597	-2082.7118	-2052.2764	-2065.9732
293	293	-2688.6588	-2678.8364	-2686.5871	9.8224014	-2685.3027	-2682.3888	-2675.0943
294	294	-2433.4419	-2423.5187	-2418.4062	9.9231937	-2429.9881	-2414.2105	-2420.3012
295	295	-2890.0474	-2884.6988	-2892.927	5.3485707	-2886.8782	-2889.8947	-2881.0075
296	296	-2664.8529	-2635.2694	-2612.3019	29.583585	-2661.7729	-2608.5751	-2631.6917
297	297	-1447.8271	-1410.853	-1395.9333	36.974122	-1443.9747	-1391.5712	-1406.6432
298	298	-2570.9168	-2566.1098	-2564.8277	4.8070037	-2567.5244	-2561.1634	-2562.5573
299	299	-2154.4867	-2111.7637	-2111.8856	42.722994	-2150.9695	-2107.7315	-2108.1603
300	300	-1722.1854	-1681.0082	-1676.0261	41.177284	-1718.4739	-1671.5466	-1677.0087
301	301	-3045.6708	-3023.9864	-3012.6416	21.684401	-3042.3941	-3009.1281	-3020.4612
302	302	-2186.2229	-2163.591	-2148.4757	22.631956	-2182.5777	-2144.5602	-2159.7964
303	303	-2653.2051	-2627.2947	-2614.9607	25.910388	-2649.8274	-2611.3745	-2623.6752
304	304	-2574.7217	-2554.036	-2552.9596	20.685706	-2571.3202	-2548.7947	-2550.4711
305	305	-2917.413	-2908.1154	-2908.2845	9.297611	-2914.1467	-2904.6908	-2904.4749
306	306	-1406.7383	-1366.6635	-1335.9611	40.074771	-1402.9303	-1331.5145	-1362.4088
307	307	-1598.8295	-1578.5352	-1561.4902	20.294346	-1595.0582	-1556.8966	-1574.3148
308	308	-2792.9146	-2778.8426	-2785.1609	14.072003	-2789.5735	-2782.8251	-2775.1498
309	309	-2495.1488	-2474.322	-2459.9929	20.826853	-2491.7201	-2458.1827	-2470.7365
310	310	-3621.8369	-3619.4985	-3626.5039	2.3384485	-3618.8406	-3623.1351	-3616.5183
311	311	-2430.5385	-2407.8192	-2407.546	22.719297	-2427.0894	-2403.3964	-2404.0775
312	312	-2463.4999	-2428.7719	-2425.1706	34.728005	-2460.0694	-2421.1819	-2425.2643
313	313	-2611.6233	-2593.0762	-2577.1748	18.547108	-2608.2235	-2573.0611	-2589.4996
314	314	-3312.7216	-3303.6465	-3302.8082	9.0751641	-3309.5203	-3299.2563	-3300.4499
315	315	-1749.2325	-1728.9591	-1728.466	20.273349	-1745.5472	-1723.9418	-1724.8466
316	316	-2594.4711	-2562.7415	-2557.6419	31.729615	-2591.0721	-2553.9639	-2559.2101
317	317	-2280.919	-2278.0025	-2287.4433	2.9165219	-2277.3935	-2285.0107	-2274.4138
318	318	-1714.3007	-1671.7447	-1648.2779	42.555971	-1710.6219	-1643.7519	-1667.9024
319	319	-1599.6588	-1594.9366	-1579.7287	4.7221905	-1595.8924	-1575.0433	-1590.3695
320	320	-1923.8769	-1890.6535	-1875.7659	33.223467	-1920.5382	-1871.4197	-1886.7083
321	321	-3249.904	-3238.4264	-3220.9489	11.477659	-3246.8083	-3219.1866	-3235.0595
322	322	-1310.0815	-1301.8957	-1267.3019	8.1858591	-1306.1873	-1263.0894	-1297.4988
323	323	-2082.9322	-2049.0694	-2040.2929	33.862851	-2079.3648	-2036.5817	-2045.3462
324	324	-1520.735	-1494.3214	-1485.6482	26.413547	-1516.9235	-1481.6152	-1490.1005
325	325	-1513.3185	-1494.0341	-1484.1108	19.284392	-1509.5062	-1479.1273	-1489.7791
326	326	-3508.9742	-3496.6315	-3508.0161	12.342699	-3505.8248	-3504.5267	-3493.1857
327	327	-1577.7247	-1555.0534	-1551.823	22.671248	-1573.9395	-1547.7724	-1550.8486
328	328	-2319.7697	-2320.4888	-2327.4207	-0.71912805	-2316.2982	-2324.4648	-2317.4535
329	329	-2373.7571	-2369.7949	-2365.2235	3.9621892	-2370.3986	-2360.9946	-2365.8291
330	330	-1192.7106	-1158.9571	-1145.1038	33.753513	-1188.7307	-1140.6482	-1154.5415
331	331	-1384.8164	-1352.2969	-1327.4485	32.519512	-1380.9537	-1322.9045	-1348.059
332	332	-2316.5114	-2284.5323	-2286.3018	31.979181	-2313.0242	-2282.6146	-2280.7814
333	333	-2932.4551	-2927.3591	-2935.6544	5.0959713	-2929.3004	-2931.5482	-2923.8562
334	334	-2536.1267	-2507.4495	-2483.3034	28.677194	-2533.018	-2479.2078	-2503.9364
335	335	-2114.8014	-2083.9069	-2044.9985	30.894533	-2111.1152	-2040.7753	-2080.1834
336	336	-1408.2555	-1397.5438	-1382.8508	10.711709	-1404.4052	-1378.387	-1393.4105
337	337	-2246.6441	-2211.2484	-2219.92	35.395733	-2243.1025	-2215.8306	-2207.4907
338	338	-2100.6906	-2096.6289	-2090.0098	4.0616785	-2097.3625	-2085.9962	-2092.7738
339	339	-2971.9409	-2935.6071	-2928.937	36.333873	-2968.6595	-2925.0001	-2932.1702
340	340	-1427.9186	-1428.9819	-1415.5456	-1.0632916	-1424.0438	-1410.6497	-1412.138
341	341	-3495.1622	-3487.5245	-3487.0063	7.6377477	-3491.9996	-3484.9641	-3484.0226
342	342	-3121.6924	-3106.0694	-3094.4038	15.623019	-3118.5915	-3091.0019	-3103.0685
343	343	-2553.0444	-2539.9475	-2550.5766	13.096985	-2549.6361	-2546.2303	-2536.319
344	344	-2416.5801	-2404.0586	-2395.6854	12.521438	-2413.3041	-2391.8288	-2400.4559
345	345	-2555.4817	-2538.4533	-2534.9675	17.028422	-2552.0897	-2531.5313	-2535.3539
346	346	-2576.2862	-2549.5301	-2535.4089	26.75611	-2572.8945	-2532.362	-2545.8899
347	347	-3381.36	-3359.46	-3370.3604	21.900083	-3378.1749	-3366.8496	-3356.0697
348	348	-2733.1237	-2705.0507	-2689.5778	28.073002	-2729.7637	-2685.5464	-2701.4501
349	349	-2340.955	-2330.9624	-2327.4628	9.9926526	-2337.4748	-2323.5866	-2327.0651
350	350	-1996.229	-1970.3988	-1951.9329	25.830205	-1992.7492	-1947.8338	-1966.4607
351	351	-2946.7661	-2921.0564	-2889.0269	25.70968	-2943.7178	-2885.554	-2917.5792
352	352	-1756.9497	-1741.5084	-1743.3825	15.441242	-1753.2272	-1738.7819	-1737.5563
353	353	-1387.3263	-1362.733	-1317.2514	24.593241	-1383.4685	-1313.5075	-1358.4591
354	354	-2378.2115	-2375.7493	-2371.841	2.46221	-2374.765	-2367.443	-2371.7058
355	355	-2649.1986	-2619.8787	-2608.1806	29.319971	-2645.8356	-2604.8489	-2616.9499
356	356	-2596.4122	-2594.2355	-2604.8479	2.1766557	-2592.9757	-2602.479	-2589.9995
357	357	-2471.7818	-2440.8627	-2434.239	30.919058	-2468.3233	-2430.6287	-2437.1367
358	358	-2009.1258	-1996.0548	-1978.8443	13.071054	-2005.6731	-1974.7838	-1992.3834
359	359	-1809.2302	-1772.8705	-1738.3869	36.359659	-1805.9776	-1734.4423	-1769.1477
360	360	-3227.9908	-3220.164	-3213.011	7.826808	-3224.7839	-3209.5195	-3217.4542
361	361	-2484.3538	-2475.7881	-2468.9671	8.5656955	-2480.8999	-2464.7182	-2471.8681
362	362	-3912.2872	-3906.2703	-3920.6055	6.0168793	-3909.2397	-3913.9919	-3902.8513
363	363	-1629.1502	-1607.5984	-1574.4678	21.551751	-1625.9854	-1570.3243	-1603.6745
364	364	-2207.5534	-2182.9407	-2165.3653	24.61262	-2204.0041	-2161.399	-2179.0478
365	365	-1781.1019	-1766.9379	-1748.2383	14.163996	-1777.4331	-1743.8214	-1762.8672
366	366	-1163.442	-1128.465	-1101.2151	34.977013	-1159.4378	-1096.4681	-1124.0304
367	367	-1940.1005	-1922.814	-1892.2463	17.286441	-1936.7847	-1888.1422	-1918.7581
368	368	-2786.5196	-2753.1485	-2745.7597	33.371077	-2783.4539	-2742.1526	-2749.7901
369	369	-2503.4782	-2487.2112	-2475.16	16.26697	-2500.0507	-2471.2953	-2483.4443
370	370	-2114.9046	-2107.2479	-2079.4855	7.6567369	-2111.2655	-2075.8832	-2103.2815
371	371	-2345.354	-2308.1545	-2297.8613	37.199515	-2342.0726	-2294.2682	-2305.0447
372	372	-2155.3728	-2121.3346	-2106.786	34.038238	-2151.7967	-2102.7975	-2117.467
373	373	-3235.3632	-3226.3256	-3223.9124	9.0375959	-3232.1618	-3219.8351	-3222.7962
374	374	-1655.2036	-1620.9742	-1598.9105	34.229359	-1651.4676	-1594.3913	-1616.9113
375	375	-1006.6456	-992.18151	-971.82456	14.464116	-1002.5292	-966.68881	-987.46499
376	376	-2532.683	-2514.6267	-2488.3597	18.05629	-2529.2749	-2484.8946	-2510.885
377	377	-2279.6134	-2249.1612	-2221.8663	30.452227	-2276.2064	-2217.9335	-2245.4673
378	378	-2720.4135	-2708.8282	-2713.0882	11.585303	-2717.0819	-2709.4976	-2705.2661
379	379	-2257.9018	-2232.9099	-2209.76	24.991942	-2254.4063	-2205.4683	-2229.2489
380	380	-2367.3056	-2348.1315	-2332.8948	19.174054	-2363.825	-2328.6919	-2344.2749
381	381	-2338.8546	-2298.8665	-2278.8413	39.988114	-2335.352	-2275.4741	-2295.1477
382	382	-3609.4972	-3600.6652	-3576.1058	8.8320323	-3606.3536	-3572.4991	-3597.214
383	383	-1603.2556	-1580.642	-1553.0065	22.613585	-1599.482	-1548.8307	-1576.4582
384	384	-1630.2826	-1608.4067	-1581.9609	21.875904	-1626.5377	-1577.3636	-1604.2501
385	385	-1511.8736	-1491.7764	-1445.9169	20.097178	-1508.0243	-1441.3451	-1487.6275
386	386	-1428.0509	-1388.626	-1370.4929	39.42487	-1424.1834	-1365.81	-1384.4112
387	387	-1751.4147	-1745.7142	-1745.4322	5.7004621	-1747.7108	-1742.6562	-1741.6792
388	388	-2386.5478	-2351.0201	-2337.4061	35.527628	-2383.1451	-2333.7771	-2347.4757
389	389	-1675.44	-1626.468	-1607.4168	48.97202	-1671.592	-1603.1414	-1622.4623
390	390	-1837.9855	-1786.2907	-1780.6297	51.694786	-1834.3206	-1776.3024	-1782.5418
391	391	-1920.9687	-1903.1048	-1866.7579	17.863869	-1917.3235	-1862.5094	-1899.075
392	392	-2921.3694	-2915.6712	-2899.1241	5.698157	-2918.1748	-2897.2768	-2912.2539
393	393	-2731.7421	-2712.5573	-2704.2261	19.184815	-2728.6089	-2700.5181	-2709.2081
394	394	-1530.2637	-1513.3231	-1497.6817	16.940665	-1526.4782	-1493.3319	-1509.3919
395	395	-2197.4758	-2169.9943	-2156.0484	27.481492	-2193.9566	-2152.3167	-2166.1761
396	396	-2473.9213	-2454.7098	-2426.3508	19.211478	-2470.3689	-2422.2253	-2451.0867
397	397	-1865.9974	-1851.3499	-1828.6828	14.647446	-1862.3565	-1824.6491	-1847.2725
398	398	-1440.5726	-1404.6476	-1367.2743	35.925039	-1436.542	-1363.9726	-1400.4721
399	399	-1786.2271	-1762.286	-1725.2367	23.941087	-1782.5682	-1721.6043	-1758.3338
400	400	-2160.5698	-2142.1043	-2135.1708	18.465495	-2157.2681	-2131.5524	-2138.5401
401	401	-1485.1485	-1470.8195	-1454.8226	14.329025	-1481.3277	-1450.3504	-1466.5044
402	402	-2466.657	-2454.7673	-2456.0584	11.88978	-2463.2002	-2451.7929	-2451.1747
403	403	-2720.8912	-2707.6768	-2691.8643	13.214366	-2717.5113	-2688.4851	-2703.9579
404	404	-2148.535	-2126.1468	-2101.5701	22.388205	-2145.006	-2097.8179	-2122.4264
405	405	-2213.7257	-2204.1531	-2181.774	9.5726068	-2210.3724	-2177.6516	-2200.4938
406	406	-1734.4093	-1700.4399	-1690.5303	33.969347	-1730.5259	-1686.1897	-1696.5729
407	407	-2197.6692	-2167.352	-2146.1091	30.317224	-2194.1498	-2142.4572	-2163.5441
408	408	-1886.5978	-1854.4716	-1823.4663	32.126163	-1883.0241	-1819.3052	-1850.864
409	409	-1972.7488	-1949.6713	-1924.8285	23.077463	-1969.1132	-1920.8663	-1946.5524
410	410	-2012.5086	-1986.4033	-1977.8504	26.105269	-2008.8911	-1973.5135	-1982.6198
411	411	-4657.4157	-4638.7292	-4638.1805	18.686494	-4654.6632	-4634.7141	-4635.8855
412	412	-1876.4029	-1840.4037	-1816.4706	35.999195	-1872.9509	-1812.643	-1836.5249
413	413	-1974.1362	-1947.8761	-1931.5163	26.260078	-1970.5427	-1927.2301	-1943.9471
414	414	-2458.2148	-2434.5231	-2389.3639	23.691718	-2455.2628	-2385.8615	-2431.0967
415	415	-2793.0245	-2785.6336	-2784.2491	7.3909699	-2789.7004	-2780.2083	-2781.9209
416	416	-2635.0304	-2615.2058	-2612.792	19.824624	-2631.6563	-2608.9597	-2611.6961
417	417	-1648.3053	-1631.0519	-1624.9915	17.253496	-1644.5676	-1620.3376	-1626.8632
418	418	-2414.7665	-2382.37	-2369.258	32.396534	-2411.304	-2365.2679	-2378.6072
419	419	-2905.5589	-2897.7338	-2898.6798	7.8251357	-2902.2496	-2894.5193	-2894.1467
420	420	-2932.0895	-2915.7866	-2915.2865	16.302962	-2928.7927	-2911.3275	-2912.1859
421	421	-2615.7988	-2572.0546	-2554.2037	43.744149	-2612.3673	-2550.3444	-2568.5017
422	422	-3181.7704	-3167.3844	-3161.0518	14.386057	-3178.5395	-3157.1055	-3163.8612
423	423	-1748.8636	-1714.2421	-1683.3129	34.621514	-1745.0794	-1679.1245	-1710.255
424	424	-1437.5371	-1403.6426	-1380.3463	33.894532	-1433.6854	-1375.6812	-1399.4265
425	425	-2691.1349	-2657.7647	-2643.1072	33.370226	-2687.7628	-2639.6626	-2654.1631
426	426	-1646.4018	-1606.6817	-1605.5336	39.720039	-1642.6541	-1601.4024	-1602.6174
427	427	-1897.3851	-1881.26	-1873.2289	16.125198	-1893.7287	-1869.1814	-1877.4013
428	428	-1687.3406	-1656.4661	-1655.5406	30.87454	-1683.7932	-1651.5557	-1652.7511
429	429	-1354.3091	-1318.3145	-1299.0198	35.994606	-1350.3813	-1294.6064	-1314.0084
430	430	-1769.9577	-1764.9514	-1770.4726	5.0062547	-1766.2733	-1765.7999	-1759.5874
431	431	-2176.0728	-2162.853	-2150.2798	13.219813	-2172.5477	-2146.5645	-2158.9265
432	432	-1798.9739	-1783.6169	-1771.0961	15.356985	-1795.2992	-1767.1096	-1779.5034
433	433	-2730.4959	-2729.1097	-2736.9343	1.3861714	-2727.2887	-2732.7448	-2725.0552
434	434	-2368.5647	-2329.2479	-2309.8182	39.316844	-2365.1261	-2306.0827	-2325.6687
435	435	-2191.066	-2171.9148	-2135.3436	19.151163	-2188.1658	-2131.2754	-2168.2213
436	436	-1761.7385	-1749.1796	-1735.0367	12.558817	-1758.0668	-1730.5071	-1745.0272
437	437	-1229.607	-1213.9067	-1203.9756	15.70037	-1225.6421	-1199.1742	-1209.3948
438	438	-2879.2886	-2862.6898	-2863.8569	16.598792	-2875.9851	-2859.7829	-2859.0773
439	439	-3019.6059	-3008.4485	-3001.5039	11.157395	-3016.3219	-2997.9944	-3004.9465
440	440	-1838.4984	-1832.247	-1815.3979	6.2513774	-1834.835	-1810.8901	-1828.0385
441	441	-3356.722	-3350.7654	-3349.1525	5.956589	-3353.8021	-3347.0466	-3347.7752
442	442	-3614.563	-3611.9297	-3617.4204	2.6333189	-3611.5629	-3613.9821	-3608.3799
443	443	-2705.1798	-2684.7506	-2672.9934	20.429158	-2701.8294	-2669.0486	-2681.2337
444	444	-2686.8395	-2669.4789	-2641.6907	17.360568	-2684.2961	-2638.8863	-2666.9194
445	445	-2933.5157	-2916.3467	-2905.3201	17.169054	-2930.3779	-2901.6301	-2912.9695
446	446	-1793.7476	-1761.1232	-1731.8781	32.624356	-1790.0081	-1727.505	-1757.1548
447	447	-2214.6851	-2187.7048	-2193.8474	26.980295	-2211.1748	-2189.4221	-2184.0619
448	448	-1520.1398	-1506.46	-1501.3736	13.679772	-1516.4608	-1496.9516	-1502.4433
449	449	-3672.5402	-3662.3637	-3663.5803	10.176479	-3669.6277	-3660.0092	-3659.1468
450	450	-2451.353	-2421.0436	-2423.4202	30.309429	-2447.8809	-2419.2347	-2417.3592
451	451	-2502.8115	-2451.1427	-2444.5585	51.668772	-2499.4089	-2440.5079	-2447.5311
452	452	-2970.9839	-2966.1728	-2974.5391	4.8110303	-2967.6578	-2970.3473	-2963.1756
453	453	-1947.9351	-1918.6145	-1899.5423	29.320522	-1944.3148	-1895.1639	-1914.6668
454	454	-2306.841	-2301.7496	-2307.8882	5.0914924	-2303.3751	-2304.8941	-2297.7333
455	455	-3303.192	-3292.6548	-3268.5369	10.537198	-3300.4663	-3265.1276	-3289.3537
456	456	-2806.1144	-2771.8225	-2768.6101	34.291957	-2802.7696	-2764.8749	-2768.2722
457	457	-2660.6513	-2644.0972	-2638.8145	16.554125	-2657.2863	-2634.6542	-2640.5618
458	458	-2370.4266	-2344.941	-2327.3166	25.485562	-2366.9391	-2323.1942	-2341.3044
459	459	-2383.4379	-2378.2108	-2386.692	5.227132	-2379.9958	-2382.2553	-2375.1068
460	460	-3320.1456	-3289.1968	-3266.2433	30.948806	-3316.9291	-3262.3401	-3285.7936
461	461	-2072.6133	-2041.5713	-2013.9368	31.042051	-2069.1646	-2009.6442	-2037.7304
462	462	-2263.2583	-2259.3249	-2255.0837	3.9334082	-2259.7765	-2250.7548	-2255.4338
463	463	-1862.8593	-1836.8996	-1814.0166	25.959687	-1859.2177	-1809.9926	-1833.1237
464	464	-2785.6973	-2752.0918	-2743.2947	33.605441	-2782.3549	-2739.2964	-2748.5698
465	465	-2575.4693	-2548.8681	-2535.2813	26.601229	-2572.0722	-2531.4821	-2545.3562
466	466	-2260.2998	-2237.5909	-2222.4319	22.708917	-2256.7663	-2218.698	-2233.9105
467	467	-1818.2478	-1796.9065	-1797.6149	21.341367	-1814.5817	-1793.1748	-1793.2097
468	468	-2280.4102	-2266.4027	-2255.5297	14.007509	-2276.9079	-2251.615	-2262.4728
469	469	-2055.4778	-2029.177	-2005.8016	26.30076	-2051.9018	-2001.7582	-2025.3752
470	470	-2873.2334	-2849.5075	-2860.6642	23.725926	-2869.9333	-2857.3049	-2845.9663
471	471	-2584.341	-2557.4331	-2539.8777	26.907941	-2580.9477	-2536.0622	-2553.7756
472	472	-1540.8263	-1541.3365	-1547.2117	-0.51023544	-1537.0639	-1544.4548	-1538.2188
473	473	-2577.6584	-2561.2865	-2540.2335	16.371911	-2574.5373	-2536.7853	-2557.9302
474	474	-2108.7369	-2092.4039	-2071.5247	16.333006	-2105.1873	-2067.2636	-2088.4852
475	475	-1469.5176	-1447.4425	-1435.7411	22.075121	-1465.6951	-1431.4346	-1443.1779
476	476	-3015.024	-2997.7454	-2997.1674	17.278539	-3011.758	-2993.8572	-2994.3187
477	477	-1732.9217	-1711.3383	-1693.6102	21.583412	-1729.2106	-1689.5028	-1707.4719
478	478	-1331.4161	-1296.6509	-1252.7215	34.765226	-1327.312	-1248.5915	-1292.4714
479	479	-1631.4185	-1614.3201	-1600.4759	17.098471	-1627.6846	-1596.0693	-1610.1384
480	480	-1625.9734	-1594.4155	-1559.8978	31.557955	-1622.623	-1555.627	-1590.4078
481	481	-2379.8129	-2361.1315	-2350.1994	18.681437	-2376.3583	-2346.0968	-2357.338
482	482	-2470.9274	-2455.2811	-2432.8245	15.646337	-2467.5023	-2429.0464	-2451.6672
483	483	-2514.8869	-2496.0014	-2482.2121	18.885522	-2511.4789	-2478.6935	-2492.936
484	484	-2289.717	-2281.8167	-2283.4063	7.9002936	-2286.2286	-2280.9712	-2277.9769
485	485	-3479.1936	-3465.2999	-3450.7366	13.893687	-3476.4928	-3447.24	-3462.1628
486	486	-2085.2342	-2064.9604	-2045.5083	20.273773	-2081.6739	-2041.3933	-2061.1935
487	487	-3826.2784	-3811.9229	-3816.9407	14.355554	-3823.3468	-3813.243	-3808.7387
488	488	-2458.4567	-2441.6678	-2369.6341	16.78895	-2454.8515	-2365.7939	-2438.0902
489	489	-1538.9253	-1527.6759	-1510.3099	11.249396	-1535.1302	-1505.6726	-1523.3551
490	490	-2121.1833	-2099.3097	-2082.78	21.873643	-2117.6446	-2078.6128	-2095.4284
491	491	-1382.395	-1371.7427	-1355.9658	10.652313	-1378.5411	-1351.1117	-1367.3491
492	492	-2489.1471	-2479.25	-2486.8231	9.8971014	-2485.9122	-2484.5552	-2475.7732
493	493	-2911.9465	-2874.0116	-2871.8079	37.934831	-2908.646	-2867.9789	-2870.553
494	494	-2769.4976	-2768.4585	-2773.8535	1.0391335	-2766.3111	-2770.7311	-2765.4518
495	495	-2470.9381	-2439.9409	-2427.0272	30.997199	-2468.0182	-2423.6275	-2436.271
496	496	-1618.9791	-1614.8566	-1614.1886	4.1224809	-1615.2112	-1609.3535	-1609.2392
497	497	-2055.7411	-2056.4375	-2052.2028	-0.69639042	-2052.1695	-2048.2312	-2053.3246
498	498	-2033.0843	-2021.4769	-2001.4032	11.60739	-2029.5222	-1997.599	-2017.5148
499	499	-1888.2903	-1835.3535	-1828.2033	52.936816	-1884.9459	-1823.7327	-1831.4373
