No.	ID	loglik_NUll	loglik_RES	loglik_all	log_ratio	loglik_Max1	loglik_Max2	loglik_Max3
0	0	-2314.0113	-2280.5616	-2292.0549	33.449777	-2310.5289	-2287.7282	-2276.3898
1	1	-3040.4191	-2990.7045	-3001.9842	49.714587	-3037.2665	-2998.2331	-2986.8955
2	2	-1746.2037	-1720.7	-1731.4652	25.503744	-1742.5021	-1727.3763	-1716.3749
3	3	-2689.7447	-2610.4537	-2620.4842	79.290999	-2686.3621	-2616.7783	-2606.3664
4	4	-2807.0426	-2771.3004	-2782.5114	35.742209	-2803.7036	-2778.4413	-2767.1032
5	5	-2448.8863	-2403.0427	-2413.145	45.843569	-2445.4438	-2411.118	-2399.7759
6	6	-1528.0723	-1459.1574	-1469.0809	68.914857	-1524.2788	-1464.4089	-1454.3829
7	7	-1889.7567	-1814.6	-1825.9888	75.156668	-1886.0806	-1821.3892	-1810.0512
8	8	-4539.1428	-4533.4021	-4545.771	5.7406351	-4536.4075	-4541.6126	-4530.3422
9	9	-2111.7222	-2041.2222	-2052.286	70.500001	-2108.1348	-2048.1211	-2036.7824
10	10	-2115.1231	-2023.155	-2032.1865	91.968103	-2111.5533	-2028.3375	-2018.7888
11	11	-3249.7657	-3190.0508	-3201.0914	59.714888	-3246.5534	-3197.6751	-3186.3352
12	12	-2556.0558	-2522.1247	-2533.6276	33.931057	-2552.6589	-2529.3029	-2517.964
13	13	-2496.284	-2465.2401	-2476.4185	31.043818	-2493.0894	-2472.7616	-2461.4223
14	14	-1945.7152	-1885.8928	-1896.9377	59.822388	-1942.092	-1892.6937	-1881.3545
15	15	-2009.8183	-1984.2444	-1995.9139	25.573931	-2006.2502	-1991.1129	-1979.7742
16	16	-2327.2094	-2280.7951	-2289.9479	46.414317	-2323.7273	-2287.5195	-2276.4286
17	17	-2221.1965	-2133.5803	-2143.998	87.616149	-2217.6513	-2140.0192	-2129.2234
18	18	-1864.1596	-1762.6885	-1774.1297	101.47108	-1860.8469	-1769.5532	-1758.2139
19	19	-1433.3631	-1300.582	-1311.4535	132.78108	-1429.2015	-1307.1623	-1295.8237
20	20	-1535.4988	-1496.7963	-1507.4133	38.702551	-1531.6945	-1502.3106	-1492.2655
21	21	-2413.2315	-2314.421	-2324.9185	98.810565	-2409.9111	-2320.9925	-2310.238
22	22	-2242.9026	-2206.2482	-2217.6431	36.654448	-2239.3971	-2213.1506	-2201.8118
23	23	-2122.7948	-2111.5628	-2119.4721	11.232004	-2119.255	-2116.882	-2106.9119
24	24	-2461.604	-2419.5071	-2430.9783	42.096938	-2458.1985	-2426.6029	-2415.2644
25	25	-2218.7705	-2183.4269	-2194.923	35.34363	-2215.2235	-2191.1173	-2179.7792
26	26	-2160.0112	-2110.915	-2122.0106	49.096205	-2156.4301	-2117.8303	-2106.4878
27	27	-1248.1726	-1114.8819	-1126.5143	133.29064	-1244.0419	-1121.2544	-1109.9156
28	28	-1787.5078	-1695.5189	-1707.0405	91.988909	-1783.682	-1702.3062	-1690.9671
29	29	-2046.6813	-2012.2551	-2021.4951	34.426266	-2043.0989	-2017.3189	-2008.0927
30	30	-2846.2965	-2803.0343	-2814.2111	43.262193	-2842.9805	-2810.263	-2798.9235
31	31	-1479.4689	-1377.1308	-1388.6921	102.3381	-1475.6499	-1383.7025	-1372.3603
32	32	-2481.2761	-2362.3845	-2373.9436	118.89153	-2478.2311	-2370.0805	-2358.7421
33	33	-2106.9927	-2002.8168	-2013.8103	104.17592	-2103.5152	-2009.7735	-1998.4349
34	34	-1763.1387	-1650.8594	-1661.0825	112.27928	-1759.8995	-1657.1717	-1646.3326
35	35	-1947.2171	-1863.6523	-1874.0526	83.564884	-1943.5709	-1870.3371	-1859.1868
36	36	-1853.2407	-1790.7536	-1800.1301	62.487095	-1849.5971	-1795.7874	-1786.1777
37	37	-1708.5536	-1633.9864	-1644.8822	74.56725	-1704.8384	-1640.6597	-1629.3226
38	38	-1856.7652	-1776.7557	-1788.3144	80.009471	-1853.115	-1783.5603	-1772.2217
39	39	-1643.0674	-1617.4771	-1627.6542	25.590267	-1639.3115	-1623.2819	-1612.5984
40	40	-2053.3225	-1969.0428	-1980.5382	84.279665	-2049.751	-1975.9909	-1964.6522
41	41	-1848.7624	-1833.789	-1845.4765	14.973434	-1845.0993	-1841.1254	-1829.7877
42	42	-1502.5525	-1425.6238	-1437.1374	76.928701	-1498.7211	-1432.1423	-1420.8033
43	43	-1950.8693	-1936.4244	-1945.9495	14.444891	-1947.2755	-1943.6535	-1932.3135
44	44	-1898.5043	-1814.1235	-1824.3314	84.38075	-1894.8623	-1820.0035	-1809.6064
45	45	-2505.1823	-2472.512	-2482.1372	32.67034	-2501.7658	-2477.4066	-2468.1895
46	46	-2415.4387	-2345.659	-2357.1116	69.779742	-2412.1744	-2352.7754	-2341.4373
47	47	-2591.1819	-2538.802	-2549.9009	52.379931	-2587.7558	-2545.863	-2534.5242
48	48	-2544.123	-2533.2143	-2544.7408	10.908656	-2540.7191	-2540.7695	-2529.4313
49	49	-1789.106	-1699.0828	-1710.2712	90.02315	-1785.4182	-1705.8382	-1694.4991
50	50	-2186.3159	-2084.1449	-2095.6492	102.17098	-2183.1377	-2091.1796	-2079.8414
51	51	-2908.9021	-2886.571	-2896.0634	22.331045	-2905.6039	-2891.7876	-2882.473
52	52	-2135.2616	-2086.8694	-2097.3973	48.392161	-2131.7035	-2093.3205	-2082.3914
53	53	-3073.7224	-3036.6569	-3045.7958	37.065502	-3070.4557	-3043.9189	-3032.5791
54	54	-2331.443	-2248.4435	-2259.9789	82.999487	-2327.9275	-2255.4969	-2244.1573
55	55	-1996.2343	-1853.5014	-1865.1109	142.7329	-1992.3938	-1860.5048	-1849.1639
56	56	-2363.2906	-2306.0808	-2314.2595	57.209795	-2359.8123	-2310.3095	-2301.7723
57	57	-1941.2757	-1897.5082	-1908.0017	43.76754	-1937.6325	-1903.8737	-1892.9254
58	58	-1489.7973	-1362.1995	-1373.7103	127.59779	-1487.0263	-1368.8109	-1357.4723
59	59	-2185.1058	-2154.6275	-2165.3877	30.478359	-2181.5541	-2161.436	-2150.0942
60	60	-2037.7801	-2009.7476	-2020.9234	28.032458	-2034.1821	-2016.7564	-2005.4183
61	61	-2382.4567	-2308.3296	-2319.7546	74.127071	-2379.0821	-2315.7828	-2304.4469
62	62	-2376.4304	-2301.4771	-2313.0543	74.953249	-2373.1514	-2309.0857	-2297.7473
63	63	-1976.047	-1924.5815	-1934.4251	51.465485	-1972.459	-1930.0034	-1920.0759
64	64	-2036.0859	-1954.588	-1965.8549	81.497813	-2032.4747	-1961.8098	-1950.4717
65	65	-2877.7777	-2806.3552	-2817.7648	71.422529	-2874.4526	-2813.6437	-2802.3027
66	66	-2058.6921	-2007.9425	-2018.7568	50.749672	-2055.1187	-2014.7838	-2003.4597
67	67	-2760.5096	-2662.8063	-2674.2622	97.703335	-2757.2283	-2670.13	-2658.7924
68	68	-2987.2871	-2943.9932	-2955.5859	43.29393	-2983.9987	-2951.2439	-2939.9052
69	69	-2718.2855	-2613.985	-2625.527	104.30058	-2715.1631	-2621.3594	-2610.0199
70	70	-1979.4348	-1918.7918	-1929.7926	60.643021	-1975.8086	-1925.6249	-1914.2876
71	71	-2085.2055	-2057.4444	-2068.4825	27.761095	-2081.616	-2064.335	-2053.2202
72	72	-1610.8761	-1485.777	-1497.3015	125.09908	-1608.1525	-1492.4922	-1481.1558
73	73	-3042.7582	-2997.0585	-3008.5331	45.699741	-3039.4873	-3005.0648	-2993.7257
74	74	-3737.9506	-3715.3664	-3726.8504	22.584231	-3734.8375	-3722.8098	-3711.4696
75	75	-2219.9566	-2167.1604	-2178.1835	52.796238	-2216.4503	-2174.2898	-2162.9489
76	76	-2672.2749	-2612.9122	-2623.5773	59.362622	-2668.917	-2619.9633	-2608.7834
77	77	-2810.8356	-2786.4771	-2796.1067	24.35848	-2807.4952	-2792.1248	-2782.2323
78	78	-2149.7477	-2085.7943	-2097.294	63.953401	-2146.1838	-2092.7418	-2081.4034
79	79	-2103.2241	-2035.7853	-2047.2457	67.438769	-2099.6542	-2042.7278	-2031.3894
80	80	-2971.1493	-2948.3424	-2961.1489	22.806952	-2968.329	-2956.7404	-2945.4016
81	81	-3836.5791	-3810.1173	-3821.8647	26.461815	-3833.6383	-3817.9094	-3806.5638
82	82	-1421.2834	-1292.0173	-1303.2496	129.26612	-1417.7996	-1298.5485	-1287.2102
83	83	-2639.555	-2629.8511	-2641.3059	9.7039474	-2636.3059	-2637.5825	-2626.2432
84	84	-2672.1287	-2628.2111	-2639.461	43.91756	-2668.7531	-2635.4933	-2624.1545
85	85	-2266.5042	-2150.178	-2161.1384	116.32621	-2263.0745	-2157.2514	-2145.9137
86	86	-1878.3554	-1755.3602	-1766.9397	122.99519	-1875.1804	-1762.2918	-1750.9536
87	87	-2196.7915	-2096.3352	-2107.9729	100.45629	-2193.6815	-2103.4956	-2092.1593
88	88	-1904.6541	-1865.4114	-1876.934	39.242738	-1901.0267	-1872.6123	-1861.2738
89	89	-2048.7003	-1959.7827	-1971.3003	88.917634	-2045.1105	-1966.6976	-1955.3584
90	90	-2045.5053	-1947.5266	-1959.1651	97.978714	-2042.7134	-1954.6171	-1943.2779
91	91	-3018.7413	-2995.7101	-3007.1019	23.031168	-3015.4449	-3002.8148	-2991.4746
92	92	-2102.5658	-2033.4301	-2044.8786	69.135647	-2099.0214	-2040.872	-2029.5312
93	93	-2327.4949	-2304.2436	-2315.2844	23.251252	-2323.9998	-2311.103	-2299.7642
94	94	-1446.5126	-1404.8836	-1416.3185	41.629031	-1442.6888	-1411.3135	-1399.9754
95	95	-3043.5572	-3009.9675	-3021.5902	33.589716	-3040.2885	-3017.375	-3006.0371
96	96	-2258.1154	-2196.5899	-2207.7619	61.525499	-2254.6083	-2203.5828	-2192.2451
97	97	-2541.5384	-2513.1311	-2524.6468	28.407357	-2538.1146	-2520.2785	-2508.9409
98	98	-1812.445	-1756.5174	-1767.8815	55.927611	-1808.7802	-1763.2149	-1751.8761
99	99	-2240.3225	-2154.2212	-2164.2548	86.101264	-2236.8151	-2160.8326	-2149.8988
100	100	-1252.6608	-1166.8718	-1177.6882	85.788999	-1248.6856	-1173.163	-1161.826
101	101	-2332.1506	-2297.0081	-2308.5412	35.1425	-2328.6725	-2303.9421	-2292.6058
102	102	-2363.8174	-2265.2581	-2276.8057	98.559283	-2360.723	-2272.4473	-2261.109
103	103	-2097.1574	-2019.8303	-2030.4495	77.327128	-2093.566	-2026.7639	-2015.425
104	104	-1341.4187	-1258.9405	-1270.0542	82.478178	-1337.5145	-1265.346	-1254.0117
105	105	-1825.0871	-1752.9227	-1764.2577	72.16441	-1821.3908	-1759.6062	-1748.2686
106	106	-1986.5448	-1955.3528	-1966.6308	31.191984	-1982.9657	-1962.1067	-1950.7688
107	107	-3029.3854	-2973.9065	-2985.3891	55.478856	-3026.1116	-2981.1942	-2969.8554
108	108	-2418.9468	-2323.106	-2334.0114	95.84082	-2415.4703	-2330.2271	-2318.888
109	109	-2512.7714	-2466.362	-2477.894	46.409408	-2509.3034	-2473.5189	-2462.1779
110	110	-1341.3316	-1304.4291	-1315.6576	36.902468	-1337.4409	-1310.746	-1299.4088
111	111	-2001.5382	-1970.1621	-1981.7627	31.376082	-1997.9384	-1976.9511	-1965.6127
112	112	-3086.8332	-3010.6764	-3021.8583	76.156836	-3083.8901	-3018.0812	-3006.7417
113	113	-3620.1587	-3607.8374	-3617.5435	12.321264	-3617.0281	-3614.5467	-3605.0193
114	114	-3108.5226	-3075.5909	-3087.2921	32.931759	-3105.2751	-3082.9632	-3071.6246
115	115	-3040.1005	-2984.8953	-2995.1037	55.205156	-3037.2048	-2991.279	-2980.8972
116	116	-3288.3473	-3273.1532	-3284.6039	15.194151	-3285.1381	-3280.6213	-3269.2805
117	117	-2669.5982	-2645.8072	-2656.7216	23.790955	-2666.2255	-2652.079	-2641.6382
118	118	-2473.4974	-2433.6184	-2445.1069	39.878987	-2470.0848	-2440.9264	-2429.5892
119	119	-1843.3995	-1751.1606	-1762.649	92.238906	-1838.2588	-1757.9819	-1746.6433
120	120	-1533.5874	-1465.0939	-1476.5295	68.493496	-1529.7845	-1471.6434	-1460.3059
121	121	-2338.8329	-2290.2664	-2301.3862	48.566574	-2335.3545	-2297.2469	-2285.9081
122	122	-1688.6164	-1641.489	-1653.1455	47.127432	-1684.8887	-1648.2011	-1636.8618
123	123	-1712.4961	-1646.9216	-1657.7789	65.574473	-1708.7568	-1653.5267	-1642.2432
124	124	-1732.1543	-1621.9163	-1632.1365	110.23803	-1728.4328	-1627.6743	-1617.3285
125	125	-1887.9387	-1842.643	-1854.4012	45.295618	-1884.3809	-1849.6916	-1838.3546
126	126	-1615.4239	-1493.3605	-1504.3286	122.06339	-1611.3463	-1500.0929	-1488.7547
127	127	-2859.2046	-2845.5325	-2856.6885	13.672079	-2855.8783	-2853.0113	-2841.6731
128	128	-1548.0129	-1514.1603	-1525.3727	33.852598	-1544.2273	-1520.632	-1509.2931
129	129	-2354.6034	-2298.5269	-2309.9635	56.07642	-2351.1289	-2305.5879	-2294.2486
130	130	-2542.7718	-2519.2584	-2528.5086	23.51334	-2539.3354	-2526.1975	-2514.8583
131	131	-2311.0431	-2195.9975	-2206.213	115.04555	-2307.8542	-2202.8041	-2191.7996
132	132	-1711.8334	-1587.6174	-1598.5769	124.21595	-1708.4706	-1594.3569	-1583.0189
133	133	-1800.7524	-1663.549	-1675.0405	137.20338	-1797.2175	-1670.4254	-1659.0858
134	134	-2147.8495	-2118.02	-2129.6275	29.829452	-2144.8919	-2125.0543	-2113.7176
135	135	-1268.4059	-1125.5368	-1136.9673	142.86914	-1265.0874	-1131.9468	-1120.6076
136	136	-2010.9108	-2005.0181	-2004.3547	5.8927702	-2007.2966	-1999.7866	-1987.4572
137	137	-1965.2036	-1896.2502	-1907.7523	68.953381	-1961.579	-1903.0983	-1891.7595
138	138	-1965.4305	-1835.2473	-1846.6462	130.18318	-1962.4491	-1842.2013	-1830.8628
139	139	-1738.8736	-1669.6537	-1680.9218	69.219923	-1735.1771	-1676.3739	-1665.0343
140	140	-3153.2962	-3138.4904	-3150.3616	14.805872	-3150.2205	-3145.9269	-3134.5882
141	141	-1522.2436	-1417.2109	-1428.7016	105.03276	-1519.0303	-1423.8178	-1412.4805
142	142	-1798.091	-1772.9488	-1783.373	25.142176	-1794.4128	-1778.9468	-1768.221
143	143	-2240.5951	-2202.9167	-2213.7118	37.678462	-2237.0878	-2209.786	-2198.4457
144	144	-3197.2897	-3167.346	-3178.7855	29.943752	-3194.0745	-3174.6282	-3163.2884
145	145	-2077.9293	-1966.4925	-1977.851	111.4368	-2075.0924	-1973.4366	-1962.0989
146	146	-2735.3411	-2720.368	-2731.9817	14.973079	-2732.0105	-2727.6036	-2716.2644
147	147	-3122.5429	-3098.8696	-3107.4112	23.673299	-3119.2897	-3102.9893	-3095.0043
148	148	-1978.5363	-1920.381	-1931.626	58.15522	-1974.9279	-1927.1895	-1915.8521
149	149	-1127.0335	-1000.3096	-1011.4089	126.72389	-1122.6341	-1006.5041	-995.16335
150	150	-2265.7551	-2159.5809	-2170.579	106.17417	-2263.0188	-2166.6329	-2155.2945
151	151	-1894.5569	-1812.3476	-1823.3351	82.209272	-1890.8785	-1819.1673	-1807.8284
152	152	-2297.8612	-2265.2717	-2275.9629	32.589514	-2294.3949	-2271.8202	-2261.0129
153	153	-2728.6472	-2638.9085	-2649.8682	89.738658	-2725.8272	-2646.3542	-2635.0162
154	154	-1498.0851	-1361.2867	-1372.8099	136.79843	-1494.5058	-1367.9461	-1356.6098
155	155	-3521.6039	-3466.1487	-3476.9035	55.455143	-3518.5811	-3473.3791	-3462.5266
156	156	-1209.8469	-1099.8947	-1111.3883	109.95213	-1205.8584	-1106.1794	-1094.84
157	157	-2640.6148	-2612.9703	-2624.4598	27.6445	-2637.2474	-2620.0533	-2608.7147
158	158	-2557.6964	-2527.5746	-2539.078	30.1218	-2554.271	-2534.5465	-2523.2082
159	159	-2421.5158	-2369.1835	-2380.6286	52.332281	-2418.0554	-2376.2332	-2364.8955
160	160	-2522.3921	-2499.581	-2510.7923	22.811193	-2518.941	-2506.4599	-2495.1215
161	161	-1866.7165	-1851.11	-1863.3383	15.606521	-1863.0588	-1858.6015	-1847.2635
162	162	-1711.9667	-1628.306	-1639.9101	83.660702	-1708.2515	-1635.1682	-1623.8271
163	163	-2819.6534	-2754.9672	-2766.4292	64.686254	-2816.2824	-2762.2255	-2750.8885
164	164	-2747.6482	-2724.1492	-2735.689	23.498961	-2744.3223	-2731.8346	-2720.4968
165	165	-2806.2751	-2744.6402	-2755.7577	61.634935	-2802.9396	-2751.8882	-2740.5494
166	166	-1317.872	-1257.8676	-1269.371	60.00443	-1313.9414	-1264.1727	-1252.8319
167	167	-1698.6052	-1684.1121	-1694.6715	14.493089	-1694.8746	-1690.1927	-1679.2852
168	168	-1477.8543	-1429.2371	-1440.6558	48.617184	-1474.0215	-1435.6741	-1424.3315
169	169	-2866.5278	-2729.3192	-2740.7328	137.20859	-2863.3762	-2736.7965	-2725.4591
170	170	-2289.1338	-2202.1167	-2213.6291	87.01709	-2285.6407	-2209.168	-2197.8297
171	171	-1573.4421	-1507.1368	-1518.661	66.305216	-1569.6328	-1514.3806	-1503.0408
172	172	-2380.7637	-2266.6485	-2277.6445	114.11516	-2377.1052	-2273.7919	-2262.4529
173	173	-2131.4946	-2076.1363	-2087.5913	55.358311	-2127.9323	-2083.0215	-2071.6824
174	174	-2871.1633	-2814.8805	-2825.9923	56.282796	-2867.8618	-2822.1719	-2810.8313
175	175	-1786.5883	-1708.8877	-1720.3994	77.700555	-1782.9077	-1715.6396	-1704.3006
176	176	-1832.8158	-1807.7024	-1819.0848	25.113357	-1829.1334	-1814.4445	-1803.1064
177	177	-1714.0238	-1607.4567	-1619.0007	106.56713	-1710.1542	-1614.2375	-1602.8987
178	178	-1622.8175	-1573.9073	-1585.0453	48.910181	-1619.0702	-1580.4691	-1569.1276
179	179	-2743.1825	-2724.9724	-2736.4477	18.210112	-2739.7881	-2731.993	-2720.6508
180	180	-1764.3845	-1703.3228	-1713.8512	61.061762	-1760.6845	-1709.5094	-1698.6633
181	181	-2613.116	-2560.2943	-2571.5231	52.821732	-2609.7259	-2567.4308	-2556.0914
182	182	-1766.9643	-1764.5767	-1775.1875	2.3875318	-1763.2943	-1773.5943	-1759.8125
183	183	-1498.4254	-1419.8768	-1430.5426	78.548542	-1494.6105	-1426.1676	-1415.0754
184	184	-2622.6975	-2595.902	-2606.3579	26.795465	-2619.3137	-2602.1136	-2591.8377
185	185	-3196.6474	-3162.4562	-3173.7043	34.191236	-3193.4259	-3169.7804	-3158.4382
186	186	-2894.791	-2882.0673	-2892.4437	12.723661	-2891.6067	-2889.6156	-2878.2769
187	187	-3103.6081	-3049.6313	-3060.6587	53.97673	-3100.3413	-3056.9314	-3045.5908
188	188	-3493.2454	-3480.2353	-3489.6703	13.010106	-3490.2228	-3487.5967	-3476.4298
189	189	-1946.0482	-1875.0683	-1886.2771	70.9799	-1942.6719	-1882.1025	-1870.7647
190	190	-1211.652	-1145.5214	-1157.0784	66.130661	-1207.6726	-1151.7877	-1140.4487
191	191	-2699.8645	-2682.2867	-2694.098	17.577854	-2696.5129	-2689.6874	-2678.3482
192	192	-2188.0441	-2100.8125	-2112.4435	87.231628	-2184.4698	-2107.7897	-2096.4542
193	193	-3803.8575	-3707.126	-3717.786	96.731484	-3800.7433	-3714.5841	-3703.4565
194	194	-1859.284	-1784.7108	-1795.8061	74.573272	-1855.65	-1791.819	-1780.4756
195	195	-1647.5755	-1506.9516	-1518.0525	140.62389	-1644.0396	-1513.7015	-1502.365
196	196	-2299.5518	-2226.7476	-2235.7353	72.804148	-2296.0606	-2231.7965	-2222.447
197	197	-2198.9672	-2109.9924	-2120.8122	88.974726	-2195.4407	-2116.9798	-2105.6416
198	198	-1860.5978	-1839.3369	-1850.0325	21.260939	-1856.9715	-1845.5973	-1834.6607
199	199	-1483.7181	-1440.711	-1451.689	43.007163	-1479.8732	-1447.1051	-1435.7672
200	200	-2233.1334	-2152.563	-2159.9067	80.570409	-2229.6074	-2155.8057	-2148.2328
201	201	-1492.6036	-1432.9289	-1442.8484	59.674743	-1488.7759	-1438.3938	-1428.0761
202	202	-3247.8698	-3155.4524	-3166.9871	92.417379	-3245.6123	-3162.9658	-3151.6265
203	203	-1657.9805	-1635.1512	-1644.289	22.829296	-1654.2207	-1641.1587	-1630.2336
204	204	-2736.8484	-2697.5975	-2707.0948	39.250966	-2733.6749	-2705.0774	-2693.79
205	205	-1889.8248	-1814.0412	-1824.6959	75.783607	-1886.1923	-1820.5954	-1809.5356
206	206	-1882.229	-1862.6561	-1874.1051	19.57292	-1878.5987	-1869.5602	-1858.2212
207	207	-2319.5349	-2241.4513	-2252.0293	78.083524	-2316.0653	-2248.0236	-2237.2955
208	208	-3750.3554	-3670.7021	-3682.3833	79.653273	-3747.1496	-3678.51	-3667.1716
209	209	-1881.966	-1787.0525	-1798.6268	94.913472	-1878.3273	-1794.0507	-1782.7121
210	210	-2571.7254	-2498.2845	-2507.8925	73.440902	-2568.5175	-2504.2416	-2494.123
211	211	-3256.8844	-3227.3288	-3237.2669	29.555685	-3253.9339	-3235.2254	-3223.8839
212	212	-3122.3676	-3058.275	-3069.4866	64.092674	-3119.2947	-3066.0417	-3054.7027
213	213	-2030.4767	-1916.3149	-1927.8645	114.16187	-2027.6876	-1923.3342	-1911.9964
214	214	-2999.4989	-2996.5366	-3009.0852	2.962298	-2996.2309	-3005.8897	-2993.1455
215	215	-2207.5042	-2158.8486	-2167.5048	48.655602	-2203.952	-2163.5394	-2154.4251
216	216	-2539.8687	-2477.4085	-2488.9521	62.460229	-2536.451	-2484.734	-2473.3943
217	217	-2506.6198	-2403.243	-2414.7384	103.37681	-2503.5356	-2410.4142	-2399.0752
218	218	-2230.7475	-2161.8902	-2170.7409	68.857353	-2227.2183	-2166.2016	-2157.5214
219	219	-2222.8215	-2083.7824	-2095.1796	139.03907	-2219.358	-2090.9384	-2079.6005
220	220	-2541.4093	-2487.3519	-2498.1666	54.057451	-2537.9995	-2494.4589	-2483.1194
221	221	-1769.7569	-1662.0547	-1673.6045	107.70219	-1766.182	-1669.3991	-1658.0623
222	222	-3007.9388	-2972.3611	-2984.1523	35.577705	-3004.6485	-2980.1238	-2968.7887
223	223	-3039.7995	-3024.8082	-3034.9906	14.991318	-3036.5205	-3033.1113	-3021.7724
224	224	-2338.1712	-2268.9635	-2280.3777	69.207646	-2334.6817	-2276.0118	-2264.6739
225	225	-2358.4352	-2228.9541	-2240.3835	129.48114	-2355.0097	-2236.5232	-2225.185
226	226	-2420.8915	-2323.7225	-2335.2367	97.168988	-2417.2933	-2330.881	-2319.5428
227	227	-1763.8348	-1728.3998	-1738.8522	35.435029	-1760.149	-1734.2889	-1723.6775
228	228	-2361.4886	-2346.6928	-2357.6527	14.795851	-2358.2049	-2352.9828	-2342.5261
229	229	-1365.0722	-1265.8213	-1277.1152	99.250834	-1361.156	-1272.8226	-1261.4875
230	230	-2436.8208	-2361.7898	-2373.3074	75.03097	-2433.372	-2369.3564	-2358.0182
231	231	-2949.3483	-2925.9409	-2937.1136	23.40739	-2946.2014	-2933.4088	-2922.0718
232	232	-2912.8059	-2818.5223	-2829.8566	94.2836	-2909.971	-2826.1573	-2814.8203
233	233	-3081.3583	-3068.2019	-3077.471	13.156407	-3078.3643	-3075.6193	-3064.4272
234	234	-1660.7474	-1564.626	-1576.0035	96.121366	-1656.9944	-1571.3017	-1559.9622
235	235	-1314.6595	-1269.9306	-1281.1494	44.728877	-1310.7556	-1276.2203	-1264.8817
236	236	-2570.2112	-2566.7911	-2577.165	3.4200624	-2566.8381	-2573.977	-2562.9213
237	237	-2970.2555	-2935.4651	-2946.3859	34.790372	-2966.9584	-2942.6386	-2931.2997
238	238	-1277.7594	-1188.1903	-1199.7584	89.569067	-1273.7993	-1194.5163	-1183.1774
239	239	-2052.3535	-1961.3614	-1972.8689	90.992083	-2048.7611	-1968.2677	-1956.9288
240	240	-1512.2847	-1455.7667	-1467.0745	56.517958	-1508.4711	-1462.2615	-1450.9219
241	241	-2554.258	-2504.2594	-2515.4481	49.998558	-2550.8661	-2511.3635	-2500.0238
242	242	-1393.4005	-1293.2559	-1304.769	100.14456	-1389.25	-1299.7557	-1288.4175
243	243	-1498.6515	-1389.0966	-1400.4056	109.55489	-1494.819	-1395.6558	-1384.3164
244	244	-2303.2293	-2176.501	-2187.6312	126.7283	-2300.198	-2183.6647	-2172.3258
245	245	-2684.4241	-2557.9446	-2568.2297	126.47958	-2681.3801	-2564.5623	-2553.9465
246	246	-2277.0275	-2234.8721	-2245.7755	42.155354	-2273.5189	-2241.7965	-2230.4535
247	247	-2405.0771	-2310.7651	-2322.2099	94.31202	-2402.1725	-2317.8836	-2306.5457
248	248	-2160.1049	-2058.9299	-2070.4392	101.175	-2156.7355	-2066.4069	-2055.0685
249	249	-1857.8497	-1796.8814	-1808.3431	60.96825	-1854.1995	-1803.6433	-1792.3045
250	250	-1603.4809	-1582.7323	-1594.2365	20.748592	-1599.6914	-1589.1904	-1577.8509
251	251	-1921.258	-1860.5682	-1872.2257	60.689824	-1917.6217	-1867.5183	-1856.18
252	252	-2465.5829	-2361.2111	-2372.4191	104.37184	-2462.8845	-2368.7083	-2357.3696
253	253	-1716.8139	-1678.0848	-1689.7254	38.729138	-1713.094	-1684.852	-1673.5138
254	254	-1672.124	-1599.9858	-1611.2913	72.138188	-1668.3683	-1606.5712	-1595.2323
255	255	-2647.7071	-2578.9907	-2588.931	68.716372	-2644.3302	-2584.8279	-2574.9888
256	256	-2273.8017	-2204.4842	-2213.8875	69.317475	-2270.3139	-2209.7355	-2200.1808
257	257	-2730.0788	-2645.3637	-2656.9244	84.715144	-2726.7321	-2652.6557	-2641.3182
258	258	-2487.6063	-2451.0845	-2462.6112	36.521797	-2484.1934	-2458.1154	-2446.7752
259	259	-2034.5288	-1941.8853	-1953.3465	92.643465	-2030.9711	-1948.8329	-1937.4941
260	260	-2380.7858	-2316.0753	-2325.1945	64.710487	-2377.3116	-2321.4767	-2311.7886
261	261	-2782.1527	-2778.4874	-2790.0699	3.6653367	-2778.9599	-2786.3026	-2774.9635
262	262	-2267.516	-2248.1169	-2257.4291	19.399104	-2264.0073	-2255.3127	-2244.1494
263	263	-2215.2864	-2187.0558	-2198.5486	28.230615	-2211.762	-2193.8985	-2182.5599
264	264	-2182.3673	-2092.4459	-2103.5961	89.921404	-2178.906	-2100.0507	-2088.7115
265	265	-2273.9083	-2238.2054	-2249.4179	35.702836	-2270.4067	-2245.431	-2234.092
266	266	-3636.5908	-3615.174	-3624.5175	21.416829	-3633.445	-3622.4784	-3611.1392
267	267	-1654.2781	-1626.4491	-1636.2131	27.82899	-1650.5602	-1631.4814	-1621.8192
268	268	-2259.6213	-2203.7086	-2215.1764	55.912679	-2256.1218	-2210.7405	-2199.4026
269	269	-2599.0359	-2553.7862	-2565.2096	45.249691	-2595.6509	-2560.8884	-2549.5503
270	270	-2325.6934	-2215.338	-2226.4507	110.35544	-2322.345	-2222.5427	-2211.2033
271	271	-2132.4935	-2004.2425	-2015.7913	128.25099	-2129.1855	-2011.3638	-2000.0264
272	272	-2669.0565	-2608.0016	-2619.5096	61.054866	-2665.8881	-2615.1911	-2603.8506
273	273	-2223.9809	-2179.1631	-2190.6063	44.817877	-2220.4652	-2186.0707	-2174.7318
274	274	-2226.5044	-2145.2528	-2156.9211	81.251562	-2222.9917	-2152.4466	-2141.1094
275	275	-1580.816	-1478.8447	-1489.7017	101.97131	-1577.0207	-1485.4742	-1474.1355
276	276	-1924.3413	-1844.6125	-1856.0985	79.728826	-1920.7143	-1851.4608	-1840.1213
277	277	-2584.4691	-2529.2656	-2540.7315	55.203466	-2581.0764	-2536.4053	-2525.0669
278	278	-2151.5271	-2067.4691	-2078.8412	84.057984	-2147.9835	-2074.4559	-2063.1133
279	279	-3162.0309	-3135.9077	-3145.8118	26.123223	-3158.8012	-3141.8313	-3132.5388
280	280	-2377.6439	-2269.2831	-2280.7443	108.36074	-2375.1132	-2276.4606	-2265.1226
281	281	-2118.344	-2017.8324	-2029.0762	100.51163	-2114.7971	-2024.8412	-2013.5025
282	282	-1686.6641	-1627.132	-1638.6762	59.532041	-1682.903	-1633.7889	-1622.4486
283	283	-2516.2386	-2403.8167	-2415.1842	112.42194	-2512.8146	-2411.0544	-2399.7169
284	284	-2155.1935	-2061.5224	-2072.7824	93.671136	-2151.6471	-2068.4863	-2057.1482
285	285	-2923.0307	-2826.9668	-2838.0626	96.06397	-2920.1285	-2834.2828	-2822.9446
286	286	-2511.2767	-2354.0379	-2365.474	157.23873	-2507.752	-2361.4007	-2350.0608
287	287	-2965.139	-2945.1514	-2956.2628	19.987556	-2961.8337	-2952.5553	-2941.2178
288	288	-2251.0229	-2187.3529	-2198.4241	63.669961	-2247.5118	-2194.3503	-2183.0117
289	289	-2086.805	-2025.8849	-2037.3419	60.920189	-2083.2012	-2032.7661	-2021.4268
290	290	-1629.266	-1528.4533	-1539.521	100.81269	-1625.5237	-1535.1478	-1523.8086
291	291	-1821.4648	-1703.6231	-1714.4099	117.84172	-1818.2224	-1710.4625	-1699.1237
292	292	-2166.3546	-2131.3636	-2142.4479	34.99105	-2162.8315	-2138.2334	-2126.8939
293	293	-2669.7706	-2650.031	-2661.6322	19.739599	-2666.389	-2657.0158	-2645.677
294	294	-2462.2475	-2441.626	-2453.1817	20.621513	-2458.8156	-2448.5406	-2437.2024
295	295	-3186.4928	-3171.3734	-3180.4344	15.119413	-3183.405	-3178.5112	-3167.6875
296	296	-2736.7724	-2650.8289	-2661.8396	85.943549	-2733.4921	-2658.1101	-2646.7723
297	297	-1479.5157	-1390.3366	-1401.0271	89.179101	-1475.6648	-1396.6184	-1385.5132
298	298	-2524.9808	-2502.2946	-2513.81	22.686222	-2521.5869	-2509.4802	-2498.1425
299	299	-2246.7335	-2179.7228	-2190.4505	67.010685	-2243.1845	-2186.6403	-2175.3796
300	300	-1832.3423	-1725.313	-1736.7213	107.02936	-1829.0654	-1732.17	-1720.832
301	301	-3165.3168	-3109.2068	-3119.8859	56.110023	-3162.0438	-3116.3107	-3105.1934
302	302	-2533.2338	-2434.0671	-2445.5491	99.166657	-2529.8896	-2441.2895	-2429.95
303	303	-2817.1191	-2741.1299	-2752.0772	75.989189	-2813.7906	-2748.432	-2737.0943
304	304	-2431.3507	-2409.6878	-2416.4034	21.662911	-2427.8777	-2413.7119	-2405.3965
305	305	-3127.0172	-3100.0007	-3110.0395	27.016497	-3123.9032	-3105.606	-3096.1223
306	306	-1499.1829	-1397.6637	-1409.2504	101.51921	-1495.7657	-1404.2702	-1392.9326
307	307	-1707.8149	-1634.8557	-1645.0892	72.959194	-1704.0843	-1640.555	-1630.195
308	308	-2805.9686	-2775.4701	-2787.0098	30.498477	-2802.6445	-2782.5836	-2771.2452
309	309	-2519.1693	-2463.1618	-2474.6475	56.007543	-2515.7752	-2470.3038	-2458.965
310	310	-3767.0876	-3762.4237	-3768.859	4.6639545	-3764.2821	-3766.0779	-3759.212
311	311	-2437.2872	-2373.3829	-2384.1119	63.904329	-2433.8505	-2380.3671	-2369.1474
312	312	-2405.3488	-2322.4611	-2333.9632	82.887789	-2401.9019	-2329.8661	-2318.5278
313	313	-2545.6659	-2499.5404	-2510.4787	46.125551	-2542.2399	-2506.6144	-2495.2719
314	314	-3613.8248	-3584.5983	-3596.076	29.22652	-3610.6929	-3592.036	-3580.6976
315	315	-1988.4232	-1930.9308	-1942.024	57.492482	-1984.7965	-1937.744	-1926.405
316	316	-2979.2269	-2902.5156	-2913.9539	76.711303	-2975.9285	-2909.8597	-2898.5222
317	317	-2227.5231	-2219.83	-2230.7758	7.6930363	-2223.9895	-2227.48	-2216.1609
318	318	-1791.2303	-1737.7023	-1747.872	53.527988	-1787.5565	-1743.3451	-1733.0957
319	319	-1592.6902	-1579.7647	-1581.3418	12.9255	-1588.9157	-1576.2482	-1563.7449
320	320	-2080.3723	-1994.3928	-2005.9846	85.979494	-2076.8063	-2001.3619	-1990.023
321	321	-3438.0975	-3375.4677	-3386.452	62.629814	-3434.9303	-3382.9751	-3371.6369
322	322	-1464.3976	-1359.9077	-1371.3815	104.48992	-1460.702	-1366.4558	-1355.1174
323	323	-2114.4194	-2043.2274	-2054.3718	71.192012	-2110.8556	-2050.1425	-2038.8024
324	324	-1701.8028	-1589.3067	-1600.8322	112.49618	-1698.269	-1596.0371	-1584.6978
325	325	-1537.7882	-1496.5405	-1508.0512	41.247734	-1533.9981	-1503.7783	-1492.4402
326	326	-3747.5745	-3713.0702	-3724.7534	34.50431	-3744.61	-3720.7703	-3709.4317
327	327	-1459.5907	nan	-1426.887	nan	-1455.7633	-1422.1674	-1410.1505
328	328	-2241.7738	-2228.8163	-2241.3967	12.957522	-2238.8584	-2236.9709	-2225.6315
329	329	-2433.7872	-2413.8512	-2425.5317	19.936031	-2430.3485	-2420.8979	-2409.5603
330	330	-1454.0649	-1371.9172	-1383.4233	82.147713	-1450.2252	-1378.448	-1367.1094
331	331	-1627.0707	-1497.4363	-1508.9395	129.63445	-1623.5446	-1504.1413	-1492.8021
332	332	-2602.953	-2525.6128	-2536.7688	77.34023	-2599.5589	-2532.7878	-2521.4494
333	333	-2984.3096	-2944.3943	-2955.476	39.915337	-2980.9982	-2951.5895	-2940.2501
334	334	-2493.9168	-2416.1158	-2425.9367	77.800974	-2490.4911	-2421.7527	-2411.9275
335	335	-2456.3596	-2345.645	-2357.1189	110.71458	-2453.1905	-2352.9127	-2341.5745
336	336	-1632.8947	-1562.8641	-1573.7783	70.030641	-1629.1382	-1569.4756	-1558.1331
337	337	-2244.9535	-2191.6917	-2202.9722	53.261862	-2241.4137	-2199.164	-2187.828
338	338	-2281.2209	-2213.1897	-2224.6976	68.031192	-2277.7034	-2220.2088	-2208.8717
339	339	-3152.4655	-3097.9093	-3109.1182	54.556257	-3149.8381	-3105.3026	-3093.9637
340	340	-1613.2971	-1501.502	-1513.0127	111.79514	-1609.1224	-1508.2202	-1496.8816
341	341	-3559.8481	-3513.3528	-3524.8797	46.495287	-3556.6976	-3520.8344	-3509.4964
342	342	-2956.2466	-2898.9554	-2909.9208	57.291196	-2952.944	-2906.2537	-2894.9166
343	343	-2689.0937	-2670.7518	-2682.6924	18.341968	-2685.9684	-2678.2868	-2666.9447
344	344	-2550.2372	-2508.3499	-2518.7945	41.88731	-2546.8484	-2515.4548	-2504.1183
345	345	-2750.0071	-2685.123	-2695.4336	64.884096	-2747.6505	-2691.687	-2680.9876
346	346	-2448.649	-2402.3619	-2411.8611	46.287099	-2445.1757	-2407.3617	-2397.9974
347	347	-3401.13	-3370.9256	-3381.7074	30.204435	-3397.9529	-3377.2082	-3366.9321
348	348	-2832.979	-2751.6116	-2763.1195	81.367398	-2829.6716	-2758.9609	-2747.6258
349	349	-2555.2152	-2517.8453	-2529.2792	37.369964	-2551.7581	-2524.8428	-2513.5037
350	350	-2436.4799	-2345.1651	-2356.7203	91.314831	-2433.3588	-2352.3361	-2340.9986
351	351	-3060.3729	-2972.2747	-2983.8696	88.09829	-3056.9755	-2979.9356	-2968.5956
352	352	-1638.7918	-1610.2222	-1621.7715	28.569645	-1635.0581	-1617.244	-1605.8969
353	353	-1359.5161	-1257.8483	-1269.3534	101.66777	-1355.6359	-1264.3104	-1252.9722
354	354	-2421.9369	-2415.3387	-2426.424	6.5982588	-2418.5029	-2423.845	-2412.4922
355	355	-2707.5259	-2644.9377	-2655.7863	62.588172	-2704.4949	-2652.7412	-2641.4034
356	356	-2574.806	-2565.76	-2575.4274	9.0459999	-2571.5358	-2572.9663	-2561.6219
357	357	-2698.3198	-2638.9742	-2650.528	59.345536	-2694.955	-2646.1797	-2634.842
358	358	-2008.9026	-1947.4015	-1958.7352	61.501097	-2005.2697	-1954.2635	-1942.9248
359	359	-2124.8739	-2023.6271	-2034.9552	101.24681	-2121.9229	-2030.669	-2019.3311
360	360	-3329.6043	-3323.9914	-3333.342	5.6129652	-3326.3956	-3330.845	-3320.1793
361	361	-2477.4805	-2444.3398	-2455.8116	33.14071	-2474.0449	-2451.3179	-2439.9795
362	362	-3940.9907	-3917.3909	-3926.2295	23.599752	-3938.0798	-3924.4444	-3914.2173
363	363	-1686.8306	-1611.4653	-1622.9595	75.365376	-1683.0957	-1618.1397	-1606.8031
364	364	-2308.8659	-2213.1848	-2223.8824	95.68108	-2305.3835	-2219.9676	-2208.9451
365	365	-1815.0026	-1747.2747	-1758.5652	67.72797	-1811.3239	-1754.0166	-1742.6752
366	366	-1370.7008	-1293.6619	-1305.1647	77.038875	-1366.81	-1300.0755	-1288.737
367	367	-2126.1623	-2019.5538	-2031.1251	106.60849	-2122.8528	-2026.5575	-2015.2194
368	368	-2881.6356	-2836.5669	-2847.6929	45.068704	-2878.5153	-2844.1895	-2832.8513
369	369	-2548.0306	-2496.183	-2507.665	51.84766	-2544.6222	-2503.2866	-2491.9475
370	370	-2184.5122	-2127.1567	-2138.6859	57.355535	-2180.9653	-2134.0764	-2122.7379
371	371	-2337.0016	-2283.8317	-2295.4042	53.169847	-2333.5081	-2290.9319	-2279.5931
372	372	-2170.9486	-2071.9277	-2082.4671	99.020898	-2167.4071	-2078.4957	-2067.6745
373	373	-3165.3622	-3131.4135	-3143.3103	33.948675	-3162.1291	-3139.3182	-3127.979
374	374	-1794.6155	-1679.7872	-1691.0567	114.82827	-1790.9217	-1686.5916	-1675.2539
375	375	-1141.7691	-1074.4179	-1084.7187	67.351241	-1137.7216	-1080.1376	-1069.2253
376	376	-2551.8613	-2474.889	-2486.356	76.972322	-2548.646	-2482.1242	-2470.7845
377	377	-2409.2613	-2305.3358	-2316.363	103.92554	-2406.1443	-2312.5567	-2301.2183
378	378	-2867.4069	-2850.5375	-2859.0567	16.869481	-2864.1078	-2858.4852	-2847.5216
379	379	-2399.0062	-2347.7964	-2359.1848	51.209808	-2395.5119	-2355.2642	-2343.9261
380	380	-2475.974	-2416.5839	-2427.9981	59.390154	-2472.5353	-2423.6642	-2412.3269
381	381	-2503.8574	-2427.1596	-2438.7043	76.697796	-2500.4189	-2434.298	-2422.9595
382	382	-3851.5337	-3767.7958	-3779.271	83.73793	-3848.7489	-3775.7066	-3764.368
383	383	-1578.2616	-1524.1205	-1534.2633	54.141093	-1574.4845	-1529.8645	-1519.315
384	384	-1575.5825	-1528.2189	-1539.7494	47.363536	-1571.7588	-1534.6751	-1523.3359
385	385	-1925.2393	-1800.622	-1811.6022	124.61724	-1921.6478	-1807.5728	-1796.234
386	386	-1462.7476	-1401.0737	-1411.9668	61.673842	-1458.9133	-1407.5343	-1396.1931
387	387	-1852.6852	-1830.252	-1842.3026	22.433252	-1849.0586	-1837.5227	-1826.185
388	388	-2570.0928	-2527.4411	-2539.039	42.651632	-2566.6612	-2534.518	-2523.1797
389	389	-1843.5835	-1701.8826	-1713.5077	141.70093	-1839.7943	-1708.9653	-1697.627
390	390	-1810.9489	-1729.351	-1740.8128	81.59788	-1807.2657	-1736.1113	-1724.7708
391	391	-1879.9775	-1799.6752	-1810.7155	80.302266	-1876.3193	-1806.4806	-1795.1427
392	392	-2890.441	-2834.9029	-2846.3697	55.538091	-2887.2352	-2842.4084	-2831.0695
393	393	-3027.9039	-2949.4515	-2960.5442	78.452458	-3024.6097	-2956.7881	-2945.4496
394	394	-1946.0061	-1871.1573	-1882.5328	74.848762	-1942.3688	-1877.9695	-1866.6321
395	395	-2343.3066	-2250.0395	-2261.6023	93.267176	-2339.8559	-2257.3469	-2246.0086
396	396	-2691.8818	-2591.4486	-2601.8357	100.43321	-2688.3873	-2598.7427	-2587.4042
397	397	-1881.9144	-1833.9217	-1845.1119	47.992638	-1878.2955	-1840.6968	-1829.3605
398	398	-1642.483	-1555.3129	-1566.805	87.170082	-1638.7369	-1561.9866	-1550.6485
399	399	-2083.5884	-1982.6059	-1993.4088	100.9825	-2079.982	-1989.5775	-1978.2383
400	400	-2499.3468	-2425.2709	-2436.8679	74.075888	-2495.8993	-2432.4166	-2421.0782
401	401	-1548.4941	-1477.8787	-1489.2588	70.61534	-1544.699	-1484.3998	-1473.0593
402	402	-2575.5419	-2513.1417	-2523.5669	62.400189	-2572.1222	-2520.0341	-2508.9394
403	403	-2586.5899	-2518.7251	-2530.2908	67.864811	-2583.1798	-2525.8642	-2514.5261
404	404	-2365.9889	-2281.635	-2293.1917	84.353894	-2362.6237	-2288.8056	-2277.4669
405	405	-2302.5415	-2247.9669	-2259.2634	54.574609	-2299.0263	-2254.9381	-2243.5985
406	406	-1983.7299	-1871.206	-1882.727	112.52397	-1981.0661	-1878.1568	-1866.8193
407	407	-2328.8821	-2256.3076	-2266.1279	72.574526	-2325.395	-2261.8618	-2252.0258
408	408	-2069.3597	-1963.1648	-1973.7512	106.19485	-2066.3529	-1969.7348	-1958.7893
409	409	-2038.0992	-1994.3651	-2005.135	43.734099	-2034.5058	-2000.3503	-1989.8307
410	410	-2374.0902	-2294.1805	-2305.8307	79.909705	-2370.6041	-2301.4397	-2290.1022
411	411	-4388.8605	-4333.8382	-4345.5599	55.022325	-4386.0643	-4342.4412	-4331.1019
412	412	-2133.1151	-2065.9633	-2077.0127	67.151737	-2129.588	-2072.9257	-2061.5866
413	413	-2073.5211	-2021.2423	-2031.9771	52.278879	-2069.9431	-2028.0458	-2016.751
414	414	-2604.1554	-2486.974	-2498.3946	117.18141	-2601.6474	-2494.3423	-2483.0056
415	415	-2928.6261	-2879.3113	-2889.3762	49.314808	-2925.3326	-2886.0619	-2875.3366
416	416	-2795.4272	-2731.4422	-2742.5191	63.985	-2792.1021	-2738.722	-2727.3842
417	417	-1843.5553	-1790.5984	-1801.9425	52.956886	-1839.8879	-1797.3174	-1785.9803
418	418	-2182.0983	-2107.0206	-2118.3839	75.077733	-2178.5749	-2114.0204	-2102.6814
419	419	-3018.8102	-2968.9769	-2979.161	49.833256	-3015.9199	-2975.3267	-2964.9267
420	420	-3019.9361	-3012.2057	-3022.2789	7.7303513	-3016.6465	-3020.1797	-3008.8402
421	421	-2699.2458	-2607.5383	-2618.4648	91.707516	-2696.4441	-2614.8435	-2603.505
422	422	-3389.4022	-3311.9749	-3323.2572	77.427265	-3386.223	-3319.5874	-3308.2483
423	423	-1921.1177	-1852.9581	-1864.4068	68.159636	-1917.4905	-1859.7724	-1848.4333
424	424	-1527.0963	-1441.2839	-1452.6743	85.812406	-1523.2867	-1447.8345	-1436.496
425	425	-2845.8094	-2766.5856	-2776.6109	79.223821	-2842.4419	-2772.7091	-2762.5339
426	426	-1951.876	-1859.203	-1870.7709	92.672986	-1948.2453	-1866.0667	-1854.7282
427	427	-1933.8252	-1902.0757	-1913.5884	31.749476	-1930.1991	-1908.8077	-1897.469
428	428	-1847.8418	-1791.302	-1802.5939	56.539818	-1844.1617	-1797.9429	-1786.6044
429	429	-1505.3055	-1413.6779	-1424.274	91.627541	-1501.4853	-1420.2254	-1408.8861
430	430	-1904.315	-1896.0099	-1906.1901	8.3051506	-1900.6956	-1903.4824	-1892.1419
431	431	-2446.0244	-2404.324	-2415.4176	41.700457	-2442.5808	-2411.3217	-2399.9829
432	432	-1963.098	-1904.262	-1915.5458	58.836	-1959.4755	-1911.0532	-1899.714
433	433	-2832.3706	-2826.8094	-2836.4054	5.5611801	-2829.0593	-2834.607	-2822.3232
434	434	-2622.2522	-2526.254	-2536.775	95.998179	-2619.3951	-2532.6759	-2522.3057
435	435	-2556.798	-2459.014	-2470.533	97.784022	-2553.6045	-2466.3197	-2454.9815
436	436	-1839.316	-1783.2086	-1794.1189	56.107392	-1835.6487	-1789.9051	-1778.5666
437	437	-1349.0576	-1280.6054	-1291.3027	68.452181	-1345.1538	-1286.7183	-1275.9259
438	438	-2879.3769	-2858.4895	-2869.9283	20.887371	-2876.0706	-2866.0455	-2854.7055
439	439	-3012.0078	-2983.9765	-2995.4529	28.031348	-3008.7315	-2991.1752	-2979.8366
440	440	-2119.5209	-2013.1017	-2022.1248	106.41919	-2116.0761	-2017.6238	-2008.7527
441	441	-3377.048	-3328.8192	-3339.6989	48.22878	-3373.8496	-3336.9995	-3325.6625
442	442	-3742.6605	-3727.5953	-3737.8696	15.065111	-3740.6951	-3735.6866	-3724.3422
443	443	-2785.4784	-2729.734	-2739.1539	55.744431	-2782.1232	-2737.4692	-2726.1307
444	444	-2779.9659	-2698.151	-2707.6186	81.814898	-2776.9372	-2703.9446	-2694.14
445	445	-3170.9308	-3109.349	-3118.0729	61.581797	-3167.6909	-3114.19	-3105.4122
446	446	-1859.3168	-1755.1016	-1765.796	104.21523	-1856.1268	-1761.6919	-1750.6533
447	447	-2187.2038	-2142.0293	-2152.9889	45.174455	-2183.6893	-2148.9653	-2137.6216
448	448	-1653.9434	-1613.4697	-1624.7325	40.47377	-1650.2335	-1620.5004	-1609.1626
449	449	-3959.0938	-3924.3149	-3935.776	34.778965	-3956.2508	-3932.2053	-3920.8648
450	450	-2791.2123	-2714.3635	-2725.7472	76.848739	-2788.3411	-2721.8501	-2710.5099
451	451	-2660.8759	-2572.4453	-2583.9836	88.430593	-2658.0675	-2579.8388	-2568.4996
452	452	-3007.8749	-2996.1372	-3005.2615	11.737706	-3004.5844	-3003.1243	-2992.0059
453	453	-1996.5401	-1898.5836	-1910.2209	97.956513	-1993.2995	-1905.507	-1894.1681
454	454	-2431.7206	-2398.622	-2409.7753	33.098586	-2428.263	-2405.5774	-2394.2367
455	455	-3212.8653	-3185.4893	-3194.8488	27.376008	-3209.6291	-3191.0347	-3181.3818
456	456	-2954.316	-2898.6839	-2910.1097	55.632068	-2951.0309	-2906.1399	-2894.8012
457	457	-2883.5446	-2834.8205	-2846.3997	48.724115	-2880.2089	-2842.1097	-2830.7674
458	458	-2446.0958	-2357.5448	-2368.1491	88.551028	-2442.6345	-2364.6804	-2353.3425
459	459	-2478.3277	-2474.7845	-2486.4606	3.5431181	-2474.9162	-2481.5211	-2470.3795
460	460	-3461.2071	-3374.9963	-3385.8401	86.210809	-3458.0121	-3382.5221	-3371.1832
461	461	-2172.5226	-2055.0949	-2066.0627	117.42774	-2169.1568	-2062.1944	-2050.8557
462	462	-2225.3334	-2194.4521	-2206.1309	30.881345	-2221.8176	-2201.4742	-2190.1342
463	463	-1841.0495	-1764.4347	-1773.2505	76.614703	-1837.3886	-1768.4858	-1759.8721
464	464	-2977.6823	-2875.5579	-2887.0519	102.12437	-2974.7389	-2883.0228	-2871.6827
465	465	-2854.9413	-2778.3261	-2789.5696	76.615201	-2851.9628	-2785.9635	-2774.6229
466	466	-2207.7226	-2163.253	-2174.926	44.46956	-2204.2088	-2170.2848	-2158.9467
467	467	-2021.0719	-1987.4519	-1996.7285	33.619981	-2017.6518	-1995.0055	-1983.8192
468	468	-2337.8398	-2264.0303	-2275.4981	73.809505	-2334.3734	-2271.114	-2259.7763
469	469	-2130.5965	-2060.1623	-2071.6244	70.434246	-2127.1816	-2067.7622	-2056.4235
470	470	-2869.0362	-2836.9821	-2847.542	32.054045	-2865.7099	-2843.745	-2832.8064
471	471	-2678.7887	-2578.484	-2589.2188	100.3047	-2675.6358	-2585.6963	-2574.5104
472	472	-1521.23	nan	nan	nan	-1517.4355	-1506.0795	-1494.8872
473	473	-2909.4403	-2824.954	-2835.7587	84.486288	-2906.0422	-2832.2732	-2820.9345
474	474	-2302.5699	-2223.3143	-2234.8463	79.255542	-2299.0794	-2230.4014	-2219.064
475	475	-1614.2292	-1546.562	-1557.9128	67.667219	-1610.468	-1553.1737	-1541.8353
476	476	-2950.083	-2900.7396	-2911.7724	49.343369	-2946.7487	-2908.0065	-2896.6661
477	477	-1957.3936	-1897.9887	-1908.9983	59.404824	-1953.7833	-1904.806	-1893.4681
478	478	-1521.7717	-1374.835	-1386.1888	146.93669	-1517.9599	-1381.5248	-1370.1854
479	479	-1723.9905	-1657.4546	-1668.9051	66.535963	-1720.2836	-1664.1239	-1652.7822
480	480	-1791.8141	-1693.7187	-1704.7437	98.09542	-1788.1372	-1700.509	-1689.1699
481	481	-2470.6632	-2384.3392	-2395.4884	86.323994	-2467.2182	-2391.446	-2380.1075
482	482	-2492.2547	-2416.5135	-2428.0186	75.741282	-2489.1024	-2423.8273	-2412.4892
483	483	-2580.9167	-2547.0121	-2558.445	33.904629	-2577.5179	-2554.7304	-2543.3925
484	484	-2428.3506	-2382.8336	-2394.0635	45.516985	-2424.9084	-2389.8614	-2378.5236
485	485	-3549.4969	-3510.9181	-3522.6972	38.578838	-3546.3376	-3518.6226	-3507.2835
486	486	-2312.5546	-2252.5253	-2260.1432	60.029317	-2309.2269	-2258.4371	-2248.7354
487	487	-3801.8379	-3790.9561	-3802.136	10.881838	-3798.9139	-3799.4023	-3788.0669
488	488	-2715.0052	-2604.8286	-2615.7763	110.17664	-2712.0974	-2612.2603	-2600.9206
489	489	-1686.854	-1622.681	-1632.0556	64.172985	-1683.1062	-1627.2923	-1618.1368
490	490	-2399.2014	-2313.3677	-2324.5605	85.833788	-2395.7381	-2320.4446	-2309.1062
491	491	-1447.1487	-1411.328	-1422.6238	35.820744	-1443.3006	-1417.7039	-1406.3654
492	492	-2561.1055	-2542.2774	-2553.7079	18.828092	-2557.6851	-2549.2105	-2537.8676
493	493	-3079.0221	-3020.2991	-3031.1506	58.72299	-3075.7077	-3027.4626	-3016.3072
494	494	-2721.3726	-2703.8296	-2715.3874	17.543032	-2718.0161	-2710.8531	-2699.5157
495	495	-2503.0099	-2453.0463	-2464.2519	49.963623	-2499.5992	-2460.1475	-2448.8077
496	496	-1881.3339	-1830.3107	-1840.9237	51.023238	-1877.6945	-1836.5382	-1825.7222
497	497	-2227.04	-2190.8523	-2199.7179	36.187722	-2223.5322	-2195.717	-2187.1549
498	498	-2107.2701	-2027.6159	-2038.2784	79.654162	-2103.7113	-2034.3317	-2023.2329
499	499	-2431.082	-2322.6004	-2333.7632	108.48156	-2428.2837	-2329.9941	-2318.6567
