No.	ID	loglik_NUll	loglik_RES	loglik_all	log_ratio	loglik_Max1	loglik_Max2	loglik_Max3
0	0	-2518.0374	-2518.7445	-2478.7817	-0.70706949	-2515.0922	-2473.9504	-2516.2475
1	1	-3182.2921	-3183.21	-3149.6589	-0.91791712	-3179.1629	-3147.6877	-3180.3192
2	2	-2028.1194	-2028.6645	-1976.2333	-0.54515701	-2024.674	-1970.804	-2025.8294
3	3	-3058.1003	-3058.3433	-2996.5046	-0.24301749	-3054.9034	-2992.6038	-3055.9348
4	4	-3241.1603	-3242.0103	-3187.6161	-0.8499884	-3237.9436	-3185.6439	-3239.0989
5	5	-2744.8255	-2745.5174	-2691.0666	-0.69192952	-2741.3169	-2686.6366	-2742.4719
6	6	-1843.8272	-1843.2299	-1784.7009	0.5973067	-1840.3947	-1779.7103	-1839.3213
7	7	-2071.6864	-2072.4039	-2009.2782	-0.71750973	-2068.0401	-2004.2676	-2069.1954
8	8	-4570.3369	-4570.667	-4549.3154	-0.33010448	-4570.0057	-4546.3609	-4569.9719
9	9	-2289.7283	-2289.1547	-2233.4149	0.57358182	-2286.447	-2229.212	-2286.4291
10	10	-2461.4263	-2462.147	-2394.2482	-0.72072399	-2457.8099	-2389.4296	-2458.9654
11	11	-3374.3406	-3375.3998	-3325.6371	-1.0592222	-3371.4162	-3321.1506	-3372.5712
12	12	-2659.5458	-2660.2465	-2617.7294	-0.70076054	-2655.9717	-2613.362	-2657.1266
13	13	-2754.2973	-2754.966	-2703.995	-0.66869549	-2751.1339	-2699.2178	-2752.2889
14	14	-2097.8719	-2098.5882	-2045.1092	-0.71627419	-2094.1277	-2039.9992	-2095.2829
15	15	-2238.8383	-2240.1739	-2192.1161	-1.3355476	-2236.2918	-2187.5084	-2236.9255
16	16	-2451.0252	-2451.7666	-2407.0265	-0.74140229	-2447.9231	-2402.6959	-2449.078
17	17	-2252.4561	-2250.4111	-2198.1672	2.0449581	-2248.7216	-2193.2419	-2246.5345
18	18	-2122.282	-2122.9833	-2039.1909	-0.70137087	-2118.7113	-2034.606	-2119.8664
19	19	-1877.8438	-1878.4832	-1786.8675	-0.63938129	-1873.7487	-1781.9346	-1874.9036
20	20	-1781.7474	-1782.4532	-1720.4907	-0.70587142	-1778.5906	-1715.3639	-1779.7466
21	21	-2790.2888	-2790.815	-2717.4625	-0.52618985	-2786.7467	-2713.5537	-2787.9018
22	22	-2725.3028	-2725.9963	-2680.578	-0.69354546	-2722.3856	-2676.0286	-2723.5407
23	23	-2311.8803	-2312.6093	-2273.0285	-0.72899989	-2309.0674	-2268.3954	-2310.2225
24	24	-2671.9163	-2671.0562	-2620.6051	0.86010748	-2668.6181	-2616.2454	-2667.4628
25	25	-2505.3927	-2506.1183	-2469.5992	-0.72569283	-2502.9968	-2464.6883	-2504.1534
26	26	-2456.0465	-2456.7484	-2413.6696	-0.70189409	-2453.0177	-2408.8824	-2454.1727
27	27	-1665.5265	-1666.2298	-1586.5926	-0.70326361	-1661.371	-1581.798	-1662.526
28	28	-2023.8038	-2024.5428	-1953.5561	-0.73904286	-2019.9161	-1948.8838	-2021.0713
29	29	-2082.6995	-2083.2387	-2039.6694	-0.53924135	-2078.9438	-2034.535	-2080.099
30	30	-3031.9966	-3032.7024	-2980.5155	-0.70576623	-3029.2085	-2976.4277	-3030.3636
31	31	-1522.7862	-1523.4462	-1463.9137	-0.65994698	-1518.6132	-1458.5188	-1519.7682
32	32	-2909.6491	-2910.2841	-2847.0108	-0.6349554	-2906.1155	-2842.8925	-2907.2704
33	33	-2461.4574	-2462.168	-2396.8039	-0.71056564	-2457.9341	-2393.0264	-2459.0897
34	34	-2115.1683	-2115.8633	-2022.2109	-0.69492714	-2111.354	-2017.7087	-2112.5089
35	35	-2171.1986	-2171.8056	-2105.1338	-0.60703209	-2167.4887	-2100.3338	-2168.6436
36	36	-2048.2547	-2048.9735	-1988.9333	-0.71877899	-2044.4652	-1984.1868	-2045.6204
37	37	-2165.0059	-2164.7032	-2102.5923	0.30268845	-2161.8023	-2097.8046	-2161.8152
38	38	-2105.9858	-2106.8886	-2048.4241	-0.90278848	-2102.6606	-2043.8709	-2103.8165
39	39	-1963.1089	-1963.798	-1930.244	-0.68901018	-1959.3622	-1925.3212	-1960.5173
40	40	-2472.1494	-2472.9025	-2402.1201	-0.75308897	-2468.6885	-2397.4124	-2469.8436
41	41	-2121.2863	-2121.4768	-2070.2414	-0.19047346	-2118.446	-2065.3559	-2117.6849
42	42	-1571.4492	-1572.1623	-1507.6577	-0.71319071	-1567.3682	-1502.5397	-1568.5231
43	43	-2063.0403	-2063.7518	-2034.6547	-0.71149444	-2059.5901	-2029.2312	-2060.745
44	44	-2055.8074	-2056.518	-1972.621	-0.71064903	-2051.9333	-1967.632	-2053.0882
45	45	-2653.5092	-2654.2337	-2607.6214	-0.72444508	-2650.0507	-2603.5345	-2651.2062
46	46	-2798.2391	-2798.9505	-2747.5357	-0.71143998	-2794.7237	-2742.7573	-2795.8794
47	47	-2670.1074	-2670.7797	-2626.652	-0.67223648	-2666.8421	-2622.5974	-2667.9971
48	48	-2578.368	-2573.8507	-2553.6709	4.5173527	-2574.963	-2548.6501	-2569.2667
49	49	-2274.0275	-2274.7287	-2202.5249	-0.7012065	-2270.4913	-2198.0254	-2271.6471
50	50	-2376.1033	-2376.82	-2316.9929	-0.71667883	-2372.4215	-2312.9115	-2373.5765
51	51	-3102.1931	-3101.2413	-3066.3918	0.9518515	-3099.5206	-3061.5898	-3100.676
52	52	-2339.7224	-2340.406	-2296.1638	-0.68367602	-2336.0797	-2291.8204	-2337.2347
53	53	-3039.2456	-3039.8882	-3016.1928	-0.64263029	-3036.3297	-3012.0224	-3037.4852
54	54	-2512.9567	-2513.6645	-2476.3188	-0.70775536	-2509.8162	-2471.7545	-2510.9718
55	55	-2376.7322	-2375.5581	-2254.6861	1.1740265	-2373.0347	-2249.9011	-2370.5915
56	56	-2596.139	-2595.1039	-2547.8656	1.0350286	-2593.0001	-2543.4937	-2592.0006
57	57	-2364.553	-2365.2426	-2302.1093	-0.68959246	-2360.8182	-2298.2426	-2361.9731
58	58	-1730.8909	-1731.2612	-1664.1111	-0.37021533	-1726.8437	-1659.5777	-1727.9986
59	59	-2473.8053	-2474.3341	-2437.5034	-0.52882565	-2470.2289	-2432.5519	-2471.3839
60	60	-2512.9292	-2512.7104	-2484.726	0.21880953	-2509.8309	-2480.7578	-2510.758
61	61	-2388.659	-2389.3773	-2336.9057	-0.71833738	-2385.243	-2332.1522	-2386.3981
62	62	-2584.028	-2584.7359	-2518.7439	-0.70797265	-2580.4289	-2514.3365	-2581.5839
63	63	-2225.615	-2226.1187	-2185.4087	-0.50366762	-2222.1333	-2180.3795	-2223.2883
64	64	-2220.0052	-2220.7106	-2171.2717	-0.70536892	-2216.2897	-2166.2851	-2217.4447
65	65	-3156.7559	-3156.9498	-3080.0689	-0.19388011	-3153.7366	-3076.0298	-3153.1664
66	66	-2388.5253	-2389.3558	-2334.7229	-0.83045648	-2385.1754	-2330.1626	-2386.3303
67	67	-3019.7326	-3020.4622	-2930.9676	-0.72958504	-3016.2391	-2926.4562	-3017.394
68	68	-3253.6752	-3247.6724	-3218.8182	6.0028477	-3250.7713	-3214.8085	-3244.5288
69	69	-2930.0528	-2929.9976	-2846.4672	0.055258474	-2926.4931	-2843.0157	-2927.442
70	70	-2219.2472	-2219.9475	-2162.6852	-0.70032845	-2215.5878	-2157.7499	-2216.7428
71	71	-2230.9554	-2231.6713	-2193.4811	-0.71587051	-2227.6085	-2188.3397	-2228.642
72	72	-1859.0646	-1859.7693	-1784.9983	-0.70463057	-1855.1318	-1779.9507	-1856.2873
73	73	-2973.3104	-2974.0402	-2928.678	-0.72978641	-2969.9163	-2924.0662	-2971.0712
74	74	-3837.3337	-3835.2587	-3808.2274	2.0750616	-3834.6126	-3803.796	-3832.4072
75	75	-2350.3677	-2351.0181	-2318.5982	-0.65038193	-2346.9111	-2313.6161	-2348.0672
76	76	-2999.0324	-2999.7167	-2960.995	-0.68425574	-2996.3209	-2957.1962	-2997.4776
77	77	-2939.7065	-2940.5727	-2896.5964	-0.86620434	-2936.4883	-2892.0989	-2937.6444
78	78	-2368.181	-2368.8738	-2305.2495	-0.69277554	-2364.7002	-2300.338	-2365.8556
79	79	-2532.9584	-2527.153	-2475.6535	5.8054553	-2529.3478	-2470.9348	-2523.6314
80	80	-3235.0849	-3235.7936	-3191.4594	-0.70870441	-3232.204	-3186.85	-3233.3595
81	81	-3793.2942	-3789.0991	-3771.3917	4.1950566	-3790.4796	-3766.8616	-3785.7348
82	82	-1729.1881	-1729.8842	-1647.5586	-0.69611032	-1725.0526	-1642.2847	-1726.2076
83	83	-2829.6247	-2830.3031	-2797.7283	-0.67846476	-2826.3927	-2793.3295	-2827.5476
84	84	-2977.2083	-2977.6214	-2938.6952	-0.41310392	-2974.2475	-2934.4639	-2975.4024
85	85	-2405.1214	-2402.7111	-2326.9073	2.4103087	-2401.3676	-2322.6263	-2398.5797
86	86	-2239.7909	-2239.8619	-2114.4775	-0.071002283	-2235.8702	-2109.6262	-2234.865
87	87	-2772.1573	-2772.0043	-2689.9837	0.15301074	-2768.7763	-2685.603	-2768.5832
88	88	-2307.1218	-2307.8294	-2260.6339	-0.70758413	-2304.1038	-2256.0345	-2305.2605
89	89	-2226.0853	-2226.7656	-2161.2838	-0.68029031	-2222.7651	-2156.3725	-2223.9221
90	90	-2511.5187	-2512.29	-2450.2669	-0.77135688	-2507.8548	-2445.6855	-2509.0098
91	91	-3074.8277	-3075.5345	-3044.4836	-0.70682178	-3072.1362	-3040.2775	-3073.293
92	92	-2179.6213	-2180.2871	-2115.0386	-0.66576705	-2176.3677	-2110.2657	-2174.5943
93	93	-2378.7041	-2376.7341	-2342.5686	1.9699915	-2375.9901	-2337.5594	-2374.4383
94	94	-1728.7565	-1729.4643	-1678.657	-0.70782286	-1725.046	-1673.723	-1726.2017
95	95	-3364.0846	-3364.8033	-3329.8156	-0.71868348	-3361.2417	-3325.7624	-3362.3975
96	96	-2472.8057	-2473.545	-2438.2299	-0.73930044	-2469.8893	-2433.4005	-2471.0446
97	97	-2915.9928	-2916.5834	-2872.9902	-0.59058683	-2912.9958	-2868.2947	-2914.1512
98	98	-1972.6386	-1973.3248	-1910.1803	-0.68619443	-1968.8414	-1905.4565	-1969.9971
99	99	-2565.1427	-2565.0956	-2497.6579	0.04704301	-2561.6779	-2493.3652	-2562.3389
100	100	-1652.8288	-1653.5504	-1574.74	-0.72160839	-1648.6515	-1569.3963	-1649.8066
101	101	-2614.8587	-2614.2726	-2571.372	0.58615734	-2611.6462	-2567.2497	-2611.0295
102	102	-2495.7419	-2496.4472	-2431.8198	-0.70529584	-2492.1887	-2426.9774	-2493.3436
103	103	-2338.4742	-2330.2557	-2252.4766	8.2184816	-2334.9347	-2247.5376	-2326.9715
104	104	-1664.5477	-1665.2317	-1601.4802	-0.6840386	-1660.4354	-1596.1537	-1661.5903
105	105	-2098.4412	-2099.1295	-2036.4688	-0.68834045	-2094.8812	-2031.9659	-2096.0367
106	106	-2101.9499	-2102.6651	-2059.4582	-0.71517373	-2098.3438	-2054.4958	-2099.4987
107	107	-3298.4476	-3298.157	-3227.0127	0.29062801	-3295.2526	-3223.3557	-3295.7518
108	108	-2784.227	-2784.9072	-2680.2276	-0.68015132	-2780.627	-2675.5332	-2781.782
109	109	-2460.3577	-2461.1102	-2420.6487	-0.75254783	-2457.4551	-2415.5594	-2458.2379
110	110	-1627.6926	-1628.3872	-1578.4884	-0.69460399	-1623.6616	-1573.4077	-1624.8165
111	111	-2190.0692	-2190.7702	-2151.8498	-0.70105091	-2187.1085	-2146.7633	-2188.2642
112	112	-3286.8483	-3287.1234	-3228.4296	-0.27510254	-3283.5254	-3224.895	-3283.3577
113	113	-3694.4232	-3689.0386	-3664.8693	5.3846394	-3691.3227	-3660.3488	-3685.5658
114	114	-3378.7526	-3377.6111	-3349.4887	1.1415496	-3376.4638	-3344.8144	-3376.7828
115	115	-3449.0456	-3449.3611	-3367.9779	-0.31551993	-3446.1539	-3363.9057	-3446.0527
116	116	-3446.5393	-3447.2416	-3426.1061	-0.70227311	-3444.0756	-3421.5333	-3445.2309
117	117	-2940.2722	-2940.7718	-2901.2445	-0.49962557	-2937.3324	-2896.7685	-2938.4888
118	118	-2548.4754	-2549.1565	-2511.4571	-0.68109157	-2545.3209	-2506.8542	-2546.4777
119	119	-2004.1689	-2004.6836	-1942.5175	-0.51479102	-2000.338	-1937.8369	-2001.493
120	120	-1712.2674	-1712.9249	-1647.6738	-0.65753649	-1708.7193	-1642.67	-1709.8742
121	121	-2687.905	-2686.7207	-2644.5164	1.1843607	-2685.203	-2640.3429	-2686.0608
122	122	-1792.8311	-1793.5281	-1740.3628	-0.69695624	-1788.99	-1735.0025	-1790.1449
123	123	-1694.748	-1695.4422	-1642.2256	-0.69416493	-1690.8479	-1637.1044	-1692.0033
124	124	-1976.4365	-1977.1352	-1918.8125	-0.69869134	-1972.7344	-1914.3958	-1973.8897
125	125	-2099.2315	-2098.7098	-2048.5134	0.52173995	-2095.4707	-2044.1149	-2095.6425
126	126	-1734.4216	-1735.1276	-1669.2682	-0.70602934	-1730.4062	-1664.1538	-1731.5621
127	127	-3184.3105	-3176.4101	-3148.6692	7.900397	-3181.5834	-3144.5385	-3173.0051
128	128	-1716.7068	-1717.4195	-1673.2804	-0.7127572	-1713.449	-1668.2746	-1714.6044
129	129	-2640.1382	-2640.8384	-2595.5104	-0.70022281	-2636.8791	-2590.6566	-2638.0347
130	130	-2509.7104	-2510.4208	-2474.6637	-0.71038635	-2506.6972	-2470.0722	-2507.8525
131	131	-2571.7368	-2571.2051	-2484.8685	0.53171031	-2569.3587	-2480.3081	-2568.5951
132	132	-1916.9694	-1917.3524	-1825.3485	-0.3830538	-1912.9062	-1820.6733	-1914.0611
133	133	-1930.9148	-1931.6107	-1843.8389	-0.69591529	-1926.9692	-1838.9271	-1928.1246
134	134	-2450.1351	-2449.4271	-2411.0151	0.70795676	-2447.3695	-2405.9662	-2445.6456
135	135	-1618.0494	-1618.7865	-1529.0571	-0.73702422	-1613.9663	-1523.6991	-1615.1213
136	136	-2186.8156	-2178.5403	-2153.5359	8.2753191	-2183.2927	-2150.1751	-2175.3596
137	137	-2185.0315	-2185.7222	-2112.6655	-0.69076854	-2181.5667	-2107.7286	-2182.7217
138	138	-2189.2292	-2189.9825	-2116.0348	-0.7532807	-2185.3791	-2111.2681	-2186.5348
139	139	-2067.6307	-2068.3344	-2017.9929	-0.70368519	-2064.1712	-2013.0612	-2065.3261
140	140	-3360.5329	-3361.2314	-3339.6026	-0.69848447	-3357.8375	-3334.9985	-3358.9976
141	141	-1966.0798	-1966.7722	-1890.4401	-0.69237308	-1962.5252	-1885.3587	-1963.6802
142	142	-2043.0819	-2043.7897	-2010.4886	-0.70775165	-2039.6537	-2005.7658	-2040.8091
143	143	-2118.2701	-2118.8198	-2085.6501	-0.54969827	-2114.7617	-2080.4578	-2115.9169
144	144	-3264.1673	-3264.8963	-3218.4093	-0.72905594	-3261.1685	-3214.3544	-3262.3238
145	145	-2131.0709	-2131.7963	-2069.1592	-0.72542625	-2127.628	-2064.2178	-2128.7832
146	146	-2741.3208	-2741.9717	-2705.9113	-0.65096236	-2738.3898	-2702.7957	-2739.5466
147	147	-3234.7419	-3235.5238	-3214.1503	-0.78188636	-3231.9919	-3210.0316	-3233.1501
148	148	-2172.9578	-2173.6642	-2132.3087	-0.70638904	-2170.276	-2127.1518	-2171.4337
149	149	-1233.2416	-1233.9515	-1156.4833	-0.70995119	-1228.618	-1150.64	-1229.7731
150	150	-2345.3616	-2346.0809	-2297.3955	-0.71923439	-2341.7016	-2292.4642	-2342.8568
151	151	-1990.9502	-1991.4418	-1943.0969	-0.49160571	-1987.1138	-1938.2581	-1988.2694
152	152	-2377.0909	-2375.863	-2358.8517	1.2279117	-2373.637	-2355.0557	-2371.9192
153	153	-3125.1661	-3125.1761	-3058.2816	-0.010033585	-3122.3081	-3054.061	-3122.6555
154	154	-2029.9997	-2030.7223	-1895.6539	-0.7225767	-2025.8582	-1890.6212	-2027.0131
155	155	-3798.2545	-3798.9608	-3751.2985	-0.70629436	-3795.0486	-3747.2532	-3796.1478
156	156	-1521.9137	-1522.6392	-1438.3368	-0.72547758	-1517.6898	-1433.4905	-1518.8447
157	157	-2896.0861	-2896.7816	-2842.5243	-0.69546938	-2892.7163	-2838.1902	-2893.8712
158	158	-2911.3929	-2912.4995	-2871.8433	-1.1065308	-2908.3605	-2868.0122	-2909.5169
159	159	-2627.6655	-2628.4042	-2584.9647	-0.73865482	-2624.3155	-2580.0984	-2625.4712
160	160	-2591.6672	-2591.9344	-2560.619	-0.26724216	-2588.2967	-2556.4522	-2589.2743
161	161	-2221.2145	-2221.9407	-2175.6372	-0.72620545	-2217.8807	-2171.1113	-2219.0359
162	162	-2066.3785	-2067.0873	-1990.8131	-0.70886418	-2062.5198	-1985.8693	-2063.6747
163	163	-2938.4533	-2939.1486	-2893.3904	-0.695272	-2935.3152	-2889.0853	-2936.4707
164	164	-2802.7191	-2803.4179	-2774.8686	-0.69882771	-2799.2941	-2769.9213	-2800.449
165	165	-3102.6737	-3100.859	-3055.4567	1.8147116	-3099.3359	-3051.4309	-3100.4953
166	166	-1432.616	-1433.3377	-1368.0792	-0.72165725	-1428.5459	-1362.4157	-1429.7013
167	167	-2134.1494	-2134.6682	-2087.2006	-0.51879777	-2130.8294	-2082.1079	-2131.9844
168	168	-1753.0449	-1753.7384	-1697.8579	-0.6934502	-1749.0655	-1692.6961	-1750.2211
169	169	-3075.3158	-3069.9993	-2942.527	5.3165271	-3071.8248	-2938.187	-3066.8064
170	170	-2558.8829	-2559.7378	-2496.7259	-0.85492548	-2555.4756	-2491.9836	-2556.6315
171	171	-1809.7438	-1810.4284	-1755.0576	-0.68455502	-1805.9555	-1750.0403	-1807.1105
172	172	-2421.3579	-2422.0599	-2345.8156	-0.70194534	-2417.7068	-2341.0141	-2418.8625
173	173	-2299.0021	-2299.757	-2242.1067	-0.75490148	-2295.3208	-2237.5138	-2296.4758
174	174	-3012.794	-3012.7046	-2973.0215	0.089387713	-3010.2466	-2968.9821	-3009.9775
175	175	-1943.6632	-1944.3466	-1879.9628	-0.68345796	-1940.1833	-1875.3617	-1941.3382
176	176	-2298.6347	-2298.2169	-2254.6915	0.41773364	-2295.1945	-2250.1361	-2294.9349
177	177	-1934.9387	-1935.6361	-1856.4589	-0.6974282	-1930.9517	-1851.4087	-1932.1067
178	178	-1791.276	-1791.9486	-1743.2841	-0.67260948	-1787.3678	-1738.0314	-1788.5234
179	179	-2932.3939	-2931.6439	-2899.9231	0.75003037	-2929.8058	-2896.0067	-2928.6204
180	180	-1933.8298	-1934.2926	-1872.7075	-0.46280532	-1930.18	-1868.0705	-1931.335
181	181	-2704.0036	-2704.7817	-2670.8884	-0.77805787	-2701.0642	-2665.9366	-2702.2204
182	182	-2059.1492	-2054.8356	-2014.6228	4.3135951	-2055.7016	-2009.8644	-2050.5638
183	183	-1675.5155	-1675.6508	-1612.3292	-0.13529191	-1671.5513	-1607.0568	-1672.5764
184	184	-2719.4872	-2720.1862	-2659.2513	-0.69896542	-2716.4598	-2654.5063	-2717.615
185	185	-3416.2607	-3415.1895	-3383.2807	1.0712805	-3414.2129	-3378.9221	-3413.0509
186	186	-3263.007	-3258.2578	-3234.3949	4.7492402	-3260.2483	-3231.7021	-3254.7978
187	187	-3517.5342	-3518.1762	-3462.6892	-0.64198859	-3514.4192	-3458.1796	-3515.575
188	188	-3663.1406	-3663.8547	-3631.9705	-0.71406825	-3660.4574	-3627.4615	-3661.6124
189	189	-2220.8095	-2221.5043	-2166.4592	-0.6948819	-2217.1023	-2162.1346	-2218.2573
190	190	-1441.1886	-1441.8994	-1366.8787	-0.71079797	-1437.0397	-1361.9106	-1438.1946
191	191	-2748.5915	-2741.1146	-2718.7789	7.4768687	-2745.7854	-2714.4717	-2737.7274
192	192	-2412.3987	-2412.9425	-2342.2323	-0.5437365	-2408.7255	-2337.8806	-2409.8805
193	193	-3951.0382	-3936.7439	-3853.2851	14.29427	-3948.0081	-3849.4601	-3933.703
194	194	-1983.5722	-1984.2543	-1938.9206	-0.68209119	-1980.3263	-1933.6905	-1981.4814
195	195	-2207.941	-2208.6504	-2071.7496	-0.70942983	-2203.9788	-2066.9213	-2205.1337
196	196	-2618.7912	-2619.504	-2538.8477	-0.71282488	-2615.5643	-2534.6317	-2616.7198
197	197	-2807.5858	-2808.4024	-2698.8496	-0.81663689	-2804.1129	-2694.2946	-2805.2681
198	198	-2144.9729	-2129.9951	-2110.2644	14.97777	-2141.4237	-2105.5938	-2126.0709
199	199	-1608.7885	-1608.558	-1566.1525	0.23052159	-1605.4483	-1560.6285	-1605.2086
200	200	-2490.9987	-2488.3216	-2424.7804	2.6771085	-2487.4897	-2420.1627	-2484.1529
201	201	-1748.5945	-1747.7211	-1683.6059	0.87340941	-1744.6998	-1678.7543	-1743.9932
202	202	-3447.9827	-3448.4382	-3388.6304	-0.45552031	-3445.0456	-3384.8773	-3445.8042
203	203	-1835.3914	-1836.0479	-1787.2869	-0.65650725	-1831.6914	-1781.8617	-1832.8463
204	204	-3106.4474	-3107.1462	-3070.184	-0.69885709	-3103.0901	-3067.7588	-3104.2457
205	205	-2139.6512	-2140.3418	-2081.0206	-0.69057365	-2135.9178	-2075.9766	-2137.0727
206	206	-2081.274	-2081.6123	-2043.7986	-0.33829391	-2078.4164	-2038.6883	-2078.2289
207	207	-2701.1853	-2701.9089	-2637.9368	-0.72351747	-2697.9842	-2633.4855	-2699.1406
208	208	-4039.786	-4034.6981	-3978.711	5.0879656	-4036.9195	-3975.0098	-4031.5177
209	209	-1989.8278	-1990.5533	-1932.7814	-0.72547002	-1986.014	-1928.2014	-1987.1694
210	210	-2918.4277	-2919.1922	-2835.2179	-0.76444377	-2915.6801	-2831.7242	-2916.8354
211	211	-3533.411	-3524.9257	-3499.4957	8.4852953	-3530.114	-3494.984	-3521.5486
212	212	-3386.8117	-3387.5036	-3339.8658	-0.69198471	-3384.2496	-3335.6116	-3385.4044
213	213	-2373.6229	-2374.3269	-2298.6366	-0.70401356	-2370.1233	-2294.6809	-2371.2784
214	214	-3133.2485	-3133.9596	-3133.9676	-0.71113277	-3130.0061	-3128.9969	-3131.161
215	215	-2413.232	-2413.3021	-2372.3232	-0.070114825	-2409.803	-2367.7988	-2410.5792
216	216	-3041.3768	-3042.1	-2987.4011	-0.72314237	-3038.3982	-2983.2627	-3039.5532
217	217	-2539.7309	-2540.4442	-2468.7788	-0.71329379	-2536.2044	-2463.9275	-2537.3594
218	218	-2326.4649	-2327.1323	-2275.9444	-0.66736107	-2322.7638	-2271.0443	-2323.9192
219	219	-2438.1407	-2438.8577	-2319.6718	-0.71702896	-2434.5562	-2314.904	-2435.7113
220	220	-2469.6365	-2470.0639	-2428.7432	-0.427361	-2466.0902	-2424.2868	-2467.2452
221	221	-2102.0173	-2102.7248	-2025.0357	-0.70752164	-2098.1475	-2020.0778	-2099.3032
222	222	-2967.9964	-2969.1362	-2931.6022	-1.1397888	-2965.6427	-2926.894	-2966.7981
223	223	-3222.9109	-3223.3119	-3211.3546	-0.40102224	-3219.6804	-3207.7782	-3220.8368
224	224	-2544.198	-2544.9059	-2495.8104	-0.70783202	-2540.6935	-2491.0763	-2541.8485
225	225	-2532.3881	-2529.0157	-2415.1996	3.3723833	-2528.6091	-2410.5782	-2525.5431
226	226	-2499.3411	-2499.9903	-2424.6658	-0.64920575	-2495.5728	-2419.94	-2496.7277
227	227	-1872.2913	-1873.1675	-1818.5309	-0.87619473	-1868.8185	-1813.6932	-1869.9735
228	228	-2602.2996	-2603.1877	-2570.0471	-0.88810732	-2599.3115	-2565.0103	-2599.4215
229	229	-1638.4563	-1638.7749	-1561.5576	-0.31862646	-1634.2661	-1557.0517	-1635.4213
230	230	-2251.5075	-2252.1875	-2203.6094	-0.67996936	-2247.7818	-2198.5517	-2248.9368
231	231	-3208.6479	-3207.592	-3164.1454	1.0559183	-3205.443	-3159.7604	-3204.447
232	232	-3203.6709	-3204.2953	-3132.6276	-0.62433381	-3200.4115	-3128.4611	-3201.5665
233	233	-3257.0041	-3241.0295	-3232.2032	15.974547	-3253.7276	-3227.302	-3237.6518
234	234	-2010.6141	-2011.3326	-1937.1049	-0.71845659	-2007.0496	-1931.9971	-2008.2047
235	235	-1576.7399	-1577.0523	-1523.5297	-0.31238868	-1573.4873	-1517.9622	-1573.5503
236	236	-2618.6247	-2619.3235	-2612.1693	-0.69883412	-2615.2375	-2608.7362	-2616.3928
237	237	-3043.894	-3043.5027	-3013.1886	0.39131009	-3040.8776	-3008.5324	-3040.959
238	238	-1581.8755	-1582.1782	-1516.9248	-0.30271258	-1577.7397	-1512.0405	-1578.8954
239	239	-2323.8802	-2323.6111	-2246.863	0.26914353	-2320.287	-2242.5325	-2320.5593
240	240	-1859.5783	-1860.2598	-1809.2153	-0.68145833	-1855.5412	-1804.0195	-1856.6963
241	241	-2589.2928	-2590.0125	-2538.3838	-0.71969185	-2586.1402	-2533.8721	-2587.2963
242	242	-1584.4681	-1585.1674	-1508.2213	-0.6992873	-1580.3457	-1503.1164	-1581.502
243	243	-1818.6047	-1819.306	-1744.7023	-0.70130844	-1815.2159	-1739.5735	-1816.371
244	244	-2584.3401	-2585.0343	-2511.1843	-0.69415017	-2580.865	-2506.522	-2582.0199
245	245	-3245.738	-3238.237	-3124.0821	7.5009839	-3242.6392	-3120.4549	-3236.0316
246	246	-2562.9375	-2563.6461	-2530.4192	-0.70856707	-2559.8974	-2525.9952	-2561.0524
247	247	-2731.5052	-2732.2367	-2655.1868	-0.73154015	-2727.9301	-2650.4631	-2729.0854
248	248	-2302.1646	-2302.6754	-2239.5638	-0.51084264	-2298.5691	-2234.9252	-2299.7245
249	249	-2243.7805	-2244.4669	-2176.7757	-0.68642789	-2240.1842	-2171.9488	-2241.3392
250	250	-1933.7697	-1940.5416	-1882.1255	-6.7718809	-1930.4556	-1876.8278	-1924.0604
251	251	-2188.5962	-2187.9082	-2134.7005	0.6880306	-2184.8255	-2129.693	-2184.1715
252	252	-2834.1501	-2834.4754	-2769.7057	-0.3252903	-2830.8059	-2765.3197	-2831.8102
253	253	-2028.3626	-2029.0693	-1975.0544	-0.7066987	-2024.7784	-1969.8236	-2025.934
254	254	-1812.9896	-1813.6843	-1769.742	-0.69469099	-1809.1	-1764.4949	-1810.255
255	255	-3109.1999	-3109.8772	-3066.2161	-0.67733157	-3106.0817	-3061.8819	-3107.2367
256	256	-2517.3068	-2518.1634	-2454.268	-0.85658552	-2514.0297	-2449.4263	-2515.185
257	257	-3046.4861	-3047.2079	-2977.7783	-0.72186949	-3043.6677	-2973.1978	-3044.8229
258	258	-2668.4824	-2668.9307	-2632.9705	-0.44834003	-2665.7331	-2629.9451	-2666.1358
259	259	-2366.0557	-2366.7643	-2296.1592	-0.70861305	-2362.3113	-2292.0157	-2363.4667
260	260	-2628.2115	-2628.9844	-2567.3271	-0.77287919	-2624.5989	-2562.8489	-2625.7539
261	261	-2788.3502	-2789.0627	-2787.0767	-0.71241906	-2785.0427	-2783.8187	-2786.1978
262	262	-2596.3911	-2597.0672	-2564.7963	-0.67610121	-2593.3384	-2559.8721	-2594.4963
263	263	-2319.7409	-2320.4258	-2282.9246	-0.68491136	-2316.6994	-2277.9338	-2317.8545
264	264	-2470.7216	-2471.5639	-2420.2408	-0.84234867	-2467.2201	-2415.8338	-2468.375
265	265	-2486.0043	-2486.696	-2429.695	-0.69171449	-2482.7674	-2425.2269	-2483.9225
266	266	-4013.623	-4014.3144	-3977.4612	-0.69145858	-4011.0304	-3973.0889	-4012.1862
267	267	-1795.2868	-1793.6268	-1739.1836	1.6599142	-1792.4358	-1733.7513	-1788.4216
268	268	-2464.5357	-2465.2458	-2431.0566	-0.71009318	-2461.2243	-2426.4296	-2462.3798
269	269	-2800.653	-2801.3376	-2749.3394	-0.68461014	-2797.3389	-2745.0821	-2798.4937
270	270	-2772.2691	-2772.966	-2666.2379	-0.69696124	-2769.3012	-2661.8042	-2770.4566
271	271	-2451.7261	-2451.8432	-2340.2895	-0.11710495	-2448.1757	-2335.5605	-2448.1611
272	272	-2605.3252	-2605.9867	-2571.2715	-0.66153972	-2602.2789	-2566.1177	-2603.4339
273	273	-2582.5374	-2583.2224	-2543.831	-0.68503695	-2579.0152	-2539.5772	-2580.1701
274	274	-2493.1663	-2493.8616	-2446.1348	-0.69529041	-2490.8163	-2441.3645	-2491.9716
275	275	-1799.1392	-1799.838	-1738.1199	-0.69878388	-1795.733	-1733.6101	-1796.888
276	276	-2284.5446	-2283.8229	-2220.6949	0.72173971	-2280.8034	-2216.4238	-2280.7079
277	277	-2784.635	-2785.3411	-2738.6148	-0.7060154	-2781.1054	-2734.3421	-2782.2606
278	278	-2353.3404	-2354.0606	-2279.2262	-0.72017934	-2350.1071	-2274.3367	-2351.2636
279	279	-3618.6881	-3619.6501	-3590.482	-0.96209644	-3616.1154	-3585.9483	-3617.2704
280	280	-2629.5127	-2629.0374	-2556.405	0.47529737	-2626.5408	-2552.2885	-2625.9271
281	281	-2400.6363	-2394.3836	-2332.0251	6.2526852	-2396.8659	-2327.3742	-2390.8254
282	282	-2249.8997	-2250.448	-2204.121	-0.5482869	-2246.2448	-2199.2121	-2247.3998
283	283	-2967.7624	-2967.0801	-2835.1828	0.68222714	-2964.3143	-2830.6801	-2962.5838
284	284	-2221.9585	-2222.643	-2162.2398	-0.68448199	-2218.1532	-2157.8952	-2219.3085
285	285	-3404.2244	-3401.9366	-3321.3059	2.2878111	-3401.5002	-3317.4183	-3398.3305
286	286	-2736.8785	-2735.7496	-2606.135	1.1289327	-2733.1691	-2601.7105	-2730.1852
287	287	-3265.6391	-3266.336	-3239.7343	-0.69692374	-3262.9939	-3235.2781	-3264.1534
288	288	-2513.6884	-2514.3902	-2462.6084	-0.70176944	-2510.5846	-2457.9746	-2511.7405
289	289	-2320.2917	-2320.984	-2277.9566	-0.69234436	-2316.8237	-2273.1342	-2317.9798
290	290	-2281.0129	-2281.5227	-2176.3269	-0.50978831	-2277.2072	-2171.5219	-2278.3624
291	291	-2018.5724	-2019.2535	-1954.2426	-0.68113739	-2014.7956	-1949.7038	-2015.9506
292	292	-2466.5316	-2467.2726	-2431.7124	-0.74100294	-2463.6223	-2427.0686	-2464.7788
293	293	-2836.5332	-2832.9813	-2804.3146	3.5519451	-2834.1066	-2799.4562	-2829.4009
294	294	-2779.9085	-2780.7565	-2732.7171	-0.84804658	-2776.5867	-2728.9782	-2777.7418
295	295	-3314.925	-3315.4415	-3280.3821	-0.51651327	-3311.7994	-3276.1036	-3312.955
296	296	-3011.5751	-3012.4676	-2951.2096	-0.89247078	-3008.6202	-2946.5744	-3009.7759
297	297	-1628.5115	-1629.2097	-1568.4411	-0.6982387	-1624.8352	-1563.3871	-1625.9904
298	298	-2771.6202	-2772.5559	-2741.1298	-0.93575964	-2769.1453	-2738.8783	-2769.3025
299	299	-2408.5322	-2409.1376	-2366.8941	-0.60533802	-2406.0932	-2362.3466	-2407.1856
300	300	-2193.2526	-2193.9578	-2126.7337	-0.70518478	-2189.7254	-2122.9669	-2190.8814
301	301	-3335.5381	-3335.5835	-3295.5835	-0.045478691	-3332.1472	-3291.2123	-3331.9515
302	302	-2733.8759	-2734.5677	-2678.1748	-0.69179383	-2730.8571	-2673.4815	-2732.015
303	303	-3084.5454	-3084.9023	-3032.6908	-0.35696349	-3081.1134	-3029.0612	-3082.2684
304	304	-2710.1525	-2708.5615	-2676.0988	1.5909736	-2706.7156	-2673.2736	-2705.6066
305	305	-3656.3486	-3650.8717	-3587.8177	5.4769019	-3653.0375	-3583.699	-3647.5882
306	306	-1828.0149	-1828.7116	-1758.4041	-0.69674712	-1824.5368	-1753.4561	-1825.6918
307	307	-1786.5382	-1787.0306	-1732.6865	-0.4924887	-1782.8926	-1728.028	-1784.0478
308	308	-2934.8103	-2933.9954	-2904.1804	0.81496688	-2931.6603	-2901.8488	-2930.7388
309	309	-2831.5222	-2832.2396	-2785.1406	-0.7174661	-2828.7452	-2780.456	-2829.9011
310	310	-3919.0647	-3916.171	-3909.4604	2.8937116	-3916.1031	-3906.3373	-3913.6203
311	311	-2871.5601	-2870.7331	-2819.1346	0.82695163	-2868.0648	-2814.888	-2867.5434
312	312	-3242.2238	-3242.9178	-3167.319	-0.69407487	-3239.3248	-3163.2555	-3240.4798
313	313	-2809.8576	-2810.5691	-2760.8035	-0.71142743	-2806.6742	-2756.3798	-2807.8299
314	314	-3549.7031	-3549.4887	-3519.2012	0.2143491	-3547.675	-3514.6455	-3546.7593
315	315	-2446.4935	-2447.2043	-2359.3668	-0.71082942	-2442.8295	-2355.5744	-2443.9844
316	316	-3092.4948	-3085.416	-3026.7056	7.0788373	-3089.4017	-3022.486	-3082.5266
317	317	-2291.976	-2290.9777	-2262.1814	0.99827239	-2288.4771	-2258.8688	-2286.3926
318	318	-2061.0591	-2061.7699	-1997.2139	-0.71082723	-2057.6381	-1992.6237	-2058.7936
319	319	-1923.9116	-1924.3141	-1879.5772	-0.40249233	-1920.1631	-1874.1913	-1921.318
320	320	-2392.4664	-2393.1792	-2317.5087	-0.71289081	-2388.7738	-2312.647	-2389.9291
321	321	-3551.122	-3549.5816	-3501.8074	1.5403896	-3548.2056	-3497.6622	-3546.8347
322	322	-1682.8654	-1683.5791	-1623.6929	-0.7136752	-1678.8291	-1618.7383	-1679.9842
323	323	-2226.5225	-2227.2211	-2168.3022	-0.6985527	-2223.0469	-2163.6106	-2224.2024
324	324	-1814.5314	-1815.2778	-1753.2124	-0.7464502	-1810.6775	-1748.1535	-1811.8335
325	325	-1733.3526	-1734.0658	-1686.5043	-0.71320209	-1729.5004	-1681.3803	-1730.6555
326	326	-3957.876	-3957.6069	-3925.8727	0.26906774	-3955.2898	-3921.5636	-3954.4427
327	327	-1800.6309	-1801.3536	-1720.8851	-0.72269215	-1796.6445	-1716.3169	-1797.7996
328	328	-2465.2591	-2465.9985	-2429.9186	-0.73944469	-2462.3626	-2427.1109	-2462.3297
329	329	-2754.3205	-2755.0437	-2724.6923	-0.72319923	-2751.1865	-2720.4893	-2752.3417
330	330	-1757.7077	-1758.4542	-1694.9289	-0.7465442	-1754.2929	-1689.9796	-1755.448
331	331	-1832.1375	-1832.8406	-1754.8708	-0.7030872	-1828.14	-1750.2703	-1829.2953
332	332	-2915.4092	-2916.057	-2840.3926	-0.64772681	-2911.8573	-2835.728	-2913.0124
333	333	-3037.3324	-3035.6116	-3002.2125	1.7208129	-3034.8451	-2997.6184	-3032.5111
334	334	-2920.4626	-2921.1803	-2864.626	-0.71777479	-2917.3837	-2860.018	-2918.5395
335	335	-2680.324	-2680.9081	-2592.2397	-0.58406261	-2676.9464	-2587.5832	-2678.1013
336	336	-1968.1316	-1968.8425	-1901.1801	-0.71089287	-1964.7221	-1896.3716	-1965.8774
337	337	-2794.1678	-2794.883	-2741.8724	-0.71517482	-2790.9815	-2737.5812	-2792.1364
338	338	-2359.9343	-2360.6333	-2318.9191	-0.69894422	-2356.606	-2313.9723	-2357.7611
339	339	-3358.0512	-3358.7559	-3289.2938	-0.70466341	-3355.3098	-3285.3591	-3356.4656
340	340	-1852.1439	-1852.8416	-1795.3642	-0.69772132	-1848.4812	-1790.5643	-1849.6362
341	341	-3761.6972	-3762.3483	-3729.8247	-0.6510557	-3758.6575	-3727.1457	-3759.8126
342	342	-3402.9973	-3402.2787	-3364.944	0.71862057	-3399.639	-3361.126	-3399.2431
343	343	-2972.4362	-2973.2841	-2946.9904	-0.84790527	-2969.1958	-2942.159	-2970.3509
344	344	-2780.2202	-2780.969	-2739.6297	-0.74876768	-2777.6052	-2734.8733	-2778.7605
345	345	-3000.1992	-3000.9081	-2944.2258	-0.70890157	-2996.9816	-2939.6008	-2998.1371
346	346	-2335.4404	-2336.1127	-2288.8501	-0.67228034	-2331.8219	-2284.6015	-2332.9768
347	347	-3646.3602	-3646.7411	-3594.9693	-0.38088032	-3643.8062	-3591.1095	-3643.9211
348	348	-2952.3057	-2952.8794	-2898.3477	-0.5737668	-2949.183	-2893.7972	-2950.3382
349	349	-2704.1901	-2704.8898	-2633.472	-0.6996657	-2700.8111	-2629.7482	-2701.966
350	350	-2699.9101	-2700.6068	-2627.4455	-0.69673968	-2696.3688	-2622.7873	-2697.5238
351	351	-3448.0423	-3448.6951	-3365.5511	-0.65282598	-3445.1298	-3361.8844	-3446.2848
352	352	-1893.2267	-1893.7617	-1843.6953	-0.53497582	-1889.8435	-1838.5573	-1890.9989
353	353	-1652.787	-1653.4701	-1566.4607	-0.6830897	-1648.6308	-1561.3765	-1649.7857
354	354	-2751.8771	-2739.3094	-2725.8747	12.567747	-2748.5372	-2721.0129	-2735.7223
355	355	-3065.6486	-3066.5645	-3020.4311	-0.91591637	-3063.0224	-3015.8676	-3064.1791
356	356	-2670.5039	-2671.2089	-2654.4829	-0.7050618	-2667.1169	-2651.3607	-2667.4293
357	357	-2917.4352	-2918.1125	-2867.9397	-0.6773184	-2914.466	-2863.3294	-2915.6212
358	358	-2360.7756	-2361.4814	-2300.5317	-0.70577364	-2357.6656	-2296.0241	-2358.8208
359	359	-2502.8839	-2503.6081	-2415.9492	-0.7241246	-2499.3807	-2411.2244	-2500.5365
360	360	-3576.7154	-3577.4301	-3554.3079	-0.71467061	-3573.9303	-3549.8767	-3575.0864
361	361	-2569.5241	-2568.2694	-2525.9175	1.254737	-2566.376	-2521.3366	-2565.0775
362	362	-4310.0111	-4310.6468	-4261.4185	-0.63569205	-4309.3682	-4257.1223	-4307.4683
363	363	-1854.2405	-1853.4529	-1801.3452	0.78757626	-1850.6714	-1796.8115	-1850.009
364	364	-2461.5399	-2462.2285	-2408.3394	-0.68860796	-2458.3952	-2403.8065	-2459.5504
365	365	-1984.6835	-1985.0884	-1928.915	-0.40496333	-1980.8515	-1923.7883	-1982.0069
366	366	-1567.7363	-1568.455	-1497.3634	-0.71862962	-1563.6224	-1491.9567	-1564.7777
367	367	-2583.2431	-2583.9256	-2511.5859	-0.68251366	-2580.077	-2506.8322	-2581.2324
368	368	-3208.4058	-3208.7982	-3163.8715	-0.39244422	-3205.3642	-3159.734	-3206.2751
369	369	-2663.4982	-2664.2027	-2624.5749	-0.70456389	-2660.8413	-2619.799	-2661.9983
370	370	-2443.0942	-2443.7478	-2376.3114	-0.65361984	-2439.4533	-2371.5699	-2440.6085
371	371	-2602.4177	-2603.0718	-2544.8884	-0.65405189	-2599.2987	-2540.0886	-2600.4544
372	372	-2572.9041	-2573.7258	-2533.3989	-0.82178219	-2569.4443	-2528.6663	-2570.5996
373	373	-3569.5937	-3570.364	-3526.8047	-0.7702692	-3567.0002	-3522.3369	-3568.1551
374	374	-1903.0001	-1903.6714	-1839.1033	-0.67133052	-1899.0415	-1833.9569	-1900.1965
375	375	-1391.88	-1391.7581	-1324.7033	0.12188716	-1387.6932	-1319.4257	-1388.2722
376	376	-2791.2842	-2791.2316	-2707.6285	0.052552119	-2787.7958	-2703.9365	-2788.7309
377	377	-2898.6403	-2899.3932	-2823.8492	-0.75286926	-2895.2898	-2819.9213	-2896.4456
378	378	-2866.3805	-2867.0815	-2830.4211	-0.7010186	-2863.2377	-2825.6545	-2864.3939
379	379	-2700.4769	-2701.2254	-2642.0416	-0.7484167	-2696.9397	-2637.2139	-2698.0947
380	380	-2565.2136	-2563.0102	-2532.0746	2.2034077	-2561.9357	-2527.2366	-2559.3183
381	381	-2573.0996	-2572.2452	-2508.9035	0.85433242	-2569.6808	-2504.3737	-2568.9041
382	382	-4194.366	-4195.1312	-4120.3442	-0.7652371	-4191.6452	-4116.2751	-4192.8005
383	383	-1953.1859	-1953.4972	-1898.5481	-0.31129715	-1949.3268	-1893.714	-1950.4821
384	384	-2018.7242	-2019.4141	-1952.5845	-0.68989697	-2015.0076	-1947.7212	-2016.1625
385	385	-2338.9293	-2339.6958	-2221.5259	-0.76649142	-2335.0994	-2216.714	-2336.2543
386	386	-1623.7777	-1624.4647	-1561.178	-0.68698789	-1619.825	-1555.9893	-1620.9802
387	387	-2104.6101	-2102.6355	-2051.1829	1.9745749	-2100.9005	-2048.25	-2099.0114
388	388	-2758.0125	-2758.7066	-2710.2598	-0.69410182	-2754.5193	-2705.6283	-2755.6747
389	389	-2180.1448	-2180.6851	-2084.4089	-0.54035854	-2176.5291	-2079.6832	-2177.6844
390	390	-2067.151	-2067.8559	-1998.739	-0.70487549	-2063.6482	-1993.7448	-2064.8038
391	391	-2154.2388	-2154.923	-2083.0014	-0.68413021	-2150.6461	-2078.4034	-2151.8017
392	392	-3313.2181	-3313.9993	-3259.309	-0.78120856	-3310.3739	-3255.4874	-3311.5293
393	393	-3276.3306	-3277.0391	-3211.2737	-0.70853709	-3273.4784	-3206.9808	-3274.6341
394	394	-2125.8561	-2126.5801	-2069.6653	-0.72393494	-2122.1283	-2064.8018	-2123.2832
395	395	-2581.5012	-2582.3348	-2510.3353	-0.83361396	-2578.0228	-2505.9754	-2579.1778
396	396	-3009.506	-3007.3691	-2915.5814	2.1368818	-3006.0742	-2911.2695	-3003.1708
397	397	-2076.8163	-2077.5202	-2026.3441	-0.70390826	-2073.0975	-2021.6142	-2074.2529
398	398	-1894.969	-1895.6827	-1821.299	-0.71362107	-1891.6208	-1816.0933	-1892.7764
399	399	-2283.8516	-2282.5265	-2203.0188	1.3251419	-2280.0794	-2198.374	-2278.8605
400	400	-2835.9707	-2836.5761	-2770.3289	-0.60540593	-2832.4027	-2766.2082	-2833.5576
401	401	-1689.4102	-1686.853	-1651.2905	2.5571643	-1685.4108	-1646.5076	-1682.9247
402	402	-2869.339	-2870.1367	-2810.9061	-0.79768093	-2865.9911	-2806.284	-2867.1462
403	403	-3011.221	-3011.9136	-2953.8889	-0.69259812	-3008.7765	-2949.2778	-3009.9324
404	404	-2488.343	-2489.0022	-2416.6004	-0.65914552	-2485.0633	-2412.0378	-2486.2183
405	405	-2438.4638	-2439.2148	-2389.9957	-0.7510076	-2434.8435	-2385.2072	-2435.9985
406	406	-1964.3903	-1965.0888	-1908.1616	-0.6985398	-1960.4874	-1903.0621	-1961.6436
407	407	-2545.5897	-2546.2561	-2500.5697	-0.66645034	-2542.1497	-2495.7582	-2542.8277
408	408	-2230.0423	-2230.7491	-2156.8985	-0.70688847	-2226.2534	-2151.8578	-2227.4087
409	409	-2233.1059	-2233.8043	-2185.3976	-0.69839095	-2229.5539	-2180.3853	-2230.7095
410	410	-2353.0316	-2353.8618	-2304.3819	-0.83022444	-2349.7059	-2299.4892	-2350.8613
411	411	-4729.5982	-4726.5097	-4664.9409	3.0884652	-4726.6046	-4661.4192	-4723.3905
412	412	-2259.4109	-2260.1032	-2205.7665	-0.69229159	-2255.965	-2200.8097	-2257.1199
413	413	-2368.413	-2369.1169	-2313.9465	-0.70390605	-2364.8618	-2311.2759	-2366.0167
414	414	-2976.0654	-2971.804	-2860.8527	4.2614764	-2972.6539	-2856.5935	-2967.1171
415	415	-3077.7623	-3077.5943	-3036.0127	0.16793227	-3075.0316	-3031.7946	-3075.0179
416	416	-2791.9147	-2792.1167	-2752.8987	-0.20205859	-2788.5029	-2748.0508	-2789.627
417	417	-1916.465	-1917.1925	-1859.0025	-0.72749103	-1912.6543	-1854.2574	-1913.8093
418	418	-2643.3064	-2644.0069	-2598.74	-0.70052152	-2640.6669	-2593.938	-2641.8218
419	419	-3157.1129	-3156.8117	-3126.9955	0.30117935	-3154.0294	-3122.3579	-3154.1859
420	420	-3043.5646	-3044.2876	-3009.3013	-0.72301057	-3040.7488	-3004.4427	-3041.9046
421	421	-3013.5508	-3014.2613	-2943.0592	-0.71050217	-3010.7154	-2939.1589	-3011.8711
422	422	-3470.7529	-3469.6481	-3404.8284	1.104767	-3467.451	-3400.8112	-3466.0123
423	423	-2084.7774	-2085.1004	-2031.3884	-0.32298097	-2081.1899	-2026.3435	-2082.3281
424	424	-1904.4325	-1905.1327	-1855.0963	-0.7002348	-1900.6375	-1850.5336	-1901.7928
425	425	-3126.1537	-3125.1053	-3074.4237	1.0483555	-3123.0087	-3070.583	-3122.1668
426	426	-2094.7462	-2095.4277	-2027.6736	-0.68152393	-2091.1834	-2023.5428	-2092.3389
427	427	-2017.7153	-2015.9966	-1980.2092	1.7186702	-2013.9224	-1975.0773	-2012.1935
428	428	-1969.6348	-1970.3264	-1922.9335	-0.69160756	-1966.6766	-1917.69	-1967.8317
429	429	-1613.66	-1613.7485	-1551.443	-0.088519498	-1609.8491	-1546.2873	-1610.2565
430	430	-2026.2538	-2018.5595	-2007.1365	7.6943138	-2022.6704	-2004.1785	-2015.1212
431	431	-2541.3767	-2542.0909	-2504.84	-0.71418563	-2537.9162	-2500.3107	-2539.0715
432	432	-2196.2593	-2196.6294	-2154.7921	-0.37007301	-2192.7313	-2150.4775	-2193.8862
433	433	-3138.2682	-3137.7373	-3106.4168	0.53098029	-3135.3013	-3101.8184	-3134.9393
434	434	-2866.745	-2867.4387	-2777.5446	-0.69368931	-2863.8554	-2773.0667	-2865.0112
435	435	-2435.1414	-2435.7708	-2350.4122	-0.62940909	-2431.3578	-2345.7213	-2432.513
436	436	-2238.3725	-2239.0513	-2186.3782	-0.67872437	-2235.1095	-2182.3431	-2236.2643
437	437	-1518.0173	-1518.6928	-1442.9632	-0.67551953	-1513.9028	-1438.1078	-1515.0577
438	438	-3131.0574	-3131.9192	-3097.6019	-0.86181562	-3128.4923	-3092.9808	-3129.6485
439	439	-3380.1012	-3380.7811	-3338.4236	-0.67985303	-3377.2442	-3334.4588	-3378.3999
440	440	-2413.8203	-2414.5099	-2336.4094	-0.68954411	-2410.144	-2331.7144	-2411.2992
441	441	-3792.2755	-3792.9776	-3726.0428	-0.70214958	-3789.6615	-3722.4143	-3790.8164
442	442	-4030.7763	-4030.89	-4001.0203	-0.1137286	-4030.2081	-3996.6467	-4031.0344
443	443	-2910.0337	-2909.3633	-2860.7804	0.67042189	-2906.5827	-2856.3282	-2906.0909
444	444	-3220.0688	-3217.3817	-3122.1369	2.6870845	-3217.0406	-3117.7323	-3212.9593
445	445	-3383.3047	-3383.9286	-3344.9151	-0.62393122	-3380.4709	-3340.3496	-3381.626
446	446	-2173.4602	-2174.1995	-2098.9418	-0.73926327	-2170.2059	-2094.2264	-2171.3627
447	447	-2696.7444	-2695.2153	-2661.5844	1.5291708	-2693.2919	-2656.7662	-2692.0761
448	448	-1859.9201	-1860.6216	-1809.5011	-0.70148711	-1856.3133	-1804.2065	-1857.4693
449	449	-4082.491	-4080.9721	-4052.6139	1.5189418	-4081.4896	-4050.3379	-4078.3677
450	450	-2947.7443	-2948.6696	-2897.1902	-0.92529737	-2944.9031	-2892.4946	-2946.0582
451	451	-2831.8419	-2832.7528	-2765.9396	-0.91088068	-2828.4994	-2761.339	-2828.2231
452	452	-3249.1989	-3250.0983	-3217.9548	-0.89938765	-3246.742	-3213.7696	-3247.897
453	453	-2106.3008	-2106.8112	-2063.5868	-0.51040831	-2102.6024	-2058.8288	-2103.7574
454	454	-2532.5523	-2533.2592	-2489.8807	-0.70692104	-2529.6831	-2485.5483	-2530.8384
455	455	-3771.8864	-3767.4668	-3701.6774	4.4196832	-3769.1475	-3697.9702	-3763.7183
456	456	-3173.6637	-3170.2276	-3132.8638	3.4361235	-3170.902	-3129.5298	-3167.9203
457	457	-2983.6021	-2983.9547	-2941.9466	-0.35265957	-2980.3544	-2937.897	-2981.5124
458	458	-2899.8478	-2900.5724	-2808.0828	-0.72464929	-2896.3339	-2803.7491	-2897.4889
459	459	-2681.696	-2682.4361	-2647.9537	-0.74014411	-2678.7471	-2645.1186	-2679.9022
460	460	-3618.0386	-3617.4719	-3555.4201	0.56678848	-3614.9574	-3551.1261	-3614.1088
461	461	-2452.2857	-2452.8018	-2361.1878	-0.51609041	-2448.5851	-2356.5838	-2449.7403
462	462	-2439.2841	-2439.9913	-2395.1323	-0.70722323	-2436.1415	-2390.7818	-2437.2965
463	463	-2337.5338	-2338.0702	-2265.6096	-0.53637321	-2334.0198	-2261.172	-2334.8138
464	464	-3304.3084	-3304.5174	-3227.2323	-0.20898501	-3301.1736	-3223.8885	-3301.7353
465	465	-3026.7713	-3027.4662	-2975.4519	-0.69494952	-3024.4392	-2970.8795	-3025.5942
466	466	-2709.8364	-2710.4887	-2641.9026	-0.65239803	-2706.3088	-2637.8421	-2707.4637
467	467	-2257.4918	-2258.1892	-2206.0631	-0.69742849	-2254.4229	-2201.0337	-2255.578
468	468	-2555.7479	-2555.1104	-2512.6012	0.63751213	-2552.792	-2507.8293	-2552.5435
469	469	-2298.3778	-2299.2456	-2243.379	-0.86787786	-2295.7778	-2238.6762	-2296.7527
470	470	-2996.4265	-2997.1103	-2959.181	-0.68375169	-2993.4323	-2954.4111	-2994.5878
471	471	-3058.2777	-3053.3372	-2946.0436	4.9404629	-3054.7329	-2942.1118	-3049.3446
472	472	-1790.4832	-1788.0252	-1747.7561	2.4579714	-1786.8093	-1742.3162	-1783.1587
473	473	-3206.9597	-3205.8621	-3146.7659	1.0975832	-3203.5804	-3142.8526	-3203.2011
474	474	-2463.2816	-2464.1482	-2420.7252	-0.86662582	-2460.9752	-2415.8753	-2462.1309
475	475	-1790.0482	-1790.5211	-1737.7012	-0.4728608	-1786.0989	-1732.7901	-1787.2538
476	476	-3298.1007	-3298.7891	-3256.0718	-0.68842259	-3294.7755	-3251.5088	-3295.9307
477	477	-2000.9459	-2001.2099	-1945.3531	-0.26401445	-1997.0599	-1941.3501	-1998.2149
478	478	-1726.2899	-1726.9902	-1636.5174	-0.70025963	-1722.3398	-1631.2377	-1723.4949
479	479	-1787.0011	-1787.1156	-1749.7768	-0.11449619	-1783.1683	-1744.3501	-1784.094
480	480	-2051.7968	-2048.4403	-1978.4531	3.3565396	-2047.9226	-1973.4136	-2044.5457
481	481	-2755.5295	-2755.8103	-2708.3687	-0.28086973	-2752.1363	-2704.0309	-2753.1328
482	482	-2954.479	-2951.0992	-2882.0616	3.3798711	-2951.4751	-2877.532	-2947.7461
483	483	-2738.5587	-2739.3327	-2703.9453	-0.77399163	-2735.127	-2699.4098	-2736.2841
484	484	-2574.1315	-2573.5827	-2534.2016	0.5487206	-2570.7627	-2531.1602	-2570.1354
485	485	-3918.4086	-3919.1142	-3867.237	-0.70560835	-3916.0398	-3862.9747	-3917.1954
486	486	-2581.848	-2580.9603	-2526.9797	0.88771575	-2578.6633	-2522.1843	-2577.7735
487	487	-4017.6324	-4017.3632	-4015.4264	0.2691795	-4014.6049	-4010.2237	-4014.4288
488	488	-3041.3228	-3040.1074	-2880.7496	1.2154247	-3038.0321	-2876.9301	-3037.3265
489	489	-1996.6757	-1997.4538	-1939.0001	-0.77812893	-1992.8477	-1934.2385	-1994.0032
490	490	-2378.1043	-2378.8005	-2311.2012	-0.69625442	-2374.628	-2306.2413	-2375.7829
491	491	-1781.8096	-1782.3239	-1724.7141	-0.51429471	-1778.348	-1719.3774	-1779.503
492	492	-2805.4552	-2805.0431	-2765.1429	0.4120958	-2802.3326	-2760.7785	-2801.932
493	493	-3264.4697	-3265.1678	-3204.8827	-0.6981759	-3261.4479	-3200.456	-3262.6029
494	494	-2971.9512	-2972.8257	-2937.9951	-0.87445218	-2969.1786	-2933.9274	-2970.3335
495	495	-2651.205	-2652.0008	-2606.0991	-0.79579824	-2647.9604	-2601.6718	-2649.1154
496	496	-2040.919	-2041.4302	-1989.4306	-0.51120565	-2037.1449	-1984.8182	-2038.3002
497	497	-2523.3644	-2524.0259	-2480.0333	-0.66153914	-2520.0108	-2474.9579	-2521.1657
498	498	-2123.979	-2124.4388	-2063.1547	-0.45977369	-2120.439	-2058.6022	-2121.5951
499	499	-2468.9669	-2469.6877	-2376.1614	-0.72078762	-2465.2457	-2372.2246	-2466.4008
