No.	ID	loglik_NUll	loglik_RES	loglik_all	log_ratio	loglik_Max1	loglik_Max2	loglik_Max3
0	0	-2255.7789	-2231.337	-2242.0693	24.441941	-2252.2848	-2238.9143	-2227.5766
1	1	-2864.3044	-2851.5528	-2861.8153	12.751572	-2861.131	-2858.0508	-2848.1584
2	2	-1616.4685	-1617.0209	-1628.4329	-0.55243787	-1612.9667	-1625.4611	-1614.122
3	3	-2399.8947	-2383.3728	-2394.6949	16.521907	-2396.4408	-2391.076	-2379.7371
4	4	-2743.9592	-2727.0171	-2738.514	16.942116	-2740.5732	-2734.7735	-2723.4345
5	5	-2161.4061	-2146.6214	-2158.1305	14.784676	-2157.8917	-2154.1129	-2142.7735
6	6	-1458.0127	-1433.8576	-1445.2061	24.155124	-1454.1969	-1441.0281	-1429.6881
7	7	-1498.8279	-1480.4021	-1491.6793	18.425795	-1495.0242	-1487.585	-1476.2467
8	8	-4273.2818	-4273.4191	-4285.8646	-0.13726947	-4270.5012	-4275.7524	-4270.955
9	9	-1717.1741	-1701.4598	-1712.6426	15.714315	-1713.4729	-1708.8218	-1697.4819
10	10	-1896.6686	-1889.1161	-1897.5419	7.5524715	-1893.0296	-1893.7361	-1885.0509
11	11	-2940.5027	-2933.5348	-2943.7199	6.9679519	-2937.2355	-2939.6621	-2929.9556
12	12	-2530.9758	-2524.4529	-2535.712	6.5228679	-2527.5474	-2531.7922	-2520.9573
13	13	-2292.2634	-2278.1274	-2289.4803	14.136046	-2289.2823	-2286.3477	-2275.0122
14	14	-1667.9407	-1660.9277	-1672.2975	7.0130356	-1664.2225	-1668.0643	-1656.7265
15	15	-2040.5702	-2034.286	-2046.091	6.2841565	-2037.005	-2041.8809	-2029.9655
16	16	-2118.8181	-2116.1132	-2127.2104	2.7048163	-2115.2813	-2122.8985	-2111.6261
17	17	-1732.7444	-1705.1572	-1716.6402	27.587199	-1729.0627	-1712.6647	-1701.3249
18	18	-1663.0699	-1639.532	-1650.4755	23.537931	-1659.337	-1646.8191	-1635.4784
19	19	-1387.4422	-1328.0482	-1339.3737	59.394003	-1383.5517	-1335.2993	-1323.9591
20	20	-1347.519	-1334.0691	-1345.4267	13.449847	-1343.8748	-1341.4786	-1330.1373
21	21	-2327.6353	-2292.6254	-2304.13	35.009905	-2324.5157	-2300.4175	-2289.0777
22	22	-2177.2297	-2177.2733	-2186.5266	-0.043556754	-2173.7236	-2184.3882	-2172.8756
23	23	-1964.8282	-1961.0144	-1972.3655	3.8138809	-1961.2315	-1968.0611	-1956.7063
24	24	-2137.6022	-2120.4197	-2131.8915	17.182457	-2134.2829	-2128.2204	-2116.8875
25	25	-2031.9961	-2025.6893	-2036.7578	6.3067837	-2028.4114	-2032.9802	-2021.6429
26	26	-2033.6463	-2019.5243	-2030.9839	14.121983	-2030.07	-2026.9283	-2015.5901
27	27	-1107.1588	-1055.653	-1067.2553	51.505792	-1103.1269	-1062.6641	-1051.3258
28	28	-1735.1434	-1712.3283	-1723.2436	22.81504	-1731.4102	-1719.6316	-1708.2932
29	29	-1853.9761	-1844.4519	-1856.2089	9.5242604	-1850.5358	-1852.0093	-1840.6707
30	30	-2435.4396	-2421.5662	-2433.153	13.873364	-2432.015	-2429.3732	-2418.0311
31	31	-1116.9815	-1097.7403	-1108.9818	19.241168	-1112.9488	-1104.5916	-1093.2515
32	32	-2263.2086	-2244.9127	-2255.4858	18.295897	-2260.3076	-2252.0643	-2241.7028
33	33	-1818.3508	-1782.5135	-1794.0622	35.837376	-1814.698	-1790.1494	-1778.8114
34	34	-1471.6286	-1419.2368	-1430.7724	52.391773	-1467.8133	-1426.5329	-1415.1944
35	35	-1656.1069	-1630.4751	-1641.4943	25.63181	-1652.3529	-1637.5427	-1626.2037
36	36	-1621.8518	-1605.0992	-1616.4722	16.752563	-1618.1102	-1612.3505	-1601.0111
37	37	-1502.486	-1475.7643	-1487.1861	26.721682	-1498.6788	-1483.0024	-1471.6616
38	38	-1481.9898	-1470.3329	-1481.7757	11.656982	-1478.1626	-1477.3835	-1466.0451
39	39	-1691.0434	-1684.0162	-1694.292	7.0271097	-1687.3127	-1690.9243	-1679.8479
40	40	-1803.6712	-1775.0842	-1786.546	28.586962	-1799.9711	-1782.4873	-1771.1489
41	41	-1836.7904	-1829.218	-1840.0452	7.5724266	-1833.1553	-1836.4579	-1825.121
42	42	-1174.567	-1167.1636	-1178.665	7.4034082	-1170.5894	-1174.0208	-1162.6821
43	43	-1889.7338	-1880.2394	-1891.7008	9.4944264	-1886.3644	-1887.9198	-1876.5783
44	44	-1655.7665	-1629.4055	-1640.8587	26.360983	-1652.0212	-1636.6752	-1625.3357
45	45	-2482.5614	-2441.4155	-2452.6137	41.145926	-2479.0971	-2449.1703	-2437.8322
46	46	-2351.3161	-2319.1119	-2330.1522	32.20415	-2347.9722	-2327.0173	-2315.6768
47	47	-2283.5947	-2261.9775	-2273.2271	21.617237	-2280.1016	-2269.5691	-2258.233
48	48	-2429.6736	-2426.4059	-2437.6501	3.2676633	-2426.2484	-2434.4314	-2423.0886
49	49	-1689.9324	-1650.15	-1660.6166	39.782443	-1686.1705	-1657.0022	-1646.1912
50	50	-1874.2726	-1848.6992	-1860.0973	25.573383	-1870.6593	-1856.1723	-1844.8329
51	51	-2654.5467	-2640.0084	-2651.8848	14.538286	-2651.5061	-2648.5066	-2637.1683
52	52	-1963.8634	-1963.2963	-1974.8941	0.5671379	-1960.2674	-1970.0779	-1958.718
53	53	-2882.6917	-2875.241	-2883.5553	7.4507291	-2879.3796	-2881.4285	-2871.6061
54	54	-2093.8027	-2078.4104	-2089.9193	15.392341	-2090.246	-2085.9829	-2074.6432
55	55	-1678.4522	-1623.8721	-1634.8882	54.580098	-1674.6837	-1631.3117	-1619.9718
56	56	-2120.0896	-2095.9864	-2107.5284	24.103186	-2116.691	-2103.7728	-2092.4347
57	57	-1754.1961	-1738.9915	-1750.5341	15.204677	-1750.4884	-1746.2077	-1734.8682
58	58	-1109.2999	-1070.6869	-1081.6376	38.613002	-1105.2578	-1077.656	-1066.3146
59	59	-2243.1587	-2228.5169	-2238.8661	14.641826	-2239.6563	-2235.9475	-2224.7043
60	60	-2232.2705	-2221.4676	-2232.8609	10.802855	-2228.784	-2229.3279	-2217.9818
61	61	-1973.8815	-1947.4293	-1958.9223	26.452129	-1970.2938	-1954.9157	-1943.5765
62	62	-2199.1521	-2166.9339	-2178.3312	32.218147	-2196.1521	-2175.1149	-2163.7759
63	63	-1790.4432	-1771.241	-1781.5381	19.202165	-1786.78	-1777.8212	-1767.249
64	64	-1772.0298	-1750.3725	-1761.778	21.657355	-1768.368	-1757.7172	-1746.3795
65	65	-2803.9982	-2777.9065	-2789.3814	26.091663	-2800.6822	-2785.7796	-2774.4415
66	66	-1948.1205	-1925.584	-1934.5138	22.536434	-1944.5085	-1930.5258	-1921.7047
67	67	-2410.5086	-2366.5509	-2377.9813	43.957689	-2407.0802	-2374.4036	-2363.0648
68	68	-2612.7272	-2609.6982	-2621.2848	3.0289274	-2609.3682	-2616.9818	-2605.5965
69	69	-2337.2841	-2317.8747	-2329.046	19.409395	-2333.8237	-2325.4961	-2314.1576
70	70	-1705.853	-1693.407	-1704.8259	12.445997	-1702.3051	-1700.8228	-1689.483
71	71	-1905.6662	-1900.7464	-1911.7088	4.919807	-1902.0491	-1906.9626	-1896.7399
72	72	-1255.9548	-1227.5851	-1239.0342	28.369675	-1252.0168	-1234.6241	-1223.2858
73	73	-2759.5397	-2745.667	-2754.9006	13.872743	-2756.2298	-2753.6965	-2742.3572
74	74	-3645.9481	-3640.8133	-3652.2484	5.1348016	-3643.2774	-3649.2027	-3637.8639
75	75	-2087.5751	-2073.3299	-2084.7642	14.245212	-2084.0185	-2080.7547	-2069.4158
76	76	-2576.3373	-2557.5173	-2568.9816	18.819948	-2572.9472	-2565.2181	-2553.8805
77	77	-2659.6325	-2645.8194	-2657.3057	13.813151	-2656.2582	-2653.5705	-2642.2319
78	78	-1969.0148	-1929.3956	-1941.0312	39.61911	-1965.6338	-1937.6239	-1926.2853
79	79	-1933.2354	-1909.2108	-1920.005	24.024596	-1929.6296	-1916.6956	-1905.3582
80	80	-2639.6905	-2628.9771	-2639.3603	10.713356	-2636.3181	-2635.5767	-2625.3045
81	81	-3508.8719	-3495.4697	-3506.7699	13.402168	-3505.7156	-3503.4042	-3492.0626
82	82	-1186.1323	-1134.8531	-1146.0909	51.279148	-1182.1753	-1141.9611	-1130.6214
83	83	-2389.7561	-2385.7935	-2395.3671	3.9626232	-2386.3122	-2393.3165	-2381.4187
84	84	-2554.1287	-2550.609	-2560.31	3.519607	-2551.2239	-2558.2071	-2546.8626
85	85	-1919.883	-1883.5885	-1895.156	36.29448	-1916.2481	-1891.1014	-1879.7628
86	86	-1584.8832	-1525.9082	-1537.4467	58.974986	-1581.1227	-1533.3378	-1521.9992
87	87	-2142.8288	-2114.6026	-2126.0246	28.226196	-2139.2598	-2122.1444	-2110.806
88	88	-1988.26	-1973.3729	-1984.4387	14.887128	-1984.6658	-1980.7742	-1969.438
89	89	-1834.5171	-1824.7617	-1835.8306	9.7554656	-1830.879	-1832.0312	-1820.6893
90	90	-1852.3465	-1809.2993	-1820.8507	43.047194	-1848.839	-1817.1196	-1805.779
91	91	-2609.3466	-2606.0851	-2617.34	3.2614611	-2605.9802	-2613.3079	-2601.9228
92	92	-1614.8796	-1593.0781	-1602.6372	21.801429	-1611.1163	-1598.4047	-1588.9911
93	93	-2080.5999	-2081.3167	-2092.673	-0.71672655	-2077.448	-2089.9419	-2078.603
94	94	-1352.3407	-1339.4183	-1350.6469	12.922407	-1348.4656	-1346.4442	-1335.1057
95	95	-2877.1226	-2870.0454	-2879.0177	7.0771646	-2874.077	-2876.9841	-2866.683
96	96	-1894.5731	-1887.0007	-1898.3672	7.5723386	-1890.9398	-1894.5659	-1883.2279
97	97	-2396.1688	-2377.8299	-2389.2682	18.338886	-2393.0878	-2385.9854	-2374.6431
98	98	-1587.9452	-1553.3235	-1564.9496	34.621697	-1584.1969	-1560.78	-1549.4421
99	99	-1919.4497	-1890.3706	-1901.8281	29.079078	-1915.8043	-1897.8271	-1886.4873
100	100	-1037.2577	-1012.9313	-1023.3866	24.326341	-1033.1593	-1019.2008	-1008.3802
101	101	-2209.1043	-2196.7134	-2207.9056	12.390916	-2205.6032	-2204.2129	-2192.8743
102	102	-2102.1643	-2077.7043	-2087.122	24.460033	-2098.7685	-2083.1638	-2074.1507
103	103	-1632.6599	-1592.667	-1604.1952	39.992877	-1628.9312	-1600.0211	-1588.6834
104	104	-1183.9981	-1132.0192	-1143.5604	51.978879	-1180.0092	-1139.11	-1127.771
105	105	-1678.357	-1649.5203	-1660.0428	28.83666	-1674.6374	-1656.77	-1645.5142
106	106	-1885.1898	-1871.7412	-1883.0118	13.448633	-1881.5708	-1879.0543	-1867.7167
107	107	-2713.0539	-2701.2655	-2712.7167	11.788454	-2709.9722	-2709.2949	-2697.9553
108	108	-2233.0453	-2186.5944	-2198.1055	46.450845	-2229.4917	-2194.3089	-2182.969
109	109	-2480.4372	-2471.7526	-2482.7866	8.6845728	-2477.0153	-2479.3071	-2467.968
110	110	-1306.1705	-1279.0507	-1290.3751	27.119812	-1302.2534	-1286.0628	-1274.7234
111	111	-1850.6649	-1835.1254	-1846.1327	15.539552	-1847.0332	-1842.6144	-1831.2732
112	112	-2696.0751	-2679.9526	-2691.0511	16.122417	-2692.7311	-2687.7261	-2676.3872
113	113	-3518.7997	-3498.7163	-3509.9832	20.083389	-3515.6402	-3506.7668	-3495.4273
114	114	-2958.5502	-2959.284	-2966.8679	-0.73371778	-2955.2621	-2963.2865	-2956.4172
115	115	-2917.231	-2897.9158	-2909.1246	19.315181	-2914.053	-2905.891	-2894.5545
116	116	-3287.3728	-3282.4982	-3293.992	4.8745762	-3284.1761	-3290.3474	-3278.9643
117	117	-2637.1855	-2625.9635	-2637.3785	11.222058	-2633.7836	-2633.6065	-2622.2688
118	118	-2189.3222	-2170.2984	-2181.7712	19.023867	-2185.7981	-2177.8414	-2166.5022
119	119	-1682.8656	-1648.8512	-1659.0328	34.014365	-1679.141	-1655.7386	-1644.8834
120	120	-1339.6593	-1301.9587	-1313.4705	37.700612	-1335.7747	-1309.1073	-1297.7687
121	121	-2176.5061	-2150.8368	-2162.311	25.669325	-2172.9891	-2158.4417	-2147.1037
122	122	-1430.7818	-1405.5065	-1415.8714	25.27536	-1426.9357	-1411.8173	-1401.3044
123	123	-1229.3881	-1214.5288	-1225.1036	14.859278	-1225.4193	-1221.0291	-1210.1048
124	124	-1433.1792	-1391.1281	-1402.4605	42.051045	-1429.3509	-1398.4024	-1387.0631
125	125	-1796.0741	-1783.8084	-1793.2918	12.265723	-1792.4017	-1789.1258	-1779.6715
126	126	-1281.966	-1245.2063	-1256.683	36.759692	-1278.051	-1252.3477	-1241.0095
127	127	-2665.2433	-2665.4013	-2677.2991	-0.15804142	-2661.8832	-2673.0672	-2661.6612
128	128	-1296.6544	-1269.0686	-1280.3735	27.58574	-1292.7366	-1276.1343	-1264.791
129	129	-2057.1908	-2047.337	-2058.4621	9.8537075	-2053.6434	-2054.7693	-2043.4312
130	130	-2299.6833	-2281.7791	-2292.7407	17.904177	-2296.1923	-2289.3032	-2277.9649
131	131	-1848.927	-1825.5368	-1836.4094	23.390179	-1845.2544	-1832.9637	-1821.6317
132	132	-1213.0318	-1177.1809	-1188.5008	35.850911	-1209.0651	-1184.2339	-1172.8951
133	133	-1427.0669	-1390.295	-1401.8822	36.771857	-1423.2171	-1397.4877	-1386.1495
134	134	-2083.2903	-2056.5437	-2068.0268	26.746575	-2079.7511	-2064.0963	-2052.7581
135	135	-959.71963	-915.68085	-926.04202	44.038772	-955.54385	-921.7189	-911.10402
136	136	-2064.9429	-2065.6749	-2077.1124	-0.73204018	-2061.4828	-2073.8533	-2062.6382
137	137	-1597.759	-1573.0992	-1584.5869	24.659832	-1594.0007	-1580.4052	-1569.0655
138	138	-1708.9742	-1655.1171	-1666.6743	53.85715	-1705.2441	-1662.5847	-1651.246
139	139	-1497.3683	-1483.4943	-1494.9096	13.873992	-1493.5742	-1490.6053	-1479.2672
140	140	-3172.7653	-3173.5	-3184.7271	-0.73471246	-3169.5287	-3181.322	-3170.6837
141	141	-1324.2719	-1282.9358	-1294.4227	41.336038	-1320.391	-1290.1105	-1278.7725
142	142	-1552.1094	-1547.4041	-1559.3148	4.7052303	-1548.3184	-1555.2135	-1542.9112
143	143	-1908.6749	-1890.8599	-1902.307	17.815064	-1905.0529	-1898.2482	-1886.9097
144	144	-2739.4072	-2722.6005	-2733.4935	16.806665	-2736.0704	-2730.3357	-2718.9976
145	145	-1729.7379	-1677.8967	-1689.4101	51.841203	-1726.0202	-1685.3705	-1674.0324
146	146	-2381.009	-2375.4441	-2386.1559	5.5649356	-2377.668	-2382.7002	-2371.7236
147	147	-2895.7845	-2888.5711	-2899.2326	7.2134364	-2892.6042	-2895.9536	-2885.0541
148	148	-1943.5078	-1921.6898	-1932.4311	21.817967	-1939.8783	-1928.9895	-1917.7814
149	149	-910.60582	-858.55041	-870.08471	52.055406	-906.39862	-865.3037	-853.96505
150	150	-2031.712	-1999.2678	-2010.6005	32.444214	-2028.1357	-2006.7739	-1995.4362
151	151	-1607.9669	-1569.7053	-1581.1286	38.261595	-1604.181	-1577.0386	-1565.6994
152	152	-2026.5863	-2018.2938	-2030.1727	8.2924924	-2023.4109	-2026.178	-2014.8378
153	153	-2590.9092	-2573.8765	-2585.3484	17.032688	-2587.5121	-2581.5295	-2570.1916
154	154	-1194.6451	-1143.4114	-1154.9631	51.233691	-1190.6516	-1150.4915	-1139.155
155	155	-3275.8837	-3259.1691	-3269.1702	16.714577	-3272.8556	-3266.4184	-3255.9838
156	156	-943.13257	-905.72337	-916.43715	37.409204	-938.94662	-912.47212	-901.13558
157	157	-2450.913	-2440.3706	-2451.3161	10.542405	-2447.5098	-2447.9843	-2436.643
158	158	-2452.3566	-2442.0437	-2453.1543	10.312989	-2448.9477	-2449.615	-2438.2764
159	159	-2316.8847	-2301.1353	-2312.51	15.749436	-2313.4114	-2308.6489	-2297.3106
160	160	-2299.4518	-2287.2925	-2298.8658	12.159376	-2296.1139	-2295.0122	-2283.6735
161	161	-1765.4346	-1766.1416	-1777.5498	-0.70702849	-1761.7761	-1774.2699	-1762.9313
162	162	-1406.3385	-1375.5595	-1386.4537	30.778956	-1402.4962	-1382.7395	-1371.4013
163	163	-2587.111	-2574.4497	-2585.7305	12.661244	-2583.7101	-2582.2311	-2570.8928
164	164	-2443.7969	-2425.4177	-2436.5909	18.379227	-2440.3318	-2433.0475	-2421.7088
165	165	-2587.5257	-2568.6393	-2579.792	18.886429	-2584.1284	-2576.3084	-2564.9697
166	166	-1172.0175	-1170.5297	-1182.0365	1.4878087	-1168.0324	-1176.5712	-1164.9137
167	167	-1792.8154	-1785.9856	-1797.8455	6.8298472	-1789.13	-1794.0301	-1782.1068
168	168	-1266.5315	-1257.6565	-1268.9908	8.8750056	-1262.6109	-1264.5996	-1253.2591
169	169	-2382.7475	-2346.2781	-2357.3658	36.469392	-2379.2703	-2353.9969	-2342.6575
170	170	-2116.0975	-2080.1313	-2091.7301	35.966274	-2112.5478	-2087.7232	-2076.3847
171	171	-1268.0572	-1254.0264	-1264.7122	14.030773	-1264.138	-1260.7138	-1249.6575
172	172	-1964.1773	-1923.0765	-1934.5238	41.100766	-1960.5925	-1930.666	-1919.3265
173	173	-2096.0203	-2086.2933	-2098.0079	9.72699	-2092.6756	-2093.9872	-2082.6484
174	174	-2519.2678	-2512.3379	-2520.7764	6.9298975	-2515.8484	-2517.0376	-2508.5268
175	175	-1487.2776	-1478.365	-1489.2861	8.9125951	-1483.4835	-1485.4408	-1474.1022
176	176	-1850.0518	-1844.5705	-1856.0709	5.4812763	-1846.4193	-1851.7862	-1840.4476
177	177	-1421.1622	-1399.2079	-1410.7295	21.954308	-1417.3196	-1406.3543	-1395.0146
178	178	-1548.1942	-1535.2123	-1545.2242	12.981849	-1544.4327	-1541.3236	-1531.0163
179	179	-2628.9411	-2628.8552	-2638.613	0.085866593	-2625.5497	-2636.4205	-2625.116
180	180	-1510.8216	-1470.8962	-1481.154	39.925434	-1507.0185	-1477.2782	-1466.8361
181	181	-2438.7456	-2439.4875	-2451.1209	-0.74186015	-2435.5962	-2448.0945	-2436.7517
182	182	-1675.7131	-1666.4037	-1677.7932	9.3094742	-1671.9782	-1673.5553	-1662.2168
183	183	-1194.2757	-1164.4332	-1175.8389	29.842526	-1190.4231	-1171.7397	-1160.4011
184	184	-2351.7073	-2338.7524	-2349.5248	12.954902	-2348.2596	-2346.3143	-2334.9967
185	185	-3108.0068	-3104.5797	-3116.2064	3.4271138	-3104.93	-3112.6235	-3100.889
186	186	-2751.6725	-2748.271	-2759.8865	3.401481	-2748.3434	-2756.073	-2744.3801
187	187	-3051.1925	-3028.2828	-3039.3608	22.909644	-3047.8981	-3036.1554	-3024.8157
188	188	-3380.177	-3371.3968	-3383.0395	8.7802074	-3377.1466	-3379.4518	-3368.1139
189	189	-1676.6203	-1643.2674	-1654.8232	33.352857	-1672.8758	-1650.5908	-1639.2525
190	190	-923.49158	-909.3851	-920.91371	14.106489	-919.30141	-916.03827	-904.69921
191	191	-2455.6642	-2439.9785	-2450.9458	15.685778	-2452.2418	-2447.6196	-2436.2808
192	192	-1802.2225	-1781.498	-1793.012	20.724543	-1798.5206	-1788.8057	-1777.4681
193	193	-3411.9947	-3391.4837	-3401.9264	20.511062	-3408.989	-3398.316	-3388.342
194	194	-1733.7437	-1718.0491	-1729.373	15.694608	-1730.0107	-1725.3012	-1713.9637
195	195	-1339.0164	-1271.7832	-1283.3574	67.233234	-1335.127	-1279.049	-1267.7118
196	196	-2026.3406	-2010.0243	-2020.2485	16.316262	-2022.7445	-2016.5838	-2006.0793
197	197	-1930.7422	-1877.677	-1889.2314	53.065228	-1927.1278	-1885.3185	-1873.9793
198	198	-1846.9387	-1846.7489	-1858.3202	0.18986942	-1843.8066	-1855.7864	-1844.4543
199	199	-1309.4716	-1305.6081	-1317.017	3.8635211	-1305.5561	-1313.4242	-1301.9244
200	200	-1925.3705	-1888.0835	-1897.1465	37.287069	-1921.7498	-1893.3128	-1884.2715
201	201	-1271.8836	-1246.7836	-1258.2169	25.100068	-1267.9356	-1253.7953	-1242.4565
202	202	-2972.464	-2957.0505	-2967.9233	15.413501	-2969.1908	-2964.8981	-2953.5619
203	203	-1502.1729	-1491.4213	-1502.9331	10.751607	-1498.3468	-1498.4379	-1487.0995
204	204	-2763.5904	-2757.2051	-2768.6551	6.3853077	-2760.334	-2764.8958	-2753.5574
205	205	-1662.9204	-1655.9424	-1660.8176	6.977942	-1659.1673	-1656.578	-1651.7345
206	206	-1650.3857	-1650.9295	-1662.5162	-0.54380171	-1646.6504	-1657.7489	-1646.4875
207	207	-2209.1905	-2197.5173	-2208.477	11.67316	-2205.672	-2204.9651	-2193.6263
208	208	-3343.5356	-3310.1293	-3321.1364	33.406297	-3340.5818	-3318.2455	-3306.9056
209	209	-1560.9	-1547.8801	-1559.0926	13.019837	-1557.1088	-1555.0663	-1543.724
210	210	-2543.049	-2523.8219	-2533.3878	19.227037	-2539.6084	-2529.3788	-2520.1872
211	211	-3021.1501	-3016.1578	-3028.0625	4.9922706	-3018.111	-3024.3072	-3012.9481
212	212	-3059.8111	-3044.2214	-3055.4764	15.589699	-3056.5579	-3052.0748	-3040.7367
213	213	-1708.0015	-1658.6806	-1669.9986	49.320907	-1704.2882	-1666.1205	-1654.7821
214	214	-2957.6946	-2958.3984	-2969.37	-0.70380961	-2955.0911	-2967.5849	-2956.2475
215	215	-2144.7889	-2117.5047	-2129.052	27.284194	-2141.2718	-2125.1111	-2113.772
216	216	-2418.0458	-2405.7383	-2417.1051	12.307482	-2414.5599	-2413.2583	-2401.9199
217	217	-2052.1696	-2020.6967	-2030.8929	31.472831	-2048.5783	-2027.2191	-2016.889
218	218	-1986.006	-1966.6496	-1978.1015	19.35646	-1982.3785	-1974.0557	-1962.7165
219	219	-1796.805	-1737.3622	-1748.8692	59.442857	-1793.1346	-1744.934	-1733.5954
220	220	-2213.9175	-2190.8301	-2200.2586	23.087425	-2210.3983	-2196.9647	-2187.0415
221	221	-1416.3766	-1384.7991	-1396.064	31.577429	-1412.5152	-1391.9714	-1380.6336
222	222	-2888.9922	-2881.6383	-2892.1499	7.3539054	-2885.6912	-2888.9505	-2877.9655
223	223	-2993.761	-2990.1211	-3000.2373	3.6398949	-2990.6889	-2995.8178	-2986.5237
224	224	-2265.187	-2232.0843	-2243.3036	33.102718	-2261.7055	-2239.7689	-2228.4305
225	225	-1770.804	-1724.7747	-1736.2952	46.029319	-1767.1056	-1732.2562	-1720.917
226	226	-2053.3647	-2032.0019	-2041.5566	21.362805	-2049.7919	-2039.715	-2028.6809
227	227	-1637.0764	-1631.775	-1643.2635	5.3013051	-1633.3418	-1638.9115	-1627.5731
228	228	-2315.0907	-2297.5329	-2309.1382	17.55775	-2311.7723	-2305.3192	-2293.98
229	229	-1119.1202	-1084.2519	-1095.3353	34.868316	-1115.0866	-1091.1862	-1079.849
230	230	-2145.3912	-2137.8416	-2148.7983	7.5496575	-2141.8256	-2145.2081	-2133.8695
231	231	-2900.5834	-2890.3285	-2901.2345	10.254893	-2897.2506	-2898.0868	-2886.7481
232	232	-2585.618	-2556.6566	-2568.0719	28.961426	-2582.2141	-2564.4356	-2553.0992
233	233	-2929.8164	-2920.4694	-2931.7823	9.3469304	-2926.7887	-2928.5323	-2917.1879
234	234	-1292.6769	-1288.2715	-1299.6639	4.405367	-1288.7328	-1293.4312	-1284.3652
235	235	-1176.9702	-1172.1834	-1183.4276	4.7867519	-1172.9858	-1178.4477	-1166.7235
236	236	-2613.3853	-2611.5182	-2622.2228	1.867052	-2609.9897	-2618.8712	-2607.4029
237	237	-2913.6311	-2909.4808	-2917.6348	4.1503215	-2910.7748	-2915.5609	-2905.9732
238	238	-1148.4315	-1095.1027	-1106.6001	53.328816	-1144.4345	-1102.18	-1090.8412
239	239	-1751.6462	-1721.906	-1732.9447	29.740259	-1748.6486	-1729.3853	-1718.286
240	240	-1212.5975	-1208.0775	-1219.6389	4.5199199	-1208.6376	-1213.3695	-1203.6159
241	241	-2187.4999	-2184.7772	-2195.3161	2.7226983	-2183.9793	-2190.6313	-2180.3377
242	242	-989.53483	-967.45686	-978.36403	22.077974	-985.40841	-974.20782	-962.86873
243	243	-1152.0812	-1136.3206	-1147.2867	15.760634	-1148.0987	-1143.2127	-1131.8738
244	244	-1795.2835	-1771.5771	-1783.0449	23.706386	-1791.6067	-1778.9568	-1767.6186
245	245	-2354.3422	-2294.6615	-2306.0745	59.680759	-2351.0628	-2303.2096	-2291.8683
246	246	-2084.3564	-2071.1725	-2082.3288	13.183878	-2080.8277	-2078.6402	-2067.3018
247	247	-2080.67	-2040.8495	-2052.3275	39.820555	-2077.1003	-2048.4708	-2037.131
248	248	-1768.6264	-1734.945	-1746.5445	33.681442	-1764.9749	-1742.4125	-1731.0741
249	249	-1648.0583	-1595.2959	-1606.8425	52.762458	-1644.5853	-1603.3513	-1592.0129
250	250	-1646.286	-1617.0862	-1627.8915	29.199756	-1642.5457	-1624.3988	-1613.0606
251	251	-1710.8281	-1701.9395	-1713.4975	8.8885997	-1707.1207	-1709.2039	-1697.8646
252	252	-2150.5487	-2126.9486	-2138.5169	23.600158	-2147.0285	-2134.6402	-2123.3021
253	253	-1487.1659	-1480.496	-1491.4275	6.6698152	-1483.3368	-1487.6108	-1476.2664
254	254	-1490.6156	-1458.7323	-1470.3082	31.883337	-1486.8078	-1465.9661	-1454.6276
255	255	-2691.1056	-2671.582	-2682.8844	19.523631	-2687.809	-2679.4389	-2668.1004
256	256	-2283.875	-2251.3956	-2262.599	32.47935	-2280.5202	-2259.2837	-2247.9396
257	257	-2453.4602	-2427.1212	-2436.0809	26.338928	-2449.9933	-2432.6689	-2423.4868
258	258	-2407.7527	-2403.6	-2415.064	4.1526439	-2404.607	-2410.9309	-2399.5664
259	259	-1972.8345	-1936.7396	-1947.6282	36.094872	-1969.2325	-1944.2775	-1932.9384
260	260	-2183.4792	-2159.5969	-2170.8498	23.882316	-2179.9653	-2167.1741	-2155.8368
261	261	-2675.1632	-2675.9182	-2687.2744	-0.75501718	-2671.7977	-2683.9336	-2672.7538
262	262	-2413.2102	-2393.1333	-2404.7073	20.076842	-2410.1116	-2401.2842	-2389.946
263	263	-2168.3061	-2153.4567	-2162.5255	14.84944	-2164.7657	-2160.9205	-2149.5799
264	264	-2151.4987	-2120.7813	-2130.5938	30.717488	-2147.9491	-2126.8015	-2117.0234
265	265	-2065.4897	-2040.9465	-2052.2565	24.543271	-2062.0931	-2048.7165	-2037.3782
266	266	-3289.766	-3286.2477	-3295.4211	3.5183131	-3287.0143	-3293.4407	-3283.1627
267	267	-1450.7828	-1450.161	-1461.5332	0.62179079	-1446.9646	-1457.1082	-1445.3686
268	268	-2044.3453	-1997.1094	-2008.6784	47.235886	-2040.7625	-2004.7591	-1993.4202
269	269	-2331.4333	-2312.0607	-2323.4465	19.372613	-2327.9666	-2319.665	-2308.3254
270	270	-1982.4938	-1957.3933	-1968.8384	25.100525	-1978.8876	-1964.876	-1953.539
271	271	-1683.563	-1636.3694	-1647.8745	47.193597	-1679.8572	-1643.8374	-1632.4984
272	272	-2411.7955	-2392.858	-2404.0458	18.93746	-2408.3551	-2400.5109	-2389.1722
273	273	-2212.5258	-2198.0478	-2208.9951	14.478057	-2209.016	-2205.5162	-2194.1763
274	274	-2030.0391	-2004.6901	-2016.2561	25.34903	-2026.467	-2012.2204	-2000.8811
275	275	-1154.1987	-1127.1492	-1138.645	27.049552	-1150.1956	-1134.1055	-1122.7675
276	276	-1660.1919	-1626.6199	-1638.1978	33.572006	-1656.6545	-1634.3851	-1623.0441
277	277	-2149.9316	-2130.6287	-2142.0997	19.302927	-2146.3716	-2138.1106	-2126.7718
278	278	-1746.1586	-1700.3409	-1711.3559	45.817661	-1742.4792	-1707.8209	-1696.4821
279	279	-3307.8393	-3297.1458	-3307.6877	10.693591	-3304.8087	-3305.2349	-3293.8917
280	280	-2139.897	-2104.0717	-2115.5272	35.825361	-2136.3632	-2111.704	-2100.3658
281	281	-1678.9234	-1639.729	-1651.2754	39.194459	-1675.3388	-1647.4174	-1636.0782
282	282	-1673.2231	-1645.5361	-1657.0089	27.686986	-1669.5143	-1652.8642	-1641.5257
283	283	-2176.1081	-2137.6325	-2148.9404	38.475674	-2172.5906	-2145.3059	-2133.9653
284	284	-1948.9391	-1904.3877	-1915.9597	44.551448	-1945.2971	-1911.9635	-1900.6245
285	285	-2728.6849	-2704.3417	-2715.6111	24.343189	-2725.4761	-2712.345	-2701.0033
286	286	-1980.2707	-1924.8127	-1936.2179	55.457966	-1976.6569	-1932.4336	-1921.095
287	287	-2895.1944	-2875.3878	-2886.8602	19.806547	-2891.9112	-2883.2668	-2871.9286
288	288	-1910.3022	-1894.7114	-1906.1366	15.590815	-1906.6702	-1902.0978	-1890.7593
289	289	-1787.6784	-1777.4292	-1789.0085	10.249248	-1784.0178	-1784.7012	-1773.3628
290	290	-1605.6331	-1565.5887	-1576.7689	40.044397	-1601.88	-1572.9217	-1561.5834
291	291	-1438.1183	-1381.0273	-1392.6094	57.090919	-1434.2758	-1388.3367	-1376.9997
292	292	-1989.2394	-1982.6193	-1994.1821	6.6201126	-1985.6629	-1989.9362	-1978.2123
293	293	-2567.9812	-2552.8967	-2564.4171	15.08447	-2564.7275	-2560.7359	-2549.3976
294	294	-2492.049	-2478.621	-2490.2663	13.427962	-2488.7572	-2486.409	-2475.0697
295	295	-2988.5368	-2985.0983	-2996.976	3.4385091	-2985.6118	-2993.295	-2981.6606
296	296	-2496.4343	-2453.3987	-2464.9055	43.035673	-2493.0147	-2461.2191	-2449.8798
297	297	-1181.6528	-1154.0891	-1164.4844	27.563661	-1177.665	-1160.6005	-1149.7293
298	298	-2559.5925	-2559.5713	-2571.7001	0.021135685	-2556.2159	-2567.0848	-2555.7164
299	299	-2119.0406	-2091.0108	-2102.3534	28.029765	-2115.4526	-2098.7002	-2087.3588
300	300	-1636.0126	-1612.0966	-1622.8312	23.915991	-1632.2903	-1619.2387	-1608.0596
301	301	-2938.2667	-2917.5838	-2928.9907	20.682938	-2934.965	-2925.4212	-2914.0822
302	302	-2338.7625	-2302.041	-2313.6158	36.721503	-2335.2936	-2309.7753	-2298.4362
303	303	-2579.6908	-2550.3011	-2562.0256	29.389642	-2576.4146	-2558.3023	-2546.9638
304	304	-2459.6048	-2457.1289	-2468.9055	2.4758977	-2456.1651	-2464.2476	-2452.8077
305	305	-3064.4068	-3053.5394	-3064.9651	10.867312	-3061.1537	-3061.3584	-3050.0185
306	306	-1297.4262	-1269.9954	-1280.7847	27.430757	-1293.5004	-1277.0523	-1265.7127
307	307	-1453.0032	-1423.164	-1434.2402	29.839235	-1449.1887	-1430.3683	-1419.0286
308	308	-2585.3053	-2577.3258	-2588.7924	7.9794415	-2581.892	-2584.9297	-2573.5908
309	309	-2313.8425	-2310.6389	-2322.1105	3.2035923	-2310.3378	-2317.5628	-2306.4592
310	310	-3758.858	-3758.3738	-3771.9594	0.48419552	-3755.8686	-3765.9239	-3755.3662
311	311	-2202.8388	-2162.2929	-2173.2206	40.545947	-2199.327	-2169.9999	-2158.6579
312	312	-2368.3226	-2353.7204	-2364.724	14.602141	-2364.8797	-2361.3916	-2350.0535
313	313	-2464.4681	-2446.5555	-2457.4992	17.912618	-2461.0353	-2454.2056	-2442.8633
314	314	-3314.5042	-3297.5052	-3306.2176	16.998991	-3311.3216	-3304.652	-3294.2676
315	315	-1706.9402	-1681.9396	-1692.1953	25.000557	-1703.2282	-1689.0581	-1677.8746
316	316	-2600.0373	-2576.0016	-2587.6195	24.035674	-2596.6566	-2583.9194	-2572.5805
317	317	-2344.0489	-2344.1382	-2354.302	-0.089228195	-2340.605	-2351.1573	-2340.4257
318	318	-1676.2801	-1622.9207	-1634.3645	53.359386	-1672.5424	-1630.3908	-1619.0519
319	319	-1605.6795	-1604.5662	-1614.0225	1.113339	-1601.9261	-1611.2422	-1599.7386
320	320	-1960.0586	-1914.1942	-1925.503	45.864434	-1956.4408	-1921.7766	-1910.4378
321	321	-3097.588	-3085.759	-3097.2075	11.829027	-3094.3489	-3093.5954	-3082.2587
322	322	-1212.0532	-1150.5643	-1162.1291	61.488895	-1208.0925	-1157.7226	-1146.3826
323	323	-1825.8844	nan	-1830.4034	nan	-1822.2502	-1826.4632	-1814.8065
324	324	-1521.3207	-1481.0469	-1492.5441	40.27375	-1517.5198	-1488.339	-1477.0006
325	325	-1355.2149	-1325.9454	-1336.7463	29.26947	-1351.3326	-1333.0833	-1321.7449
326	326	-3496.0216	-3493.1473	-3505.8862	2.8742689	-3492.8543	-3501.1345	-3489.4143
327	327	-1321.9405	-1303.0826	-1314.4145	18.857901	-1318.0294	-1310.0745	-1298.735
328	328	-2437.2137	-2428.7214	-2438.9892	8.492353	-2433.7474	-2435.5693	-2424.8788
329	329	-2220.1831	-2207.8647	-2219.3313	12.318348	-2216.6785	-2215.3319	-2203.9937
330	330	-1195.9813	-1180.5504	-1191.8133	15.430919	-1192.0144	-1187.4867	-1176.1491
331	331	-1079.4619	-1053.2852	-1064.7663	26.176703	-1075.4076	-1060.1487	-1048.8096
332	332	-2332.5064	-2316.744	-2327.648	15.762459	-2329.024	-2324.3062	-2312.9673
333	333	-2630.9136	-2618.5108	-2629.9932	12.402848	-2627.5383	-2626.1751	-2614.836
334	334	-2305.481	-2295.9169	-2307.2272	9.5641136	-2302.018	-2303.4406	-2292.1028
335	335	-1988.4942	-1952.9604	-1964.5684	35.533752	-1984.9062	-1960.6008	-1949.2651
336	336	-1448.6003	-1426.6515	-1436.8625	21.948798	-1444.7751	-1433.2213	-1422.4547
337	337	-2223.114	-2206.3731	-2217.5277	16.740879	-2219.6237	-2213.9298	-2202.5919
338	338	-1879.0038	-1875.2757	-1886.9465	3.7281021	-1875.3666	-1882.6503	-1870.2836
339	339	-2838.5859	-2810.7456	-2821.5389	27.840231	-2835.6133	-2818.9002	-2807.7898
340	340	-1403.3189	-1374.9641	-1385.7635	28.354773	-1399.4601	-1382.1345	-1370.7963
341	341	-3485.8917	-3477.6077	-3487.7428	8.2840285	-3482.7448	-3485.5496	-3474.2095
342	342	-3012.4961	-2979.6425	-2986.8564	32.853537	-3009.2267	-2983.8503	-2976.2841
343	343	-2672.0595	-2665.4722	-2675.3901	6.5872797	-2669.2594	-2673.8052	-2662.4485
344	344	-2376.4235	-2369.232	-2378.7324	7.1914332	-2373.2088	-2377.034	-2365.4246
345	345	-2391.4379	-2359.0966	-2370.2596	32.341262	-2387.9773	-2366.786	-2355.4477
346	346	-2395.3687	-2390.8227	-2397.5264	4.545985	-2391.9099	-2395.8839	-2387.0587
347	347	-3212.8247	-3199.3493	-3210.7498	13.475351	-3210.1494	-3207.8981	-3196.5583
348	348	-2502.7513	-2487.4581	-2497.4277	15.293219	-2499.5171	-2493.9228	-2483.9849
349	349	-2403.1663	-2380.5692	-2392.1229	22.597124	-2399.7104	-2388.2093	-2376.87
350	350	-2046.2903	-2004.5929	-2016.1178	41.697408	-2042.7233	-2012.2174	-2000.8796
351	351	-2843.2337	-2815.2644	-2826.7627	27.969301	-2839.917	-2823.3593	-2812.021
352	352	-1493.4189	-1484.3529	-1495.3071	9.0659944	-1489.6151	-1491.4293	-1480.0914
353	353	-1189.7131	-1160.0711	-1171.2766	29.642024	-1185.7401	-1167.0781	-1155.7377
354	354	-2358.3404	-2357.92	-2367.6844	0.42031721	-2354.9001	-2364.0299	-2354.6951
355	355	-2467.9593	-2464.2214	-2474.3911	3.7379545	-2465.1211	-2472.7801	-2460.599
356	356	-2365.8399	-2366.5406	-2377.9204	-0.70073947	-2362.3931	-2374.8889	-2363.1144
357	357	-2291.9401	-2268.3659	-2279.8045	23.574249	-2288.4828	-2276.018	-2264.6796
358	358	-1960.6741	-1941.1065	-1952.3187	19.567562	-1957.0633	-1948.5077	-1937.1728
359	359	-1722.7745	-1679.3767	-1690.9564	43.397766	-1719.0618	-1686.7787	-1675.4416
360	360	-3161.9789	-3150.1488	-3161.6126	11.830054	-3158.8838	-3158.1622	-3146.8238
361	361	-2264.862	-2254.6659	-2266.1146	10.196105	-2261.3754	-2262.1409	-2250.8016
362	362	-3983.3617	-3977.0423	-3987.9109	6.3193893	-3980.3236	-3984.5627	-3973.7298
363	363	-1596.3941	-1564.3443	-1575.4001	32.049724	-1592.6143	-1571.6796	-1560.3416
364	364	-2017.2021	-1986.8278	-1997.6172	30.374252	-2013.6197	-1994.3225	-1982.9967
365	365	-1587.245	-1569.4179	-1580.395	17.827127	-1583.4811	-1576.6132	-1565.2735
366	366	-1092.7571	-1078.8363	-1090.4424	13.920793	-1088.7292	-1085.6627	-1074.3236
367	367	-1999.7338	-1983.0821	-1994.5313	16.651721	-1996.3256	-1990.7917	-1979.4545
368	368	-2734.9334	-2722.9617	-2734.4133	11.971657	-2731.7367	-2730.863	-2719.5247
369	369	-2473.3875	-2464.4499	-2476.195	8.9376078	-2469.9611	-2472.3073	-2460.969
370	370	-1891.2736	-1877.8438	-1889.2695	13.429771	-1887.6349	-1885.2313	-1873.8934
371	371	-2013.2539	-1998.9387	-2009.8777	14.315176	-2009.6985	-2006.3694	-1995.0319
372	372	-2189.6736	-2161.6723	-2172.672	28.00135	-2186.1399	-2169.253	-2157.9147
373	373	-3078.5935	-3074.2127	-3084.7801	4.3807798	-3075.3436	-3081.8413	-3070.5614
374	374	-1378.0756	-1362.8823	-1374.1275	15.193305	-1374.2156	-1369.9412	-1358.6046
375	375	-951.29909	-934.6236	-945.8442	16.675494	-947.15885	-941.30114	-929.96134
376	376	-2343.4377	-2326.1548	-2336.0428	17.282899	-2339.9206	-2332.619	-2322.3572
377	377	-2276.9402	-2226.7374	-2238.2385	50.20285	-2273.4569	-2234.5225	-2223.1841
378	378	-2535.8994	-2522.3772	-2533.7618	13.52228	-2532.6051	-2530.1686	-2518.8294
379	379	-2107.3982	-2097.9815	-2109.4355	9.4166265	-2103.8625	-2105.4013	-2094.0588
380	380	-2187.4113	-2176.6677	-2188.1256	10.743625	-2183.8913	-2184.1792	-2172.8399
381	381	-2155.6943	-2114.0761	-2125.5875	41.618196	-2152.1783	-2121.6892	-2110.3516
382	382	-3750.4815	-3726.607	-3738.1719	23.874537	-3747.3701	-3734.7587	-3723.4205
383	383	-1419.7881	-1396.7335	-1408.2732	23.054568	-1415.9427	-1403.867	-1392.5297
384	384	-1433.9161	-1419.7674	-1431.2087	14.148724	-1430.0819	-1426.8784	-1415.5378
385	385	-1511.9598	-1472.1528	-1483.6785	39.806959	-1508.1807	-1479.4813	-1468.1426
386	386	-1308.1399	-1299.1857	-1304.8282	8.9541943	-1304.2006	-1301.0117	-1289.6271
387	387	-1640.7076	-1632.1005	-1644.3957	8.6071191	-1636.9586	-1640.1418	-1628.1501
388	388	-2272.285	-2260.3358	-2271.748	11.949204	-2269.2296	-2268.4087	-2257.0719
389	389	-1428.2961	-1383.9413	-1395.3971	44.35485	-1424.4664	-1391.4263	-1380.0879
390	390	-1527.2624	-1511.4523	-1522.9712	15.810101	-1523.4664	-1518.6022	-1507.264
391	391	-1651.4718	-1652.5179	-1648.7179	-1.0461432	-1647.74	-1644.2027	-1636.1148
392	392	-2833.2255	-2828.5826	-2839.7459	4.6428675	-2830.1827	-2836.5666	-2825.1046
393	393	-2489.3412	-2461.5567	-2472.2723	27.784561	-2485.8935	-2469.2879	-2457.9504
394	394	-1663.1729	-1637.164	-1648.3081	26.008862	-1659.4443	-1644.4405	-1633.102
395	395	-1935.8389	-1896.1462	-1907.6181	39.692747	-1932.2123	-1903.6617	-1892.3254
396	396	-2292.7059	-2271.6882	-2283.1317	21.017687	-2289.466	-2279.641	-2268.3028
397	397	-1852.2655	-1831.1108	-1842.5644	21.154665	-1848.6241	-1838.5022	-1827.1616
398	398	-1528.3721	-1485.8419	-1496.9818	42.530198	-1524.5405	-1493.1282	-1481.7897
399	399	-1762.4602	-1714.1669	-1725.6895	48.293263	-1758.7356	-1721.6532	-1710.3147
400	400	-1908.6503	-1890.4795	-1901.6849	18.170741	-1905.0167	-1897.8382	-1886.4974
401	401	-1401.4323	-1394.1736	-1405.5961	7.2587485	-1397.6003	-1401.2008	-1389.8634
402	402	-2236.6648	-2211.3948	-2222.42	25.270027	-2233.1394	-2218.9931	-2207.6534
403	403	-2273.8131	-2267.6644	-2278.9821	6.1487744	-2270.3204	-2275.0945	-2263.7562
404	404	-2071.1316	-2046.3328	-2057.8359	24.798863	-2067.7546	-2054.1684	-2042.8302
405	405	-2063.6375	-2045.6083	-2057.1542	18.029255	-2060.0973	-2053.1854	-2041.8462
406	406	-1558.8967	-1514.475	-1525.8545	44.421687	-1555.1265	-1521.8502	-1510.5117
407	407	-2093.221	-2071.5055	-2083.0771	21.715551	-2089.6891	-2079.1312	-2067.7946
408	408	-1639.0997	-1620.124	-1631.6643	18.975753	-1635.3373	-1627.3682	-1616.0293
409	409	-1829.4846	-1810.9403	-1821.3916	18.544256	-1825.8345	-1818.2519	-1806.9386
410	410	-1892.3858	-1862.6474	-1873.9592	29.738333	-1888.7664	-1870.0959	-1858.7566
411	411	-4253.8862	-4238.7175	-4249.4849	15.16874	-4251.0302	-4246.3282	-4235.7602
412	412	-1763.1406	-1746.1513	-1757.6312	16.989345	-1759.4828	-1753.4849	-1742.1463
413	413	-1839.5543	-1821.8271	-1833.3016	17.727229	-1835.9056	-1829.2104	-1817.8727
414	414	-2299.3737	-2259.7157	-2270.8427	39.658022	-2295.8424	-2267.3707	-2256.0324
415	415	-2420.0796	-2415.14	-2426.6651	4.9396038	-2416.7911	-2422.8063	-2411.4662
416	416	-2454.6304	-2435.0663	-2445.2541	19.564169	-2451.5099	-2442.0631	-2431.8294
417	417	-1563.0383	-1547.8923	-1558.7918	15.145948	-1559.2635	-1555.046	-1543.7076
418	418	-2110.3791	-2092.3475	-2103.8135	18.031624	-2106.818	-2100.1901	-2088.8498
419	419	-2869.4865	-2866.2485	-2875.7252	3.2379915	-2866.7055	-2873.5028	-2862.8824
420	420	-2948.0239	-2939.7521	-2951.1248	8.2717667	-2944.7464	-2947.4755	-2936.136
421	421	-2507.9011	-2488.3119	-2499.8368	19.589254	-2504.8909	-2496.5342	-2485.1935
422	422	-3110.3263	-3088.5971	-3099.5684	21.729229	-3107.0919	-3096.5454	-3085.207
423	423	-1614.3387	-1594.2703	-1605.7743	20.068383	-1610.5855	-1601.8221	-1590.4811
424	424	-1274.1643	-1262.807	-1274.127	11.357261	-1270.2736	-1269.7952	-1258.4569
425	425	-2827.8117	-2816.0351	-2827.4204	11.776629	-2824.4512	-2823.7288	-2812.3901
426	426	-1725.3826	-1684.565	-1696.0162	40.817595	-1721.6954	-1692.0093	-1680.6701
427	427	-1744.9976	-1736.1081	-1747.3316	8.8895233	-1741.3185	-1743.3469	-1732.0082
428	428	-1698.424	-1682.7872	-1693.8657	15.636892	-1694.7136	-1690.0157	-1678.6758
429	429	-1313.2342	-1283.1764	-1294.6508	30.057784	-1309.3156	-1290.2562	-1278.9184
430	430	-1660.8858	-1657.7454	-1668.4853	3.1403454	-1657.1697	-1663.9478	-1652.6068
431	431	-2096.3236	-2081.7478	-2093.3013	14.575817	-2092.8035	-2089.2431	-2077.9036
432	432	-1725.05	-1707.4138	-1718.6702	17.636177	-1721.3242	-1714.6692	-1703.33
433	433	-2582.0962	-2572.4139	-2582.4659	9.6822978	-2578.8721	-2578.5901	-2568.918
434	434	-2139.5189	-2088.6317	-2099.9849	50.887185	-2135.9864	-2096.5242	-2085.1849
435	435	-2117.8098	-2068.9001	-2080.4611	48.909739	-2114.2706	-2076.6035	-2065.2647
436	436	-1739.2843	-1707.3618	-1718.9061	31.922566	-1735.6082	-1714.7493	-1703.4112
437	437	-1090.8314	-1062.3115	-1072.8806	28.519939	-1086.8001	-1068.9077	-1057.8752
438	438	-2931.5717	-2917.5446	-2927.8579	14.027168	-2928.2363	-2924.1028	-2913.9157
439	439	-2902.7322	-2895.3153	-2906.3318	7.4169134	-2899.4353	-2903.0626	-2891.6564
440	440	-1628.5019	-1611.9075	-1623.4639	16.594359	-1624.7905	-1619.2347	-1607.8955
441	441	-3284.2709	-3275.17	-3285.9219	9.100933	-3281.0654	-3282.9854	-3271.6473
442	442	-3571.1931	-3564.2412	-3575.7029	6.9519208	-3568.0786	-3572.2936	-3560.9423
443	443	-2554.1368	-2538.8062	-2550.3828	15.33059	-2550.7402	-2546.5472	-2535.2091
444	444	-2545.0678	-2515.0226	-2524.9681	30.045256	-2541.6518	-2521.722	-2511.4538
445	445	-2986.6067	-2977.0785	-2987.7694	9.5281957	-2983.3136	-2983.6385	-2973.447
446	446	-1806.4629	-1752.4058	-1763.0012	54.057057	-1802.7643	-1759.914	-1748.576
447	447	-2158.7015	-2156.0771	-2167.7552	2.6244114	-2155.1631	-2162.9143	-2151.5104
448	448	-1609.84	-1583.0087	-1594.1464	26.831293	-1606.1101	-1590.3243	-1578.9862
449	449	-3488.3776	-3476.541	-3487.612	11.83659	-3485.2324	-3484.5145	-3473.1762
450	450	-2352.0414	-2346.2655	-2356.5816	5.77587	-2348.5757	-2352.6053	-2342.169
451	451	-2326.2667	-2278.5443	-2289.888	47.722436	-2323.0504	-2286.8385	-2275.4961
452	452	-2847.5244	-2829.6881	-2837.973	17.836298	-2844.1996	-2836.8406	-2826.1188
453	453	-1798.211	-1767.1761	-1778.736	31.034893	-1794.5267	-1774.584	-1763.2459
454	454	-2330.897	-2331.0662	-2342.99	-0.16926535	-2327.4039	-2338.8317	-2326.8678
455	455	-3421.9836	-3398.9831	-3410.1552	23.000504	-3418.8042	-3406.7979	-3395.8076
456	456	-2655.1412	-2654.0202	-2664.2755	1.1209851	-2651.7734	-2661.8007	-2650.3832
457	457	-2546.6919	-2542.9934	-2553.5022	3.6985254	-2543.2948	-2549.6573	-2538.9216
458	458	-2119.762	-2099.9316	-2111.4341	19.830354	-2116.1982	-2107.3494	-2096.0122
459	459	-2439.1448	-2418.5831	-2426.8177	20.561674	-2435.6828	-2423.2239	-2414.8918
460	460	-3009.7767	-2978.7064	-2990.0114	31.070261	-3007.2283	-2986.9762	-2975.6381
461	461	-1889.8323	-1849.9185	-1861.0601	39.913737	-1886.2057	-1857.4347	-1846.0959
462	462	-2106.0221	-2086.5153	-2098.0039	19.506812	-2102.7844	-2094.4671	-2083.1298
463	463	-1574.7257	-1542.1637	-1553.1899	32.562008	-1570.9561	-1549.4514	-1538.1105
464	464	-2842.4379	-2821.6464	-2833.6254	20.791561	-2839.1167	-2830.0858	-2818.7428
465	465	-2527.2921	-2513.8896	-2525.1538	13.402501	-2524.0713	-2521.7895	-2510.4518
466	466	-2136.4082	-2127.1223	-2137.8868	9.2858917	-2132.8727	-2134.5199	-2123.1805
467	467	-1729.6741	-1720.9764	-1731.4402	8.6977576	-1725.9758	-1727.6021	-1716.7856
468	468	-2209.4717	-2196.9634	-2208.4579	12.508293	-2205.9589	-2204.4582	-2193.12
469	469	-1875.2654	-1847.1952	-1857.2594	28.070262	-1871.6344	-1854.3939	-1843.2859
470	470	-2655.9147	-2648.6149	-2660.1849	7.2997665	-2652.6904	-2656.3821	-2645.0437
471	471	-2480.0273	-2445.5587	-2457.0683	34.468614	-2476.606	-2453.3406	-2442.0014
472	472	-1647.3092	-1635.6085	-1646.9921	11.700713	-1643.5696	-1642.7504	-1631.4117
473	473	-2396.4992	-2379.4575	-2390.2529	17.04177	-2393.0506	-2386.9191	-2375.8554
474	474	-2096.8026	-2075.2766	-2086.1973	21.526048	-2093.266	-2082.768	-2071.428
475	475	-1295.6456	-1276.3376	-1286.0906	19.308027	-1291.7435	-1282.7529	-1272.0044
476	476	-2788.1145	-2780.2988	-2789.781	7.8156465	-2784.7856	-2785.6439	-2776.608
477	477	-1612.2464	-1585.1811	-1594.0782	27.065338	-1608.4824	-1590.4857	-1581.0758
478	478	-1171.944	-1125.7264	-1137.2289	46.217674	-1167.9466	-1132.7825	-1121.4444
479	479	-1334.0625	-1328.4408	-1339.9373	5.6217568	-1330.1612	-1335.4457	-1323.0664
480	480	-1547.8031	-1523.9802	-1534.3024	23.822907	-1543.9924	-1530.6221	-1519.8093
481	481	-2291.2965	-2282.6816	-2293.6469	8.614956	-2287.825	-2290.2883	-2278.951
482	482	-2581.0905	-2558.5406	-2567.3532	22.549979	-2577.6653	-2564.0505	-2554.9292
483	483	-2434.6043	-2429.2633	-2440.8256	5.340997	-2431.3087	-2436.9543	-2424.9752
484	484	-2262.8915	-2245.1327	-2256.775	17.758761	-2259.4143	-2252.8514	-2241.5138
485	485	-3513.2583	-3497.3322	-3508.0696	15.926104	-3510.1004	-3505.1579	-3494.0202
486	486	-2007.2106	-1994.9116	-2005.5918	12.299047	-2003.6318	-2001.9524	-1990.9374
487	487	-3754.0526	-3754.7569	-3772.8322	-0.70426443	-3751.8912	-3764.4358	-3753.0469
488	488	-2250.0362	-2201.2932	-2212.75	48.74304	-2247.0795	-2209.0764	-2197.736
489	489	-1452.9874	-1428.5873	-1439.8456	24.400044	-1449.152	-1435.7524	-1424.4126
490	490	-1885.5264	-1863.1903	-1872.7677	22.336085	-1881.9056	-1868.6168	-1859.3407
491	491	-1493.6859	-1478.0063	-1489.4593	15.679552	-1489.8537	-1485.0798	-1473.7409
492	492	-2517.5274	-2514.0593	-2522.2701	3.4680958	-2514.1421	-2519.732	-2509.7107
493	493	-2869.3436	-2849.4473	-2860.5139	19.896271	-2866.0423	-2857.2584	-2845.9208
494	494	-2716.4486	-2711.3525	-2722.29	5.0961497	-2713.3368	-2719.0524	-2707.9384
495	495	-2209.7425	-2192.7176	-2204.0878	17.024905	-2206.2342	-2200.2611	-2188.9227
496	496	-1671.6533	-1657.9935	-1669.0059	13.659855	-1667.9161	-1665.198	-1653.8589
497	497	-2149.3441	-2149.8984	-2160.2965	-0.55428256	-2145.8165	-2156.5489	-2146.1135
498	498	-1785.156	-1744.7218	-1756.2252	40.434223	-1781.4791	-1752.4369	-1741.0987
499	499	-1843.7549	-1791.8816	-1803.4169	51.873258	-1840.3309	-1799.9634	-1788.6236
