No.	ID	loglik_NUll	loglik_RES	loglik_all	log_ratio	loglik_Max1	loglik_Max2	loglik_Max3
0	0	-2188.0786	-2175.0822	-2186.1254	12.996425	-2184.5623	-2182.5726	-2171.2352
1	1	-2969.7636	-2958.2218	-2968.3658	11.541829	-2966.4689	-2966.8012	-2955.464
2	2	-1723.5067	-1709.2768	-1719.9608	14.229886	-1719.8155	-1716.3043	-1705.1695
3	3	-2387.081	-2346.3549	-2357.8675	40.72612	-2383.7277	-2354.0846	-2342.7476
4	4	-2537.0148	-2519.5353	-2530.8925	17.47951	-2533.6082	-2527.1398	-2515.8016
5	5	-2299.0661	-2273.5609	-2285.0887	25.505262	-2295.5847	-2281.6251	-2270.2848
6	6	-1528.4875	-1513.3933	-1524.8631	15.094139	-1524.7129	-1520.7359	-1509.3967
7	7	-1590.0991	-1565.6867	-1577.2516	24.412322	-1586.345	-1572.7279	-1561.3896
8	8	-4387.1921	-4385.0147	-4398.2575	2.1774018	-4384.2129	-4387.4458	-4382.3968
9	9	-1890.5171	-1858.6606	-1870.1527	31.856479	-1886.8982	-1865.9493	-1854.6111
10	10	-1986.4285	-1946.6118	-1957.6315	39.816645	-1982.8546	-1954.0955	-1942.9746
11	11	-3093.4407	-3070.9568	-3078.6286	22.483934	-3090.1953	-3076.8762	-3067.8835
12	12	-2385.7657	-2383.1615	-2393.7814	2.6042062	-2382.4442	-2391.5176	-2379.8063
13	13	-2337.7381	-2324.2175	-2331.0437	13.520646	-2334.2504	-2327.3491	-2320.8805
14	14	-1897.9204	-1880.9561	-1892.1929	16.96433	-1894.3021	-1888.6037	-1877.2656
15	15	-2052.6276	-2036.2017	-2047.1292	16.425914	-2049.0579	-2043.4494	-2032.1034
16	16	-2034.3944	-2026.6308	-2038.4435	7.7636231	-2030.7996	-2035.0732	-2023.7348
17	17	-1934.3339	-1884.2179	-1895.6991	50.115974	-1931.1271	-1891.5814	-1880.2426
18	18	-1600.966	-1535.3816	-1544.3183	65.584453	-1597.1968	-1539.8724	-1531.2217
19	19	-1365.4761	-1283.031	-1294.6099	82.445093	-1361.6043	-1290.2564	-1278.9172
20	20	-1356.9305	-1349.1917	-1360.8356	7.7387934	-1353.0452	-1356.5609	-1345.2185
21	21	-2275.787	-2238.8358	-2250.394	36.951189	-2272.3965	-2247.1414	-2235.7953
22	22	-2187.9371	-2168.8528	-2180.5438	19.084309	-2184.4201	-2176.4779	-2165.1385
23	23	-2099.5878	-2096.1557	-2107.6342	3.4321013	-2096.0531	-2105.4085	-2092.646
24	24	-2277.5595	-2251.8258	-2263.279	25.733703	-2274.0826	-2259.5172	-2248.1747
25	25	-1985.7818	-1977.624	-1989.1297	8.1578463	-1982.1728	-1985.4866	-1974.1469
26	26	-2001.6128	-1975.5983	-1987.1183	26.014512	-1998.0553	-1983.4006	-1972.0619
27	27	-1073.7248	-1001.2124	-1012.7476	72.512441	-1069.6467	-1008.338	-996.99957
28	28	-1670.1324	-1620.6028	-1632.1246	49.529597	-1666.3794	-1628.021	-1616.6828
29	29	-1776.5764	-1759.4983	-1767.5197	17.078091	-1772.8582	-1763.0189	-1755.5177
30	30	-2593.9919	-2556.8564	-2568.284	37.135501	-2590.8228	-2564.4954	-2553.1563
31	31	-1241.8922	-1198.4802	-1209.7289	43.411947	-1237.9559	-1205.4908	-1194.1523
32	32	-2286.2493	-2232.9105	-2244.4396	53.338749	-2282.7429	-2240.4894	-2229.1502
33	33	-1896.9017	-1851.4984	-1863.4052	45.403301	-1893.4692	-1859.6597	-1848.3226
34	34	-1464.2149	-1416.7251	-1428.0347	47.489841	-1460.3617	-1423.723	-1412.3848
35	35	-1744.4779	-1707.7885	-1719.29	36.689331	-1740.7705	-1715.3529	-1704.0145
36	36	-1794.8658	-1762.1158	-1773.2471	32.750088	-1791.207	-1769.7015	-1758.3632
37	37	-1801.2679	-1762.7376	-1773.8894	38.530287	-1798.1696	-1770.1982	-1758.8583
38	38	-1570.2431	-1540.1359	-1551.6822	30.107214	-1566.4621	-1547.4154	-1536.0776
39	39	-1743.3135	-1730.2957	-1739.6081	13.01777	-1739.6071	-1737.5728	-1726.7018
40	40	-1843.2264	-1794.3611	-1805.9126	48.865317	-1839.5841	-1801.8637	-1790.5251
41	41	-1794.0086	-1791.9759	-1801.225	2.0327044	-1790.6353	-1798.7648	-1787.4259
42	42	-1209.3842	-1180.8412	-1192.0814	28.543031	-1205.6053	-1187.3092	-1177.3108
43	43	-1792.3559	-1793.0731	-1805.012	-0.7172139	-1789.2761	-1800.1328	-1789.3275
44	44	-1688.7872	-1642.6647	-1654.344	46.122512	-1685.0728	-1650.7145	-1639.3761
45	45	-2289.8053	-2256.1134	-2267.6533	33.691885	-2286.5642	-2264.0236	-2252.6852
46	46	-2309.6643	-2283.9852	-2295.5097	25.679095	-2306.1703	-2291.4861	-2280.1489
47	47	-2358.1517	-2342.6208	-2354.2341	15.530873	-2354.6824	-2350.2906	-2338.9522
48	48	-2405.7813	-2397.8383	-2407.9363	7.9429415	-2402.3489	-2405.8681	-2394.5285
49	49	-1735.5422	-1692.64	-1703.7954	42.902237	-1731.8414	-1699.8114	-1688.4701
50	50	-1664.9654	-1634.4977	-1645.9659	30.467679	-1661.4195	-1642.002	-1630.6632
51	51	-2795.5685	-2788.3436	-2797.9581	7.2248739	-2792.1954	-2795.891	-2785.3553
52	52	-1970.6714	-1944.3981	-1956.0348	26.273252	-1967.1074	-1952.0443	-1940.7043
53	53	-2839.2871	-2837.0749	-2847.5852	2.2122258	-2836.0626	-2845.5883	-2833.513
54	54	-2200.7287	-2151.5299	-2163.0323	49.198837	-2197.6691	-2159.2282	-2147.8902
55	55	-1746.7213	-1670.1182	-1681.3039	76.60313	-1743.0871	-1677.8452	-1666.5066
56	56	-2171.8504	-2144.9971	-2155.6947	26.853286	-2168.336	-2152.3853	-2141.0469
57	57	-1853.9472	-1803.402	-1814.4808	50.545241	-1850.2798	-1810.292	-1799.7122
58	58	-1270.9528	-1233.2305	-1244.3505	37.722302	-1267.025	-1240.4071	-1229.0694
59	59	-2207.3027	-2193.6595	-2202.7781	13.643162	-2203.7914	-2201.6678	-2190.3129
60	60	-2108.4364	-2091.9033	-2103.3994	16.533171	-2104.8876	-2099.6888	-2088.3505
61	61	-2169.5561	-2136.1754	-2147.9872	33.38065	-2166.0325	-2144.6736	-2133.3352
62	62	-2269.5253	-2203.6124	-2215.1148	65.912828	-2266.0084	-2211.2232	-2199.8847
63	63	-1776.0073	-1757.8093	-1767.996	18.19802	-1772.3675	-1764.3666	-1753.025
64	64	-1827.5355	-1791.1195	-1802.5895	36.416043	-1823.8572	-1798.7025	-1787.3632
65	65	-2746.1958	-2718.2735	-2728.2175	27.922317	-2742.8151	-2724.9501	-2715.1158
66	66	-1890.203	-1856.2747	-1867.725	33.928278	-1886.5879	-1863.9567	-1852.618
67	67	-2674.2369	-2613.2448	-2624.4873	60.992071	-2671.1456	-2621.4972	-2610.1582
68	68	-2786.3065	-2770.219	-2781.6185	16.087511	-2782.9831	-2777.7803	-2766.4409
69	69	-2375.5209	-2312.0626	-2323.6631	63.458309	-2372.2441	-2319.6754	-2308.3356
70	70	-1811.3141	-1776.1114	-1787.5051	35.202674	-1807.6005	-1783.6775	-1772.3405
71	71	-1970.8484	-1957.516	-1965.5676	13.332474	-1967.2533	-1961.6208	-1953.3566
72	72	-1422.2026	-1361.6083	-1373.1114	60.59427	-1418.9406	-1369.0659	-1357.728
73	73	-2786.368	-2764.4726	-2775.9937	21.895472	-2783.0337	-2772.5906	-2761.255
74	74	-3844.2529	-3837.0733	-3851.594	7.1795359	-3841.1727	-3845.2626	-3834.2255
75	75	-2040.214	-2005.8661	-2017.3156	34.347891	-2037.0307	-2013.8038	-2002.4651
76	76	-2602.3116	-2585.965	-2597.6393	16.346645	-2599.1196	-2593.7114	-2582.3713
77	77	-2720.7553	-2713.7517	-2724.415	7.0035818	-2717.8679	-2722.2548	-2710.9008
78	78	-1859.9747	-1827.3763	-1838.8497	32.598343	-1856.478	-1835.1208	-1823.7816
79	79	-2064.7051	-2027.0872	-2038.3182	37.617883	-2061.1363	-2034.5963	-2023.2574
80	80	-2899.8299	-2874.4289	-2885.884	25.401005	-2896.534	-2882.1314	-2870.7925
81	81	-3722.5722	-3706.4802	-3718.0741	16.091999	-3719.4606	-3714.346	-3703.0054
82	82	-1118.6301	-1073.249	-1084.4578	45.381135	-1114.586	-1079.9218	-1068.581
83	83	-2438.8638	-2431.0867	-2441.37	7.7771266	-2435.4398	-2439.2147	-2427.5272
84	84	-2468.6882	-2464.4924	-2472.5114	4.1958835	-2465.2647	-2470.5039	-2460.3789
85	85	-1880.2282	-1829.452	-1840.9102	50.776154	-1876.9875	-1837.1229	-1825.7845
86	86	-1666.7742	-1580.6405	-1591.4225	86.133732	-1663.0639	-1588.2277	-1576.8895
87	87	-2099.6447	-2050.0436	-2061.5476	49.601098	-2096.3091	-2057.7342	-2046.3942
88	88	-1994.4786	-1984.6456	-1996.1259	9.8329969	-1990.895	-1992.3087	-1980.9697
89	89	-1833.1317	-1805.8517	-1817.3262	27.279985	-1829.488	-1813.7989	-1802.4608
90	90	-1916.5974	-1876.3271	-1887.8534	40.270228	-1912.9576	-1884.0569	-1872.7194
91	91	-2672.4611	-2664.4449	-2673.373	8.016163	-2669.0874	-2671.2216	-2660.5221
92	92	-1856.5905	-1809.6294	-1821.1754	46.961155	-1852.9562	-1817.2383	-1805.899
93	93	-2038.2625	-2036.6127	-2046.4839	1.6498255	-2034.6745	-2043.9552	-2032.1244
94	94	-1465.4635	-1436.0052	-1447.4291	29.458294	-1461.6208	-1443.0956	-1431.7547
95	95	-2932.9883	-2929.7808	-2941.5593	3.2074877	-2929.8887	-2937.7458	-2926.2007
96	96	-2011.1686	-1977.5222	-1988.9056	33.646398	-2007.5777	-1984.7937	-1973.4548
97	97	-2538.0216	-2518.0494	-2529.5031	19.972267	-2534.6078	-2526.1465	-2514.8068
98	98	-1574.6725	-1523.3403	-1534.7991	51.332177	-1570.9273	-1530.5009	-1519.1604
99	99	-2037.1174	-2014.6877	-2026.3458	22.429673	-2033.5545	-2022.1289	-2010.7907
100	100	-1080.7509	-1030.9603	-1042.4839	49.79051	-1076.7031	-1037.65	-1026.3116
101	101	-2139.3039	-2111.9361	-2123.5643	27.367773	-2135.7568	-2119.4475	-2108.109
102	102	-1985.1171	-1954.51	-1965.9881	30.607016	-1981.5245	-1962.1525	-1950.8148
103	103	-1837.4227	-1781.624	-1793.1188	55.798651	-1833.7647	-1789.2937	-1777.955
104	104	-1279.0857	-1242.5743	-1253.8599	36.511435	-1275.1441	-1249.3629	-1238.0247
105	105	-1593.2866	-1541.0934	-1549.4019	52.193206	-1589.5192	-1545.2004	-1536.8456
106	106	-2005.5756	-1987.931	-1999.6038	17.644613	-2002.0031	-1995.3503	-1984.0119
107	107	-2815.1426	-2789.3874	-2800.9169	25.755136	-2811.8087	-2797.1537	-2785.815
108	108	-2180.2311	-2137.3467	-2148.8299	42.884405	-2176.7259	-2145.0226	-2133.6834
109	109	-2321.0601	-2298.8079	-2310.2935	22.252221	-2317.5869	-2306.4012	-2295.0637
110	110	-1325.4591	-1280.9134	-1291.8676	44.545691	-1321.5349	-1288.1042	-1276.7656
111	111	-1919.3231	-1916.6636	-1928.311	2.6595003	-1915.7192	-1923.5385	-1911.653
112	112	-2876.3825	-2843.8977	-2854.2709	32.484749	-2873.0841	-2851.1531	-2840.7613
113	113	-3485.2093	-3475.5456	-3486.9393	9.6637457	-3482.0563	-3483.3294	-3472.4245
114	114	-3234.3441	-3221.4122	-3233.0637	12.93195	-3231.3126	-3229.2955	-3217.9558
115	115	-2970.4012	-2939.7493	-2950.6464	30.651892	-2967.1301	-2947.4604	-2936.1223
116	116	-3243.2584	-3230.36	-3240.9231	12.898396	-3240.0559	-3238.6865	-3227.3381
117	117	-2702.5073	-2697.8128	-2707.6139	4.6945245	-2699.1389	-2703.4775	-2693.5325
118	118	-2191.3028	-2171.7627	-2183.2635	19.540042	-2187.7626	-2179.6743	-2168.3335
119	119	-1590.2271	-1556.9405	-1567.7843	33.286598	-1586.4667	-1563.7445	-1552.8955
120	120	-1361.235	-1337.6026	-1346.9045	23.632405	-1357.338	-1344.8808	-1333.5422
121	121	-2296.7658	-2264.9075	-2276.1251	31.858239	-2293.2605	-2272.5803	-2261.243
122	122	-1457.6518	-1452.5594	-1464.3795	5.0924399	-1454.011	-1458.8498	-1448.501
123	123	-1314.854	-1306.2362	-1318.0127	8.6178039	-1310.9603	-1313.2614	-1301.9216
124	124	-1526.4053	-1451.3982	-1462.8859	75.00709	-1522.7666	-1458.8075	-1447.4704
125	125	-1720.4279	-1706.1822	-1717.3268	14.245698	-1716.7525	-1712.7763	-1702.3416
126	126	-1247.6065	-1186.9008	-1198.2112	60.705739	-1243.6675	-1193.8457	-1182.5071
127	127	-2769.5031	-2750.6404	-2762.2677	18.862725	-2766.1416	-2758.3935	-2747.0549
128	128	-1445.852	-1409.7618	-1421.1804	36.090218	-1442.0231	-1417.0274	-1405.6875
129	129	-2032.2831	-2008.3551	-2019.8998	23.927949	-2028.6895	-2015.8836	-2004.5444
130	130	-2250.3755	-2232.2747	-2243.8628	18.100848	-2246.8909	-2239.8024	-2228.4564
131	131	-2026.7256	-1981.3599	-1989.5848	45.365724	-2023.1334	-1985.6405	-1977.3408
132	132	-1365.3724	-1268.0298	-1279.5897	97.34269	-1361.6053	-1275.2656	-1263.9263
133	133	-1388.5646	-1323.7506	-1335.0482	64.814017	-1384.7014	-1330.7714	-1319.4327
134	134	-2001.7103	-2000.0905	-2011.5303	1.6197495	-1998.1382	-2008.1234	-1996.7729
135	135	-991.9545	-918.35331	-929.88199	73.601197	-987.8328	-925.46164	-914.12335
136	136	-1774.8281	-1774.0349	-1785.7596	0.79317328	-1771.1414	-1780.5287	-1769.2295
137	137	-1776.2771	-1735.3773	-1746.8524	40.89975	-1772.5904	-1742.5572	-1731.2202
138	138	-1756.0726	-1707.1052	-1718.0903	48.967377	-1752.3427	-1714.4073	-1703.1958
139	139	-1589.1644	-1566.16	-1577.2488	23.00435	-1585.4086	-1573.6786	-1562.3393
140	140	-2932.7137	-2928.7985	-2940.255	3.9151837	-2929.4348	-2936.6081	-2924.8552
141	141	-1406.7205	-1358.6405	-1370.1011	48.080008	-1402.8619	-1365.9361	-1354.5981
142	142	-1660.0139	-1646.3741	-1657.8636	13.63982	-1656.2743	-1653.8689	-1642.5296
143	143	-1897.145	-1879.7405	-1891.2694	17.404488	-1893.4931	-1887.3011	-1875.9647
144	144	-3113.4105	-3103.3985	-3114.8414	10.012014	-3110.1488	-3111.1667	-3099.8285
145	145	-1621.3324	-1597.5079	-1608.9312	23.824564	-1617.5572	-1605.028	-1593.6919
146	146	-2565.4564	-2558.3991	-2570.2769	7.0572994	-2562.062	-2566.1206	-2554.7744
147	147	-2890.7277	-2882.9596	-2892.6679	7.7681398	-2887.6989	-2890.5278	-2879.8956
148	148	-1841.9323	-1817.9452	-1829.3631	23.987119	-1838.3059	-1825.1724	-1813.833
149	149	-873.41545	-781.61269	-793.01539	91.802761	-869.19242	-788.13993	-776.80163
150	150	-1994.2895	-1977.0234	-1988.5341	17.266076	-1990.715	-1984.3978	-1973.0594
151	151	-1673.313	-1643.31	-1654.2836	30.002952	-1669.5734	-1650.4141	-1639.0753
152	152	-2220.1801	-2210.9625	-2219.942	9.2176062	-2216.618	-2218.2191	-2207.1495
153	153	-2419.7392	-2387.5532	-2399.043	32.185917	-2416.292	-2395.7283	-2384.3893
154	154	-1203.3014	-1119.4134	-1130.905	83.887967	-1199.1775	-1126.5895	-1115.2509
155	155	-3264.2129	-3243.3679	-3255.2029	20.84495	-3261.0015	-3251.5495	-3240.2089
156	156	-1118.1214	-1069.2104	-1080.6409	48.911031	-1114.1053	-1076.3537	-1065.0144
157	157	-2616.2225	-2584.3146	-2596.0851	31.907927	-2612.8382	-2592.1918	-2580.8525
158	158	-2544.6739	-2517.6586	-2528.8007	27.015295	-2541.4921	-2525.6873	-2514.3444
159	159	-2259.2518	-2237.7381	-2248.9571	21.513691	-2255.7476	-2245.1183	-2233.7792
160	160	-2420.4839	-2404.4166	-2416.2042	16.067319	-2417.0271	-2412.1101	-2400.7725
161	161	-2016.2744	-2007.896	-2018.5496	8.3783249	-2012.7197	-2014.8564	-2003.7433
162	162	-1529.6125	-1458.8809	-1470.3341	70.73162	-1525.7162	-1466.2289	-1454.8916
163	163	-2805.1244	-2779.0081	-2790.4983	26.116287	-2801.8011	-2787.3658	-2776.0282
164	164	-2535.8993	-2522.8026	-2533.2085	13.09666	-2532.4949	-2531.1707	-2519.8273
165	165	-2446.0601	-2415.2583	-2424.641	30.801787	-2442.6329	-2421.3596	-2411.6093
166	166	-1120.5746	-1067.7285	-1078.2597	52.846145	-1116.546	-1074.3925	-1063.1919
167	167	-1749.0765	-1743.4404	-1755.1285	5.6360596	-1745.4004	-1751.1221	-1739.7836
168	168	-1253.8235	-1228.5444	-1239.7086	25.279052	-1249.8431	-1235.445	-1224.1064
169	169	-2270.8477	-2198.7001	-2209.7295	72.147586	-2267.3112	-2206.245	-2194.9072
170	170	-1982.4894	-1946.5952	-1958.0164	35.894137	-1978.8685	-1953.8917	-1942.5526
171	171	-1413.0595	-1382.2901	-1393.4809	30.769367	-1409.1993	-1389.2279	-1377.8884
172	172	-1898.8391	-1876.878	-1888.4132	21.961063	-1895.2244	-1884.5302	-1873.1922
173	173	-1874.8799	-1846.9091	-1858.5323	27.970737	-1871.2538	-1855.0872	-1843.7517
174	174	-2673.5305	-2657.0296	-2668.4757	16.500936	-2670.1679	-2665.0769	-2653.7367
175	175	-1623.032	-1571.9218	-1583.3713	51.110255	-1619.28	-1579.0715	-1567.7329
176	176	-2010.5935	-1989.5759	-1999.043	21.017552	-2007.008	-1996.603	-1985.6584
177	177	-1588.0808	-1552.4585	-1563.856	35.622271	-1584.2929	-1559.7424	-1548.4035
178	178	-1539.0958	-1520.9186	-1532.3242	18.177233	-1535.2997	-1528.0975	-1516.759
179	179	-2762.3379	-2747.3566	-2759.2515	14.981322	-2758.9825	-2755.8408	-2744.5047
180	180	-1635.2658	-1580.5053	-1590.9819	54.760522	-1631.5446	-1587.6601	-1576.397
181	181	-2333.2746	-2321.5293	-2332.4519	11.745248	-2329.7956	-2328.4061	-2317.9073
182	182	-1837.01	-1834.2229	-1845.6315	2.7870516	-1833.3807	-1842.463	-1831.1317
183	183	-1253.2791	-1218.7991	-1230.2631	34.479945	-1249.3514	-1226.3481	-1215.0094
184	184	-2391.038	-2371.9696	-2383.3729	19.068437	-2387.573	-2379.9912	-2368.653
185	185	-3223.827	-3221.6594	-3232.8152	2.1675264	-3220.8517	-3230.6191	-3218.686
186	186	-3031.2798	-3023.1233	-3034.6006	8.156489	-3028.4151	-3030.6752	-3019.8495
187	187	-3029.4626	-3013.3769	-3021.6806	16.085738	-3026.192	-3017.9971	-3010.2909
188	188	-3227.9192	-3225.4955	-3235.4341	2.4237003	-3224.8886	-3232.2658	-3221.768
189	189	-1638.8203	-1600.0266	-1611.5952	38.793734	-1635.0969	-1607.1651	-1595.8263
190	190	-1058.2258	-1029.3567	-1035.2028	28.869062	-1054.1464	-1031.4072	-1025.1713
191	191	-2374.068	-2360.1936	-2371.213	13.874381	-2370.5907	-2367.5061	-2356.1673
192	192	-1943.7602	-1911.6677	-1922.8564	32.092476	-1940.161	-1918.9406	-1907.6025
193	193	-3415.5951	-3376.5176	-3387.5613	39.077478	-3412.7161	-3384.4978	-3373.5694
194	194	-1520.3351	-1496.4516	-1508.0511	23.8835	-1516.5175	-1503.9718	-1492.6298
195	195	-1422.9969	-1316.0456	-1327.5387	106.95128	-1419.1278	-1323.1691	-1311.8299
196	196	-2127.9302	-2092.762	-2104.3254	35.168192	-2124.3551	-2100.6638	-2089.3235
197	197	-2085.9025	-2040.3639	-2051.3747	45.538605	-2082.3626	-2047.7528	-2036.4143
198	198	-1951.611	-1947.2553	-1957.711	4.3556991	-1948.0126	-1954.2761	-1942.8824
199	199	-1354.1282	-1346.8953	-1358.8799	7.2328479	-1350.2467	-1354.1535	-1342.8128
200	200	-2075.1214	-2050.324	-2061.8593	24.797478	-2071.5324	-2057.7655	-2046.4276
201	201	-1372.0613	-1348.8277	-1360.5713	23.233614	-1368.1832	-1355.8872	-1344.5493
202	202	-2903.8897	-2870.0107	-2881.6897	33.878979	-2900.5813	-2877.8658	-2866.5263
203	203	-1507.1257	-1499.7609	-1510.4598	7.3647798	-1503.3006	-1506.204	-1495.6063
204	204	-2678.3343	-2651.5585	-2663.2746	26.775746	-2674.9196	-2659.3127	-2647.972
205	205	-1807.1238	-1760.0498	-1771.4319	47.074012	-1803.4426	-1767.7019	-1756.363
206	206	-1751.9664	nan	-1751.8477	nan	-1748.2735	-1749.393	-1737.799
207	207	-2231.828	-2205.0765	-2216.5185	26.751437	-2228.3419	-2213.1674	-2201.8271
208	208	-3387.837	-3372.8009	-3383.5181	15.036085	-3384.6681	-3381.626	-3370.2828
209	209	-1663.6168	-1619.7135	-1631.1725	43.903259	-1659.8657	-1626.8004	-1615.4617
210	210	-2439.3161	-2416.1004	-2427.5029	23.215699	-2435.8191	-2424.042	-2412.7042
211	211	-3024.3767	-3013.0359	-3024.3256	11.340767	-3021.1114	-3021.1201	-3009.7808
212	212	-2875.8729	-2858.3828	-2869.8204	17.490181	-2872.7112	-2866.6455	-2855.3071
213	213	-1700.9783	-1646.8163	-1657.9706	54.161938	-1697.2562	-1654.3339	-1642.9992
214	214	-2880.2533	-2874.5193	-2885.5672	5.7340444	-2876.9352	-2882.687	-2871.3472
215	215	-2121.9971	-2104.3913	-2114.875	17.605805	-2118.4373	-2111.268	-2100.6987
216	216	-2419.2729	-2393.8448	-2405.285	25.428137	-2415.8264	-2401.2912	-2389.9529
217	217	-2145.3281	-2134.5894	-2145.1707	10.73872	-2141.785	-2142.5223	-2131.1834
218	218	-1989.1321	-1982.5534	-1994.083	6.5786849	-1985.5567	-1990.2671	-1978.9271
219	219	-1718.7793	-1630.4952	-1641.9257	88.284135	-1715.096	-1637.8285	-1626.49
220	220	-2341.6873	-2319.541	-2331.143	22.14631	-2338.231	-2327.0339	-2315.6946
221	221	-1459.2229	-1420.1203	-1431.6123	39.102525	-1455.4005	-1427.3245	-1415.9887
222	222	-2736.5861	-2720.1173	-2732.1138	16.468836	-2733.3722	-2728.1642	-2716.8243
223	223	-3044.0172	-3043.5725	-3054.1719	0.44469681	-3040.8437	-3050.7631	-3039.9094
224	224	-2127.6769	-2087.9701	-2097.9669	39.706751	-2124.3396	-2094.3603	-2084.4706
225	225	-2058.039	-1980.9161	-1992.4142	77.122944	-2054.5394	-1988.4157	-1977.0759
226	226	-2096.4717	-2053.8148	-2064.7364	42.656868	-2092.888	-2061.3962	-2050.0577
227	227	-1630.8289	-1603.2998	-1615.279	27.52915	-1627.104	-1610.827	-1599.4898
228	228	-2306.9557	-2302.2599	-2314.1186	4.6957503	-2303.4891	-2309.9753	-2298.113
229	229	-1124.2903	-1088.0923	-1099.4981	36.198073	-1120.2606	-1095.1817	-1083.8424
230	230	-2049.7849	-2026.9558	-2038.5724	22.829125	-2046.2015	-2034.3765	-2023.0394
231	231	-2910.2165	-2900.1541	-2911.713	10.062398	-2907.0308	-2907.9021	-2896.5597
232	232	-2614.5511	-2573.8165	-2585.4548	40.734611	-2611.1591	-2581.6314	-2570.2919
233	233	-2983.6703	-2977.8979	-2988.0994	5.7723743	-2980.9831	-2986.4528	-2975.4811
234	234	-1261.7543	-1224.4975	-1234.0902	37.256851	-1257.8118	-1229.3777	-1219.9384
235	235	-1190.2971	-1172.9527	-1184.3672	17.344435	-1186.3305	-1180.2918	-1168.9539
236	236	-2462.2288	-2460.8398	-2469.905	1.3890694	-2458.8054	-2468.026	-2457.5556
237	237	-3025.4118	-3019.9326	-3029.3657	5.4792413	-3022.1295	-3026.284	-3017.0555
238	238	-1173.8334	-1121.1045	-1132.3106	52.728859	-1169.8502	-1127.9763	-1116.6361
239	239	-2041.998	-1997.5758	-2008.5987	44.42217	-2038.7117	-2005.5448	-1994.2063
240	240	-1261.871	-1228.4226	-1239.848	33.448436	-1257.944	-1235.3686	-1224.031
241	241	-2289.9591	-2252.0366	-2263.6639	37.922453	-2286.4513	-2259.7722	-2248.4334
242	242	-1067.4909	-1032.1684	-1043.6141	35.322499	-1063.428	-1039.2569	-1027.9183
243	243	-1238.7245	-1176.8855	-1188.179	61.839013	-1234.7704	-1183.7386	-1172.4006
244	244	-2032.4229	-1993.0421	-2004.0904	39.380854	-2028.8146	-2000.3181	-1988.9782
245	245	-2396.7288	-2313.1929	-2324.5926	83.535913	-2393.3518	-2320.9355	-2309.5975
246	246	-2123.1701	-2101.4648	-2113.0844	21.705352	-2120.2004	-2108.9323	-2097.8921
247	247	-2199.8752	-2127.6036	-2138.1476	72.271616	-2196.3678	-2135.1731	-2123.835
248	248	-1928.8376	-1885.3913	-1896.3449	43.446323	-1925.2165	-1893.0428	-1881.7041
249	249	-1702.5289	-1650.5134	-1661.9282	52.015533	-1698.7733	-1657.6953	-1646.3566
250	250	-1526.827	-1512.1962	-1523.8051	14.630889	-1523.0156	-1519.9575	-1508.6191
251	251	-1786.4802	-1752.969	-1763.9687	33.511243	-1782.8003	-1760.1332	-1748.7939
252	252	-2411.466	-2377.088	-2388.5285	34.378006	-2408.0035	-2385.251	-2373.9125
253	253	-1547.7604	-1521.287	-1532.7952	26.473433	-1543.9814	-1528.5376	-1517.1995
254	254	-1491.6923	-1461.3977	-1472.8795	30.294562	-1487.9016	-1468.6384	-1457.2976
255	255	-2631.6637	-2604.1458	-2615.696	27.517889	-2628.4854	-2611.7292	-2600.393
256	256	-2263.0084	-2213.7374	-2225.2722	49.270971	-2259.516	-2221.8779	-2210.5383
257	257	-2647.5011	-2622.9483	-2634.1342	24.552814	-2644.1137	-2630.6652	-2619.3266
258	258	-2505.4216	-2492.5302	-2503.9547	12.891359	-2502.1081	-2500.1174	-2488.7763
259	259	-1855.7588	-1806.1502	-1817.6086	49.60859	-1852.1254	-1813.4928	-1802.1546
260	260	-2066.6073	-2032.2744	-2043.8489	34.332981	-2063.0069	-2039.7294	-2028.3912
261	261	-2748.8111	-2749.0721	-2760.527	-0.26099008	-2745.4776	-2757.9709	-2746.6329
262	262	-2446.2402	-2424.1485	-2435.7013	22.09175	-2442.7711	-2431.544	-2420.8523
263	263	-2364.3665	-2354.3147	-2363.929	10.051816	-2360.8573	-2362.3185	-2350.9703
264	264	-1903.6805	-1887.0284	-1898.7506	16.652094	-1900.0764	-1894.4292	-1883.0926
265	265	-1998.9168	-1991.9912	-2001.9117	6.9255444	-1995.6158	-1999.8528	-1988.5084
266	266	-3544.3527	-3523.4579	-3530.7371	20.894797	-3541.1857	-3529.0152	-3520.4111
267	267	-1526.9474	-1501.1666	-1510.5396	25.780843	-1523.1339	-1505.4779	-1497.0556
268	268	-2212.1933	-2184.9524	-2194.4795	27.240942	-2209.1697	-2190.8312	-2181.5102
269	269	-2434.0743	-2415.7547	-2427.7313	18.319627	-2430.7927	-2423.689	-2412.3465
270	270	-1881.9114	-1803.6314	-1814.6714	78.280043	-1878.7868	-1811.0819	-1799.743
271	271	-1635.0353	-1550.8018	-1562.0879	84.233465	-1631.3038	-1558.0662	-1546.7275
272	272	-2374.738	-2337.5565	-2349.2354	37.181533	-2371.2692	-2345.1388	-2333.7992
273	273	-2055.2046	-2040.9138	-2052.1454	14.290782	-2051.6129	-2048.4496	-2037.1098
274	274	-2154.3645	-2115.0239	-2126.7925	39.340567	-2150.8317	-2122.668	-2111.3302
275	275	-1149.4938	-1131.1208	-1142.4058	18.373019	-1145.4979	-1138.1503	-1126.8113
276	276	-1631.9056	-1568.0918	-1578.1996	63.813711	-1628.6269	-1574.2042	-1563.9701
277	277	-2117.6424	-2111.6835	-2123.203	5.9589197	-2114.4937	-2119.405	-2108.0657
278	278	-1783.3776	-1729.5239	-1740.643	53.853712	-1779.734	-1736.9228	-1725.5849
279	279	-3044.6809	-3041.9907	-3052.6688	2.6902282	-3041.5711	-3049.9386	-3039.1967
280	280	-2147.2513	-2087.2457	-2098.8866	60.005625	-2143.7829	-2094.8646	-2083.5266
281	281	-1803.6235	-1743.0725	-1754.3114	60.550945	-1799.9576	-1750.5779	-1739.2383
282	282	-1645.6401	-1612.0193	-1623.1101	33.620884	-1641.8937	-1619.1226	-1607.7827
283	283	-2378.2073	-2315.3696	-2326.8189	62.837663	-2374.7466	-2323.6777	-2312.3381
284	284	-1996.1441	-1928.2702	-1939.46	67.873902	-1992.7115	-1935.8965	-1924.5595
285	285	-2657.7606	-2604.9395	-2616.6204	52.821152	-2654.5808	-2613.375	-2602.0379
286	286	-2198.7146	-2125.7451	-2137.3587	72.969449	-2195.1568	-2134.1199	-2122.7809
287	287	-2777.3182	-2769.1081	-2780.9302	8.2101003	-2773.9453	-2777.0292	-2765.6919
288	288	-2171.3855	-2110.1023	-2121.8417	61.283252	-2167.8417	-2117.8956	-2106.7728
289	289	-1948.6799	-1925.8499	-1937.4299	22.830006	-1945.0826	-1933.2823	-1921.9423
290	290	-1615.1056	-1555.6892	-1567.2595	59.416367	-1611.3532	-1563.1257	-1551.7867
291	291	-1512.1426	-1455.927	-1467.4728	56.215687	-1508.3519	-1463.5854	-1452.2481
292	292	-1910.894	-1894.8074	-1906.4895	16.086646	-1907.2405	-1902.1343	-1890.7953
293	293	-2566.2753	-2549.864	-2561.2867	16.411262	-2562.8845	-2557.9408	-2546.6
294	294	-2507.735	-2483.5365	-2494.9944	24.198495	-2504.3253	-2491.6835	-2480.3451
295	295	-2775.856	-2766.8431	-2776.0673	9.012917	-2772.5282	-2774.7842	-2763.4334
296	296	-2427.3287	-2368.4978	-2380.0358	58.830847	-2424.1221	-2376.1987	-2364.8606
297	297	-1210.6145	nan	-1206.067	nan	-1206.6683	-1201.5104	-1191.546
298	298	-2557.4463	-2546.8655	-2556.753	10.580876	-2554.2476	-2554.5623	-2543.2195
299	299	-2076.9262	-2047.1885	-2058.2396	29.737654	-2073.3465	-2054.4338	-2043.0946
300	300	-1624.0354	-1579.8985	-1591.5807	44.136834	-1620.2774	-1587.4441	-1576.1099
301	301	-3082.8224	-3048.6555	-3059.5961	34.166853	-3079.5843	-3056.4633	-3045.1245
302	302	-2308.267	-2249.9088	-2261.3238	58.35828	-2304.7888	-2257.4753	-2246.1359
303	303	-2791.1575	-2739.122	-2750.7686	52.035531	-2787.8254	-2747.0554	-2735.7153
304	304	-2333.2388	-2322.7255	-2332.9375	10.513304	-2329.7058	-2330.708	-2319.3661
305	305	-3202.9223	-3170.6416	-3181.2945	32.280744	-3199.6681	-3178.1806	-3167.0528
306	306	-1328.9898	-1288.129	-1299.4477	40.860764	-1325.0935	-1295.2139	-1283.8754
307	307	-1598.629	-1562.9552	-1574.373	35.673801	-1594.8536	-1570.0174	-1558.6779
308	308	-2739.2474	-2727.838	-2738.6961	11.409411	-2735.8727	-2735.4816	-2724.1463
309	309	-2429.8669	-2398.7641	-2410.0756	31.102785	-2426.7272	-2406.6848	-2395.3428
310	310	-3596.0045	-3593.8336	-3606.5262	2.1709673	-3593.0127	-3602.1897	-3590.5615
311	311	-2183.513	-2162.5701	-2174.1687	20.942996	-2179.9787	-2170.0573	-2158.7173
312	312	-2375.5696	-2342.6559	-2354.1909	32.913633	-2372.0745	-2350.8085	-2339.4693
313	313	-2420.3758	-2391.1408	-2402.4681	29.235001	-2416.9496	-2398.7822	-2387.4431
314	314	-3353.8478	-3342.1629	-3353.9468	11.684938	-3350.659	-3350.3697	-3339.0309
315	315	-1684.3859	-1659.3513	-1670.9414	25.034615	-1680.6666	-1666.4711	-1655.1321
316	316	-2586.5126	-2563.8684	-2572.5788	22.644161	-2583.1289	-2571.6443	-2560.6684
317	317	-2175.8834	-2176.2614	-2186.027	-0.37802857	-2172.5732	-2183.6521	-2172.2372
318	318	-1834.3868	-1786.2306	-1797.9595	48.156233	-1830.744	-1793.6949	-1782.3575
319	319	-1731.0849	-1718.3154	-1729.0986	12.769519	-1727.4073	-1725.1397	-1714.0409
320	320	-1943.7407	-1913.877	-1925.2811	29.863718	-1940.1226	-1921.5547	-1910.2101
321	321	-3165.164	-3150.5812	-3159.9016	14.582742	-3161.9374	-3159.1725	-3147.982
322	322	-1193.1727	-1147.4482	-1158.8137	45.724477	-1189.1849	-1154.3351	-1142.9955
323	323	-1849.1902	-1795.1082	-1806.1078	54.082007	-1845.5453	-1802.612	-1791.2729
324	324	-1402.8051	-1358.6431	-1370.1264	44.162039	-1398.943	-1365.8028	-1354.4639
325	325	-1324.4669	-1286.7494	-1298.1465	37.717453	-1320.7145	-1294.0788	-1282.74
326	326	-3567.5109	-3567.0313	-3584.1818	0.47963251	-3564.5617	-3576.4453	-3563.785
327	327	-1396.096	-1347.5228	-1358.9774	48.573244	-1392.2335	-1354.7856	-1343.4484
328	328	-2296.8817	-2293.2632	-2305.5199	3.618431	-2293.3951	-2301.5974	-2289.1425
329	329	-2320.2533	-2319.5711	-2332.3025	0.68219611	-2316.8008	-2327.6764	-2316.1117
330	330	-1199.31	-1160.7935	-1171.5698	38.516454	-1195.3442	-1167.7712	-1156.7579
331	331	-1423.1701	-1359.5936	-1369.5578	63.576458	-1419.3263	-1365.3023	-1355.3019
332	332	-2372.7166	-2343.5461	-2356.0684	29.170471	-2369.2595	-2352.1324	-2340.7932
333	333	-2692.6332	-2685.8922	-2696.6382	6.7409477	-2689.6897	-2694.6453	-2683.303
334	334	-2467.8151	-2447.6726	-2459.2241	20.142477	-2464.3582	-2455.9266	-2444.5859
335	335	-2054.8566	-2010.2069	-2021.9741	44.649657	-2051.2383	-2018.2395	-2006.9021
336	336	-1500.8198	-1484.6585	-1496.5242	16.161245	-1497.009	-1492.004	-1480.6653
337	337	-2224.2041	-2203.8928	-2214.9036	20.311262	-2220.6986	-2211.4053	-2200.062
338	338	-1961.186	-1928.9853	-1940.4516	32.200639	-1957.5896	-1936.7367	-1925.3972
339	339	-2824.222	-2793.6856	-2805.275	30.536407	-2820.9178	-2801.3854	-2790.0472
340	340	-1376.3615	-1328.2428	-1339.6737	48.118743	-1372.4967	-1335.491	-1324.1525
341	341	-3570.6217	-3560.5528	-3572.1799	10.068912	-3567.6867	-3568.6021	-3557.264
342	342	-2841.2147	-2825.2745	-2836.5289	15.94015	-2837.9015	-2833.331	-2821.9929
343	343	-2731.5051	-2728.9783	-2739.4327	2.5267783	-2728.177	-2736.5944	-2725.2019
344	344	-2417.3366	-2411.6011	-2422.2251	5.7354378	-2413.8938	-2419.5829	-2408.2438
345	345	-2541.7383	-2523.5881	-2534.481	18.150225	-2538.2949	-2531.122	-2519.8981
346	346	-2228.9183	-2211.2167	-2222.7064	17.70164	-2225.4305	-2219.8694	-2208.5335
347	347	-3108.5456	-3098.3799	-3107.5626	10.165638	-3105.2854	-3106.2363	-3094.8807
348	348	-2618.9462	-2612.5806	-2621.5596	6.365656	-2615.5636	-2618.7795	-2608.4381
349	349	-2239.2638	-2214.0987	-2225.87	25.165101	-2235.7804	-2221.7612	-2210.4233
350	350	-2140.4518	-2129.0132	-2138.559	11.438677	-2137.5817	-2136.7291	-2125.3918
351	351	-2808.1094	-2787.5143	-2799.4442	20.595161	-2804.7755	-2795.63	-2784.2922
352	352	-1629.108	-1599.0695	-1611.0182	30.038413	-1625.3458	-1606.6015	-1595.2629
353	353	-1069.8075	-1041.2063	-1052.3682	28.601225	-1065.7545	-1047.8409	-1036.5023
354	354	-2356.446	-2340.0001	-2351.4529	16.445923	-2352.9812	-2347.3954	-2336.0563
355	355	-2586.597	-2572.9033	-2584.1081	13.693719	-2583.2056	-2580.5141	-2569.1738
356	356	-2415.4528	-2414.3841	-2426.6943	1.0686923	-2411.9895	-2421.9341	-2410.5427
357	357	-2443.9049	-2424.8482	-2436.606	19.056675	-2440.4603	-2432.5432	-2421.2024
358	358	-1953.4861	-1897.6368	-1908.9977	55.849286	-1950.5504	-1905.4431	-1894.1058
359	359	-1774.1457	-1717.2714	-1728.9252	56.874342	-1770.8266	-1725.289	-1713.9508
360	360	-3260.2369	-3246.1918	-3255.2406	14.045061	-3257.0117	-3253.5992	-3243.0853
361	361	-2391.6218	-2352.5835	-2364.0838	39.038221	-2388.1128	-2360.7694	-2349.4304
362	362	-3879.5707	-3859.0909	-3870.927	20.479825	-3876.6834	-3867.7544	-3856.4163
363	363	-1499.2702	-1478.1326	-1489.7328	21.137571	-1495.4785	-1485.651	-1474.3134
364	364	-1898.7785	-1858.947	-1870.4892	39.831453	-1895.1547	-1866.6669	-1855.3283
365	365	-1564.1716	-1545.414	-1557.0313	18.757596	-1560.4226	-1553.1782	-1541.8397
366	366	-1159.8925	-1120.7858	-1132.263	39.106772	-1155.8633	-1127.8755	-1116.5361
367	367	-1968.227	-1911.6081	-1923.1382	56.618932	-1965.2335	-1919.3835	-1908.0451
368	368	-2821.2837	-2786.7772	-2798.312	34.506563	-2817.9637	-2794.6512	-2783.3105
369	369	-2390.8839	-2377.4439	-2388.8448	13.439999	-2387.4501	-2385.5093	-2374.1681
370	370	-2087.3964	-2041.4427	-2052.5706	45.95364	-2084.1107	-2049.0466	-2037.7073
371	371	-2158.6619	-2142.9652	-2154.4441	15.696674	-2155.1451	-2150.8566	-2139.5138
372	372	-2251.3183	-2226.4502	-2236.3513	24.868073	-2247.8003	-2234.6353	-2223.2867
373	373	-3040.1556	-3031.5582	-3043.7121	8.5974211	-3036.8906	-3040.563	-3029.2222
374	374	-1364.6121	-1316.1605	-1327.7038	48.451587	-1360.7394	-1323.1323	-1311.7918
375	375	-1000.0206	-982.89756	-994.18556	17.12305	-995.89681	-989.84974	-978.51056
376	376	-2359.6832	-2306.3914	-2316.2854	53.29189	-2356.2133	-2312.5277	-2302.5766
377	377	-2377.2611	-2318.3789	-2329.8318	58.882288	-2373.9017	-2326.6246	-2315.2864
378	378	-2731.7125	-2717.1932	-2728.678	14.519308	-2728.4649	-2724.7883	-2713.6961
379	379	-2193.4567	-2156.4627	-2167.3802	36.994064	-2189.908	-2163.9957	-2152.6571
380	380	-2414.0603	-2401.2579	-2412.343	12.802447	-2410.5954	-2408.3011	-2397.2301
381	381	-2155.3366	-2120.3622	-2131.9244	34.974462	-2151.7973	-2127.8698	-2116.5327
382	382	-3452.327	-3430.5783	-3442.3941	21.748679	-3449.2866	-3438.8556	-3427.5156
383	383	-1471.9809	-1429.4174	-1441.0407	42.563449	-1468.7799	-1436.8561	-1425.5176
384	384	-1752.9848	-1725.141	-1736.8815	27.843841	-1749.2845	-1732.7705	-1721.4324
385	385	-1490.2638	-1402.4232	-1413.8936	87.840529	-1486.4639	-1409.5974	-1398.2582
386	386	-1212.5558	-1164.8235	-1175.5611	47.73237	-1208.5617	-1171.4438	-1160.4362
387	387	-1613.8166	-1607.6121	-1619.1464	6.2044988	-1610.0725	-1614.7391	-1603.8563
388	388	-2170.4154	-2152.184	-2161.4715	18.231358	-2166.8707	-2157.8061	-2148.163
389	389	-1621.0734	-1560.71	-1572.2209	60.36335	-1617.3158	-1568.0944	-1556.7561
390	390	-1543.7077	-1504.9495	-1515.2376	38.758193	-1539.918	-1511.1177	-1500.6377
391	391	-1655.0746	-1613.1647	-1624.6776	41.909972	-1651.3409	-1620.7503	-1609.4116
392	392	-2919.1009	-2909.5994	-2920.3018	9.5015491	-2915.8154	-2918.2279	-2906.882
393	393	-2530.0058	-2502.3356	-2513.7766	27.670179	-2526.8075	-2510.2351	-2498.8967
394	394	-1598.4376	-1570.8864	-1582.3256	27.551172	-1594.7025	-1578.2487	-1566.9093
395	395	-2104.9532	-2078.8171	-2090.594	26.136121	-2101.5378	-2086.5482	-2075.2094
396	396	-2515.3289	-2481.4108	-2489.8663	33.918056	-2511.9295	-2488.764	-2477.7839
397	397	-1799.7552	-1754.2806	-1765.0383	45.474601	-1796.07	-1761.2756	-1750.4008
398	398	-1374.08	-1301.1296	-1311.0037	72.950467	-1370.1879	-1306.4983	-1296.939
399	399	-1848.6398	-1802.0047	-1811.6815	46.635019	-1844.9957	-1810.1681	-1798.9529
400	400	-2180.6576	-2120.2611	-2131.4353	60.396509	-2177.1306	-2127.7534	-2116.4145
401	401	-1363.4737	-1335.398	-1346.5729	28.075692	-1359.5761	-1342.233	-1330.8951
402	402	-2352.4645	-2306.8511	-2316.6536	45.61341	-2348.9874	-2313.1233	-2303.0393
403	403	-2700.5294	-2681.5494	-2691.6	18.98004	-2697.152	-2690.0818	-2678.7334
404	404	-1999.4025	-1949.0225	-1960.5622	50.380009	-1995.7975	-1956.6334	-1945.2948
405	405	-2272.5544	-2245.5934	-2255.0499	26.961056	-2269.0593	-2253.3276	-2242.1913
406	406	-1425.2417	-1389.4719	-1401.1505	35.769785	-1421.4085	-1396.5901	-1385.2504
407	407	-2160.3431	-2139.5186	-2151.1523	20.824554	-2156.7895	-2146.9851	-2135.6461
408	408	-1830.5462	-1781.2127	-1792.9491	49.333492	-1827.0212	-1788.8053	-1777.4675
409	409	-1946.363	-1919.7178	-1930.243	26.645133	-1942.7354	-1926.2091	-1915.8563
410	410	-1864.2723	-1849.9643	-1861.5962	14.308004	-1860.5956	-1857.5041	-1846.1689
411	411	-4187.5623	-4172.7047	-4183.9631	14.857603	-4184.6564	-4180.8135	-4169.474
412	412	-1808.8039	-1778.5466	-1790.0427	30.257297	-1805.1175	-1785.6937	-1774.3553
413	413	-2017.289	-1984.278	-1995.7169	33.011048	-2013.7145	-1992.08	-1980.7415
414	414	-2277.9373	-2229.2444	-2240.7531	48.692861	-2274.4282	-2236.7871	-2225.4486
415	415	-2530.4054	-2515.3501	-2525.389	15.055225	-2527.0019	-2521.495	-2511.9584
416	416	-2381.6407	-2364.3082	-2376.0712	17.332578	-2378.199	-2372.957	-2361.6133
417	417	-1683.1827	-1651.4663	-1663.2879	31.7164	-1679.4632	-1659.1112	-1647.7731
418	418	-2270.5348	-2244.9009	-2255.3284	25.633879	-2267.0475	-2251.7418	-2240.9567
419	419	-2687.8927	-2672.5601	-2683.9961	15.33267	-2684.5538	-2680.1056	-2668.7654
420	420	-2912.7945	-2904.6582	-2916.5635	8.136257	-2909.5007	-2912.8324	-2901.4912
421	421	-2411.141	-2364.1389	-2373.7167	47.002082	-2407.9468	-2370.0969	-2360.4608
422	422	-3131.2162	-3105.565	-3116.8669	25.651254	-3127.9759	-3113.4144	-3102.0781
423	423	-1607.6345	-1589.0328	-1600.5236	18.601624	-1603.8787	-1596.0258	-1584.6885
424	424	-1369.0724	-1337.9158	-1349.7115	31.156535	-1365.1985	-1345.1229	-1333.7837
425	425	-2669.7583	-2637.1677	-2647.2376	32.590644	-2666.5055	-2643.9213	-2634.1127
426	426	-1499.4934	-1474.29	-1485.765	25.203439	-1495.7087	-1481.2691	-1469.9325
427	427	-1791.4342	-1760.9683	-1772.0363	30.465895	-1787.7622	-1768.1253	-1756.7868
428	428	-1677.2024	-1662.9375	-1675.0675	14.264854	-1673.7078	-1670.6441	-1659.2899
429	429	-1303.3189	-1281.8109	-1293.447	21.508062	-1299.4097	-1288.7978	-1277.4569
430	430	-1875.7008	-1862.9874	-1873.8428	12.713431	-1872.0817	-1870.109	-1858.7797
431	431	-2084.5319	nan	-2078.3185	nan	-2080.9498	-2073.9883	-2065.0981
432	432	-1863.5299	-1813.2098	-1824.7404	50.320038	-1859.8974	-1820.5214	-1809.184
433	433	-2610.229	-2610.6828	-2622.2621	-0.45388152	-2606.8521	-2619.1442	-2607.3496
434	434	-2252.76	-2195.8759	-2206.7691	56.884064	-2249.2172	-2203.4792	-2192.1379
435	435	-2265.8976	-2213.3614	-2224.8739	52.536138	-2262.4128	-2220.8668	-2209.5288
436	436	-1936.9471	-1906.5004	-1917.5706	30.44677	-1933.4851	-1913.7929	-1903.0102
437	437	-1212.5511	-1179.343	-1190.571	33.208105	-1208.589	-1186.5154	-1175.1754
438	438	-2959.7788	-2945.6526	-2957.4496	14.126197	-2956.4908	-2953.6852	-2942.3447
439	439	-2784.3221	-2772.6475	-2784.221	11.67456	-2780.9936	-2781.0248	-2769.6864
440	440	-1714.9251	-1677.9447	-1689.2184	36.980353	-1711.2211	-1685.3244	-1673.9855
441	441	-3210.9613	-3193.7006	-3202.2178	17.260693	-3207.75	-3200.5485	-3190.6337
442	442	-3628.6353	-3621.7262	-3631.051	6.9091617	-3625.5056	-3629.0614	-3618.2747
443	443	-2581.5528	-2561.0816	-2572.5597	20.471153	-2578.1696	-2568.7583	-2557.4186
444	444	-2812.1133	-2777.6153	-2787.5776	34.497988	-2808.7779	-2786.4933	-2775.1549
445	445	-3163.0594	-3147.3431	-3157.1471	15.716324	-3159.8138	-3155.7893	-3144.4502
446	446	-1687.0471	-1613.8777	-1625.4923	73.169392	-1683.3395	-1621.5367	-1610.1981
447	447	-2156.2275	-2151.9029	-2162.9855	4.3246382	-2152.666	-2159.6577	-2147.9666
448	448	-1568.859	-1526.8233	-1538.2882	42.035734	-1565.0703	-1534.1296	-1522.7909
449	449	-3770.5891	-3760.5521	-3771.3561	10.037025	-3767.5978	-3768.2087	-3757.344
450	450	-2486.6205	-2463.1869	-2474.1117	23.433564	-2483.2074	-2470.692	-2459.3537
451	451	-2361.8023	-2320.758	-2332.3483	41.044246	-2358.307	-2328.4135	-2317.0749
452	452	-2907.6759	-2903.1734	-2915.1669	4.5024435	-2904.3741	-2911.3218	-2899.7402
453	453	-1808.4449	-1761.1346	-1772.5152	47.310324	-1804.9467	-1768.6006	-1757.2619
454	454	-2215.8897	-2187.3881	-2198.149	28.501565	-2212.3717	-2194.7683	-2183.4257
455	455	-3330.8229	-3291.9374	-3302.2299	38.885482	-3327.6257	-3298.9262	-3288.5025
456	456	-2620.1977	-2592.4027	-2603.4522	27.795001	-2616.8198	-2600.2614	-2588.9169
457	457	-2836.819	-2810.9658	-2822.8631	25.853206	-2833.4845	-2819.0964	-2807.7527
458	458	-2331.2079	-2265.8231	-2277.348	65.384803	-2327.9253	-2273.636	-2262.2974
459	459	-2391.8271	-2372.1772	-2382.8732	19.649897	-2388.3417	-2379.5068	-2368.1682
460	460	-3107.6286	-3082.1107	-3093.5628	25.517975	-3104.3916	-3089.8572	-3078.5181
461	461	-1895.6134	-1860.5105	-1871.7375	35.102942	-1891.9839	-1867.7538	-1856.4156
462	462	-2181.4694	-2163.7672	-2175.3289	17.702186	-2177.969	-2171.6987	-2160.3619
463	463	-1802.2017	-1765.9037	-1777.051	36.297991	-1798.5193	-1773.6212	-1762.7204
464	464	-2779.3122	-2731.671	-2743.0257	47.641238	-2775.9645	-2739.3705	-2728.0319
465	465	-2786.6291	-2751.9245	-2763.4366	34.704628	-2783.2976	-2759.6186	-2748.2784
466	466	-2058.8906	-2023.3203	-2034.8023	35.570265	-2055.3166	-2030.6519	-2019.3141
467	467	-1846.3338	-1831.4306	-1842.869	14.90322	-1842.9571	-1839.0005	-1827.6622
468	468	-2185.9193	-2147.6198	-2158.803	38.299481	-2182.407	-2155.6207	-2144.2802
469	469	-1871.8083	-1843.7405	-1854.9819	28.067732	-1868.1761	-1851.1665	-1839.828
470	470	-2743.9513	-2732.603	-2744.3716	11.348266	-2740.5951	-2740.5257	-2729.188
471	471	-2688.9948	-2615.9533	-2626.949	73.041505	-2685.718	-2623.757	-2612.4177
472	472	-1611.1028	-1613.9771	-1614.2539	-2.874271	-1607.3554	-1609.5507	-1597.7181
473	473	-2591.2845	-2562.1064	-2573.0809	29.17814	-2587.8956	-2569.829	-2558.4891
474	474	-2102.5651	-2051.2264	-2062.3552	51.338692	-2098.963	-2059.0664	-2047.7266
475	475	-1464.5862	-1417.9567	-1429.409	46.629489	-1460.7599	-1425.2578	-1413.9191
476	476	-2874.8611	-2857.7985	-2867.662	17.062632	-2871.5565	-2864.1029	-2854.0857
477	477	-1738.8768	-1693.4951	-1704.4992	45.381684	-1735.1708	-1700.7607	-1689.42
478	478	-1330.7298	-1218.7517	-1230.1675	111.97804	-1327.1971	-1225.7906	-1214.4522
479	479	-1596.0095	-1568.4879	-1579.9456	27.521512	-1592.2498	-1575.7925	-1564.4543
480	480	-1470.3794	-1417.031	-1428.5119	53.348387	-1466.5672	-1424.3317	-1412.993
481	481	-2353.5569	-2331.777	-2341.5922	21.779877	-2350.0771	-2336.9535	-2327.9855
482	482	-2546.3692	-2518.0571	-2528.6065	28.312101	-2542.9541	-2524.7491	-2514.531
483	483	-2370.4135	-2350.1226	-2361.4368	20.290886	-2366.9808	-2358.2668	-2346.9263
484	484	-2204.8647	-2204.991	-2216.929	-0.12625855	-2201.3155	-2211.9897	-2200.5604
485	485	-3313.252	-3279.1572	-3290.6719	34.094842	-3310.2136	-3287.261	-3275.9221
486	486	-2135.325	-2110.1569	-2121.3037	25.168064	-2131.7963	-2118.2149	-2106.8754
487	487	-3852.6081	-3844.3839	-3855.2879	8.2241178	-3849.5465	-3852.3629	-3841.3035
488	488	-2233.0124	-2150.2499	-2161.7194	82.762488	-2229.7379	-2157.8701	-2146.5322
489	489	-1591.4583	-1568.9749	-1580.0076	22.483395	-1587.6911	-1575.477	-1564.9144
490	490	-1945.5162	-1911.121	-1922.7468	34.395228	-1941.8579	-1918.9023	-1907.5627
491	491	-1392.8077	-1384.0072	-1395.5588	8.8005164	-1388.966	-1391.1138	-1379.7752
492	492	-2586.2407	-2582.9899	-2592.248	3.2508792	-2582.8572	-2588.0504	-2578.7462
493	493	-2838.4726	-2815.3359	-2826.7133	23.136694	-2835.1573	-2822.9975	-2811.6579
494	494	-2621.2649	-2618.2254	-2628.9709	3.0394865	-2617.8924	-2626.3283	-2614.0128
495	495	-2312.1162	-2309.5638	-2321.5936	2.5523568	-2308.6427	-2317.0975	-2305.4014
496	496	-1563.6113	-1532.0952	-1543.6292	31.516137	-1559.8406	-1539.5922	-1528.253
497	497	-2250.5878	-2250.8508	-2262.6802	-0.26299396	-2247.0908	-2258.703	-2248.0386
498	498	-1835.717	-1810.9228	-1822.7117	24.794242	-1832.077	-1818.4402	-1807.1018
499	499	-2004.8537	-1957.4298	-1968.778	47.423833	-2001.2753	-1965.288	-1953.9491
