No.	ID	loglik_NUll	loglik_RES	loglik_all	log_ratio	loglik_Max1	loglik_Max2	loglik_Max3
0	0	-962.77437	-958.54159	-961.73672	4.2327723	-959.00963	-947.8937	-947.88878
1	1	-809.88702	-795.2199	-798.4934	14.667117	-805.95046	-782.55358	-784.63231
2	2	-1621.7575	-1610.7093	-1613.9024	11.048168	-1618.4461	-1600.3838	-1600.5617
3	3	-1682.8136	-1684.7094	-1686.6452	-1.8957425	-1679.5497	-1673.6824	-1674.7896
4	4	-1792.2256	-1794.2296	-1796.2659	-2.0040264	-1789.0045	-1783.9234	-1784.6584
5	5	-949.7103	-918.14064	-921.45015	31.56966	-945.9351	-908.60927	-908.60948
6	6	-1409.7703	-1396.8083	-1399.8365	12.961996	-1406.3087	-1387.885	-1387.8846
7	7	-1634.4464	-1615.6461	-1618.8774	18.800291	-1629.0984	-1605.7323	-1605.6493
8	8	-1249.0553	-1251.37	-1253.1072	-2.3146836	-1245.5421	-1239.9515	-1239.8833
9	9	-888.3683	-870.1675	-873.58992	18.200804	-884.52379	-857.45776	-859.04585
10	10	-1203.0377	-1195.6299	-1198.6996	7.4077817	-1199.524	-1186.536	-1186.5369
11	11	-664.46715	-660.03856	-662.31496	4.428589	-660.39563	-644.92774	-649.43405
12	12	-1149.4119	-1134.1104	-1137.1556	15.301467	-1145.843	-1122.9402	-1123.6832
13	13	-963.07089	-936.97455	-940.04369	26.096345	-959.3222	-927.73257	-927.73266
14	14	-1467.7674	-1464.6413	-1467.6924	3.1261339	-1464.3667	-1449.9536	-1453.8233
15	15	-1520.8435	-1521.7737	-1524.3397	-0.93019848	-1517.4822	-1506.3718	-1512.2882
16	16	-1126.0832	-1110.3738	-1113.4389	15.709319	-1122.4831	-1101.271	-1101.2712
17	17	-1361.7252	-1352.5297	-1355.5354	9.1955383	-1358.2699	-1342.3637	-1342.3499
18	18	-1293.8026	-1284.925	-1288.0551	8.8775371	-1290.29	-1272.8469	-1275.4208
19	19	-1339.8099	-1328.1237	-1331.1701	11.68618	-1336.33	-1317.4226	-1318.0805
20	20	-1943.6309	-1945.1306	-1947.1172	-1.4996598	-1940.5159	-1930.7783	-1935.8863
21	21	-799.93247	-756.39508	-760.23383	43.537392	-795.99747	-744.01104	-743.9885
22	22	-1065.6065	-1023.1594	-1026.7514	42.447126	-1058.7721	-1012.7006	-1012.6938
23	23	-1163.8339	-1145.4886	-1148.9224	18.345301	-1160.2786	-1134.5863	-1134.585
24	24	-1362.4698	-1352.3499	-1356.6383	10.119895	-1359.0056	-1336.7643	-1341.3778
25	25	-855.92403	-837.96889	-842.31305	17.955133	-852.0622	-826.47565	-826.47541
26	26	-1638.9545	-1630.8496	-1634.5252	8.1048119	-1635.6525	-1621.0838	-1621.0857
27	27	-1614.7139	-1606.7287	-1610.1952	7.9852104	-1611.3871	-1596.7359	-1596.736
28	28	-824.63669	-813.34313	-816.7962	11.29356	-820.76208	-803.01804	-803.05329
29	29	-920.87357	-912.68926	-916.24951	8.1843073	-917.08827	-901.96216	-901.95801
30	30	-1207.4884	-1181.0903	-1184.164	26.39805	-1203.9201	-1171.4417	-1171.1127
31	31	-959.34879	-945.67283	-949.01035	13.675956	-955.59107	-935.2291	-935.79422
32	32	-817.6078	-806.15434	-809.26168	11.453455	-813.68156	-796.55816	-796.55976
33	33	-1271.6583	-1256.7419	-1260.09	14.916396	-1268.1719	-1246.0436	-1245.945
34	34	-1182.8876	-1169.1951	-1172.4458	13.692431	-1179.3233	-1159.9031	-1159.9059
35	35	-1121.4609	-1111.7333	-1114.7528	9.7276004	-1117.8417	-1101.6873	-1101.6776
36	36	-1123.8766	-1099.7744	-1102.8424	24.102209	-1120.2396	-1089.7835	-1089.5937
37	37	-1175.636	-1167.5657	-1170.3361	8.0703085	-1172.0927	-1156.4774	-1156.3466
38	38	-1212.1695	-1208.0867	-1211.1713	4.0827711	-1208.6456	-1195.9712	-1198.9521
39	39	-1255.6333	-1251.0384	-1254.0578	4.5948708	-1252.1291	-1239.9998	-1241.9124
40	40	-1381.7229	-1374.1417	-1377.2211	7.5811396	-1378.2362	-1365.1958	-1365.196
41	41	-843.63048	-828.04976	-831.11388	15.580725	-839.73035	-818.51864	-818.52162
42	42	-1335.0256	-1337.7401	-1339.2215	-2.7145499	-1331.5659	-1326.7181	-1329.4098
43	43	-1157.6587	-1142.1251	-1145.4672	15.533692	-1154.0759	-1131.6178	-1131.6162
44	44	-1070.3913	-1068.2239	-1071.447	2.1674689	-1066.7426	-1057.488	-1057.4963
45	45	-1384.2925	-1383.9182	-1387.0142	0.37434581	-1380.8348	-1371.9809	-1374.8281
46	46	-855.61529	-829.31089	-832.34529	26.304397	-851.74772	-819.87805	-819.8795
47	47	-1435.6882	-1408.4045	-1411.4236	27.283764	-1432.2494	-1399.6444	-1399.6445
48	48	-1186.8737	-1159.7598	-1162.5353	27.113873	-1183.3031	-1147.582	-1150.7579
49	49	-815.67519	-804.19544	-807.23271	11.479756	-811.75883	-793.84596	-794.61172
50	50	-1479.3247	-1479.2024	-1483.4046	0.12223355	-1475.9143	-1470.5171	-1470.6434
51	51	-986.54892	-983.58515	-987.87404	2.9637764	-982.81823	-967.02661	-972.55513
52	52	-891.90462	-876.55398	-879.75271	15.350634	-888.06374	-865.66972	-865.66792
53	53	-1142.9115	-1139.8056	-1142.8673	3.1059608	-1139.3378	-1130.5535	-1130.5532
54	54	-1454.388	-1436.1675	-1439.2386	18.22053	-1449.9322	-1426.7839	-1426.7843
55	55	-1006.5865	-985.04259	-988.393	21.543912	-998.84989	-974.83699	-974.82601
56	56	-722.66147	-702.80917	-705.90179	19.852293	-718.64692	-693.17672	-693.17679
57	57	-1615.4751	-1605.7297	-1608.8099	9.7453833	-1612.145	-1593.1848	-1596.9813
58	58	-1004.4229	-1001.3411	-1004.4077	3.0817531	-1000.7201	-991.92363	-991.92366
59	59	-1545.4866	-1527.4784	-1530.9054	18.008165	-1542.1229	-1517.6525	-1517.6504
60	60	-957.48216	-927.53541	-930.58556	29.946743	-953.7125	-918.27696	-918.27696
61	61	-1272.5732	-1274.9902	-1276.7559	-2.4170393	-1269.0658	-1260.6435	-1264.7863
62	62	-951.36227	-951.46556	-954.30052	-0.10329692	-947.606	-939.97074	-941.76276
63	63	-1395.3454	-1384.1472	-1387.2088	11.19819	-1391.8863	-1374.7649	-1374.765
64	64	-1454.7221	-1446.5862	-1449.6659	8.1358824	-1451.2935	-1437.0259	-1437.2033
65	65	-1413.469	-1399.027	-1402.0956	14.441991	-1409.9901	-1389.8907	-1389.8909
66	66	-1536.2844	-1538.8632	-1540.4312	-2.5787938	-1532.9044	-1526.6637	-1529.7818
67	67	-782.15742	-761.09363	-764.47329	21.063791	-778.19506	-750.52515	-750.51782
68	68	-795.91058	-786.64975	-789.71463	9.2608236	-791.97546	-776.87598	-777.00016
69	69	-1328.8723	-1315.0056	-1318.2482	13.866662	-1325.3895	-1304.9771	-1305.6767
70	70	-1040.9189	-991.8937	-994.95989	49.025185	-1029.7018	-982.87725	-982.87832
71	71	-1077.4503	-1076.535	-1081.3109	0.91536749	-1073.7814	-1063.3765	-1065.4544
72	72	-671.20368	-648.88168	-651.9606	22.321996	-667.12159	-639.11431	-639.11388
73	73	-1105.455	-1101.672	-1104.7831	3.7829242	-1101.8296	-1089.2289	-1091.3713
74	74	-682.25645	-649.03992	-652.11215	33.216524	-678.14025	-639.26873	-639.26898
75	75	-1403.9728	-1406.6701	-1408.167	-2.6973203	-1400.531	-1400.8001	-1400.812
76	76	-813.51574	-801.15555	-804.70296	12.36019	-809.56216	-789.3771	-789.53922
77	77	-1161.7371	-1160.5239	-1163.5704	1.213153	-1158.1426	-1148.7364	-1150.335
78	78	-1235.2466	-1225.442	-1228.5067	9.8045887	-1231.7179	-1215.2001	-1216.3293
79	79	-1033.1248	-1035.6719	-1037.3205	-2.5471619	-1029.4099	-1027.4337	-1027.3424
80	80	-1160.4921	-1149.4499	-1152.7268	11.042129	-1156.9358	-1139.7059	-1139.7023
81	81	-1407.8528	-1386.2529	-1389.7726	21.599817	-1404.4061	-1375.1279	-1375.1102
82	82	-1816.7575	-1800.5722	-1803.967	16.185275	-1813.5134	-1790.3073	-1790.3148
83	83	-1249.04	-1243.421	-1246.457	5.6189105	-1245.503	-1231.9689	-1234.285
84	84	-1343.2727	-1323.6449	-1326.6801	19.627739	-1339.8018	-1314.7495	-1314.7494
85	85	-974.7581	-956.81515	-959.86679	17.942952	-971.00065	-947.49317	-947.4931
86	86	-1098.5607	-1077.6893	-1081.3762	20.871395	-1094.9186	-1065.681	-1065.6903
87	87	-995.81191	-958.28866	-961.8846	37.523251	-992.04789	-947.57563	-947.57653
88	88	-981.46284	-959.45563	-962.78883	22.007204	-977.75947	-949.31141	-949.31388
89	89	-793.10749	-786.18974	-789.2869	6.9177524	-789.18454	-774.74619	-776.54962
90	90	-988.3421	-986.02463	-992.10921	2.3174677	-984.61487	-974.36703	-974.90618
91	91	-1064.1136	-1059.4082	-1062.7089	4.7053726	-1060.4591	-1046.3977	-1049.3025
92	92	-1007.3338	-992.49446	-995.80984	14.839338	-1003.6414	-980.73463	-982.3987
93	93	-908.4722	-882.65882	-885.99793	25.813373	-904.64643	-872.84825	-872.84823
94	94	-710.23535	-689.6477	-692.6972	20.587656	-706.17729	-679.97634	-679.97636
95	95	-1053.5276	-1018.7473	-1022.0085	34.780378	-1041.5481	-1009.2167	-1009.2142
96	96	-1190.0162	-1182.1446	-1184.9916	7.871584	-1186.4792	-1165.4697	-1171.9712
97	97	-1165.8138	-1164.2382	-1167.5333	1.5755438	-1162.2348	-1154.5507	-1154.5486
98	98	-1259.5461	-1244.1157	-1247.1594	15.430434	-1255.9761	-1234.5518	-1234.4854
99	99	-1034.2183	-1007.8928	-1010.946	26.325548	-1030.5235	-998.42289	-998.41142
100	100	-1215.627	-1217.7557	-1219.2107	-2.1286867	-1212.0916	-1199.4259	-1208.1397
101	101	-931.58936	-918.5006	-921.54677	13.088756	-927.80139	-907.93811	-909.07771
102	102	-663.14494	-637.40922	-640.46368	25.735729	-659.06444	-626.20397	-627.61651
103	103	-1410.3514	-1398.4039	-1401.428	11.947579	-1406.9025	-1389.4831	-1389.4827
104	104	-796.47406	-781.03662	-784.69052	15.437437	-792.53531	-768.2697	-768.26421
105	105	-1196.243	-1195.5417	-1198.6295	0.70135165	-1192.6544	-1186.2783	-1186.2784
106	106	-1248.8539	-1244.353	-1250.0479	4.5009343	-1245.2886	-1233.6883	-1233.5131
107	107	-1408.4801	-1411.4967	-1412.7092	-3.0166242	-1405.0497	-1402.3065	-1401.0071
108	108	-777.59535	-772.75334	-775.52494	4.8420056	-773.63232	-759.47327	-763.03391
109	109	-1353.5089	-1330.9489	-1333.9682	22.560057	-1340.3748	-1322.1069	-1322.1076
110	110	-1217.7619	-1219.2569	-1221.5927	-1.4949632	-1214.252	-1207.2005	-1208.0522
111	111	-1610.1886	-1612.0019	-1613.9786	-1.8132901	-1606.8685	-1601.7362	-1602.4703
112	112	-1177.8882	-1165.6862	-1168.7714	12.202033	-1174.352	-1156.6276	-1156.6272
113	113	-1554.7332	-1542.6366	-1546.9832	12.096527	-1551.3179	-1530.3481	-1531.7947
114	114	-981.92881	-967.05097	-970.1415	14.877834	-978.20467	-957.75409	-957.75503
115	115	-1024.6171	-1020.7466	-1024.624	3.8704431	-1020.961	-1009.6421	-1009.6398
116	116	-1068.9566	-1060.2675	-1063.3439	8.6891339	-1065.296	-1050.9703	-1050.9708
117	117	-1100.0891	-1073.0531	-1076.1215	27.035998	-1096.4708	-1063.9723	-1063.9722
118	118	-719.29705	-715.42553	-718.64224	3.8715141	-715.29489	-704.08492	-704.08406
119	119	-1008.7911	-999.02071	-1002.08	9.7704174	-1005.0826	-989.68674	-989.68971
120	120	-1199.6876	-1200.3734	-1201.1188	-0.68584902	-1196.0936	-1177.7187	-1191.0523
121	121	-965.83867	-950.3246	-953.37088	15.51407	-962.11368	-941.02894	-941.02744
122	122	-1449.6983	-1441.8122	-1444.8508	7.8861387	-1446.2677	-1429.0183	-1432.3264
123	123	-833.15146	-821.82759	-825.0469	11.323874	-829.22974	-810.84636	-810.84558
124	124	-1282.839	-1277.7458	-1280.8264	5.0932371	-1279.3607	-1268.6451	-1268.646
125	125	-1014.8776	-998.65956	-1001.7317	16.218044	-1011.1709	-989.395	-989.39632
126	126	-1212.3247	-1196.3258	-1199.354	15.998858	-1208.7845	-1186.6848	-1186.6445
127	127	-1246.2765	-1237.7949	-1241.509	8.4816829	-1242.7593	-1225.3095	-1226.553
128	128	-1239.5753	-1239.5476	-1244.0529	0.027711581	-1236.0182	-1224.5638	-1230.7779
129	129	-951.93095	-948.22365	-951.25623	3.7073018	-948.16589	-938.66804	-938.66887
130	130	-646.51368	-629.1761	-632.23221	17.337573	-642.38642	-618.74226	-619.28816
131	131	-1158.552	-1155.7458	-1158.8637	2.8062366	-1154.9556	-1143.0652	-1145.2985
132	132	-1041.6229	-1028.9424	-1031.753	12.680481	-1037.9629	-1017.7877	-1017.7062
133	133	-1100.5215	-1093.0301	-1096.0852	7.4914149	-1096.911	-1083.6317	-1083.8329
134	134	-1458.8956	-1450.4926	-1453.546	8.4030163	-1455.473	-1439.155	-1440.709
135	135	-1288.1204	-1290.1173	-1291.9481	-1.996932	-1284.6134	-1279.5404	-1279.9241
136	136	-1301.2818	-1294.5509	-1297.6232	6.730905	-1297.8128	-1285.4616	-1285.4617
137	137	-868.39917	-853.08189	-856.11648	15.317287	-864.50778	-843.53097	-843.53788
138	138	-1072.2476	-1061.9065	-1064.9888	10.341059	-1068.6312	-1049.5643	-1052.7167
139	139	-1423.4517	-1415.879	-1419.2833	7.5727184	-1419.9982	-1404.1469	-1404.8511
140	140	-847.87137	-804.12301	-807.43071	43.748353	-843.98293	-794.42473	-794.42082
141	141	-1332.7112	-1314.2792	-1317.7483	18.432014	-1323.6076	-1304.2598	-1304.259
142	142	-967.63958	-961.96828	-965.01583	5.6712968	-963.88997	-951.42489	-952.52043
143	143	-1217.5573	-1220.0483	-1221.7146	-2.4909686	-1214.0193	-1205.3183	-1212.1426
144	144	-982.5573	-979.07414	-982.10731	3.4831607	-978.82259	-969.58736	-969.58874
145	145	-1161.8912	-1156.7015	-1161.4668	5.1897477	-1158.3268	-1144.3163	-1144.3138
146	146	-943.50216	-934.76729	-937.85282	8.7348691	-939.74338	-925.34735	-925.34744
147	147	-861.91863	-858.43431	-861.53487	3.4843175	-858.05848	-848.81002	-848.81041
148	148	-815.74035	-789.73457	-792.79799	26.005784	-811.78004	-778.90045	-780.19292
149	149	-658.9856	-661.41737	-663.07207	-2.4317693	-654.90226	-651.06785	-651.71788
150	150	-937.70007	-928.90665	-932.21416	8.7934237	-933.94493	-918.66079	-918.65428
151	151	-1542.2239	-1530.6351	-1534.1648	11.588808	-1538.8758	-1518.8398	-1518.8234
152	152	-1531.052	-1533.5944	-1535.2291	-2.5423828	-1527.6478	-1523.5492	-1523.8396
153	153	-900.26142	-899.69833	-902.52351	0.56308834	-896.47686	-886.73582	-890.08724
154	154	-1594.0102	-1592.669	-1595.4804	1.3411947	-1590.6811	-1577.3871	-1582.8585
155	155	-1029.2016	-1007.9148	-1010.9792	21.286767	-1025.512	-998.68687	-998.68611
156	156	-2131.7437	-2118.899	-2122.1379	12.844715	-2117.5961	-2108.466	-2108.9004
157	157	-1365.1143	-1366.2847	-1368.5968	-1.1704047	-1361.6449	-1355.0283	-1356.0505
158	158	-1429.0692	-1431.7497	-1433.2527	-2.6804926	-1425.6474	-1423.7652	-1423.7589
159	159	-899.88844	-898.96213	-902.19954	0.92631393	-896.06922	-885.1199	-888.29377
160	160	-1550.6536	-1548.7606	-1551.5426	1.8930392	-1547.267	-1537.2074	-1537.4706
161	161	-1054.2329	-1038.392	-1041.6826	15.840834	-1050.5639	-1027.6696	-1027.6662
162	162	-1128.2155	-1130.7543	-1132.3791	-2.5387274	-1124.6095	-1115.5561	-1120.9342
163	163	-1218.7835	-1216.3899	-1219.4502	2.3936152	-1215.2667	-1207.1757	-1207.177
164	164	-1045.8411	-1026.7814	-1029.8912	19.059658	-1042.1706	-1017.5937	-1017.5937
165	165	-1339.1853	-1324.5267	-1327.6226	14.658658	-1335.6757	-1315.0318	-1314.9959
166	166	-1110.2027	-1112.0284	-1113.8607	-1.8257263	-1106.5657	-1099.9117	-1102.2926
167	167	-1001.1838	-993.29131	-997.25506	7.8925025	-997.47857	-982.7772	-983.97234
168	168	-1026.9264	-1003.6644	-1006.4606	23.261982	-1023.2495	-992.47687	-992.45126
169	169	-655.11667	-628.99296	-632.0254	26.123716	-651.03061	-619.18633	-619.18647
170	170	-1126.4064	-1113.7788	-1117.1863	12.627602	-1122.7669	-1101.4458	-1102.0295
171	171	-966.23416	-937.10524	-940.3978	29.128911	-962.48838	-926.76806	-926.72692
172	172	-602.13954	-595.70318	-598.77085	6.4363657	-597.9459	-585.61863	-585.62475
173	173	-858.10547	-837.71145	-841.04031	20.394021	-854.29352	-827.33088	-827.33974
174	174	-1026.0099	-1018.9396	-1022.0157	7.0703068	-1022.3091	-1009.5552	-1009.5553
175	175	-1608.2768	-1601.517	-1605.1956	6.759787	-1604.9705	-1589.4324	-1590.0068
176	176	-1039.3488	-1031.6252	-1035.5389	7.7235872	-1035.6653	-1017.678	-1019.3906
177	177	-979.96271	-980.17831	-982.95547	-0.21559538	-976.24014	-969.62867	-969.62581
178	178	-1044.4702	-1036.3918	-1040.7457	8.0784335	-1040.7926	-1026.8679	-1026.8559
179	179	-810.16922	-774.37673	-777.70479	35.792482	-806.20933	-764.0195	-764.02399
180	180	-1124.3262	-1097.9705	-1101.0503	26.355701	-1120.7201	-1088.9304	-1088.9305
181	181	-961.71658	-930.44539	-934.88299	31.271184	-957.94848	-918.05751	-918.04832
182	182	-1344.2347	-1343.5951	-1346.317	0.63957765	-1340.7748	-1329.026	-1334.1272
183	183	-773.41973	-774.92539	-777.29377	-1.5056613	-769.45787	-763.97681	-765.18572
184	184	-1638.6637	-1631.2972	-1634.3571	7.3665031	-1635.3458	-1619.272	-1621.9343
185	185	-1056.0169	-1053.2892	-1056.6332	2.7276776	-1052.3738	-1043.4686	-1043.4653
186	186	-1126.7006	-1097.942	-1101.0422	28.758682	-1123.0898	-1088.9622	-1088.9635
187	187	-1536.895	-1525.7476	-1528.8196	11.147343	-1533.477	-1516.5752	-1516.9031
188	188	-793.87428	-763.90024	-766.97367	29.974036	-789.89153	-754.42074	-754.42254
189	189	-932.37791	-922.48841	-926.1621	9.8895004	-928.5823	-909.65587	-911.32465
190	190	-881.91903	-882.98999	-885.51236	-1.0709637	-878.04557	-871.23492	-873.21288
191	191	-1332.8869	-1332.0622	-1334.8621	0.82464406	-1329.408	-1317.4724	-1322.0539
192	192	-1019.187	-1011.5957	-1014.6407	7.591373	-1015.4774	-1002.1496	-1002.2123
193	193	-1553.4565	-1551.2894	-1554.3214	2.1671371	-1550.0438	-1540.9819	-1542.0833
194	194	-1576.58	-1559.334	-1562.3839	17.245962	-1573.2407	-1550.5877	-1550.5872
195	195	-1376.7968	-1370.9656	-1373.5437	5.8311609	-1373.3088	-1355.4638	-1361.9477
196	196	-1317.8247	-1296.7358	-1299.9771	21.088913	-1314.3165	-1287.3284	-1287.3287
197	197	-1080.6185	-1078.1273	-1080.913	2.4912141	-1076.9368	-1066.9377	-1066.8267
198	198	-1140.318	-1130.9892	-1134.0478	9.3288413	-1136.7546	-1121.8536	-1121.8532
199	199	-1463.3368	-1465.9985	-1467.3625	-2.6616746	-1459.9027	-1454.9802	-1458.3081
200	200	-1211.6291	-1207.5178	-1210.5469	4.1112853	-1208.0748	-1197.5681	-1198.2658
201	201	-1526.6845	-1504.2724	-1507.3156	22.412086	-1521.6897	-1495.1361	-1495.1241
202	202	-990.92303	-980.43894	-983.73483	10.484085	-987.17674	-969.61046	-969.60949
203	203	-944.08076	-915.37546	-918.46355	28.705295	-940.28382	-906.13351	-906.13352
204	204	-525.47364	-512.90758	-516.00049	12.566059	-521.06502	-502.62432	-502.62719
205	205	-1324.4866	-1293.4897	-1296.8232	30.996874	-1320.9917	-1282.9717	-1282.9499
206	206	-1369.594	-1362.1592	-1365.3937	7.434848	-1366.1424	-1352.6461	-1352.6387
207	207	-1486.0988	-1476.8746	-1480.9998	9.2242798	-1482.6754	-1464.5914	-1466.507
208	208	-1005.5222	-989.26508	-993.84118	16.257101	-1001.8207	-975.90709	-976.69597
209	209	-1650.7827	-1653.065	-1654.907	-2.2823517	-1647.448	-1643.4623	-1644.7654
210	210	-1687.9065	-1683.2131	-1686.2644	4.6934168	-1684.6349	-1674.4572	-1674.4563
211	211	-1551.9685	-1554.6521	-1556.1703	-2.6835496	-1548.5806	-1541.8045	-1547.488
212	212	-959.69101	-944.80411	-947.85414	14.886895	-955.94996	-935.45817	-935.45821
213	213	-1286.3439	-1272.4784	-1276.3859	13.865457	-1282.8241	-1261.8029	-1261.8027
214	214	-1413.335	-1403.7099	-1406.7494	9.6250739	-1409.8843	-1394.6844	-1394.7947
215	215	-1314.4844	-1315.0238	-1317.7555	-0.5394793	-1310.9676	-1303.4171	-1305.8195
216	216	-941.38877	-883.50922	-886.59913	57.879553	-937.61717	-874.39323	-874.39139
217	217	-755.77958	-742.34162	-745.43363	13.43796	-751.8428	-732.32747	-732.67117
218	218	-1508.449	-1493.0722	-1496.3475	15.376755	-1505.06	-1484.1167	-1484.1134
219	219	-902.44537	-872.06426	-875.15926	30.38111	-898.62795	-862.71287	-862.71366
220	220	-1116.6161	-1100.4117	-1103.6385	16.204399	-1113.0178	-1090.8534	-1090.8344
221	221	-1611.7009	-1602.4865	-1605.5432	9.2143501	-1608.3693	-1591.862	-1593.5649
222	222	-908.04355	-910.71709	-912.23059	-2.6735439	-904.23579	-898.08995	-904.55345
223	223	-751.13141	-753.65426	-755.31277	-2.5228565	-747.13515	-746.3968	-746.38006
224	224	-976.04323	-944.51847	-947.59336	31.52476	-972.29302	-935.3096	-935.31054
225	225	-1496.7646	-1490.7498	-1494.3288	6.0147552	-1493.3376	-1478.6292	-1478.7976
226	226	-1399.4477	-1382.1015	-1385.1354	17.346221	-1395.9519	-1372.9624	-1373.1964
227	227	-1468.7983	-1442.692	-1445.7839	26.106353	-1465.3671	-1433.96	-1433.9614
228	228	-1019.7033	-1018.0987	-1021.2378	1.6045744	-1015.9964	-1007.9009	-1007.898
229	229	-917.27926	-907.86292	-910.91564	9.4163438	-913.49372	-898.41095	-898.41033
230	230	-919.33841	-916.86592	-919.96791	2.4724904	-915.55271	-907.31879	-907.31924
231	231	-1183.5248	-1166.6776	-1169.7436	16.847234	-1179.9627	-1157.6364	-1157.6366
232	232	-1169.4191	-1169.0416	-1173.6159	0.37751777	-1165.8593	-1156.9981	-1160.3387
233	233	-1036.5756	-1031.5542	-1034.6139	5.0214902	-1032.8823	-1018.5542	-1021.2193
234	234	-1122.8312	-1094.3624	-1097.4246	28.468734	-1119.2067	-1085.2917	-1085.2916
235	235	-1151.5335	-1142.7537	-1145.7929	8.7798105	-1147.9506	-1133.5847	-1133.5847
236	236	-935.33625	-926.66647	-929.73926	8.6697801	-931.55971	-917.21668	-917.21525
237	237	-1390.2707	-1391.1147	-1393.5446	-0.84404556	-1386.8138	-1380.1802	-1380.5473
238	238	-1704.9679	-1706.6185	-1708.7148	-1.650563	-1701.689	-1689.6855	-1696.9277
239	239	-1243.7769	-1243.0104	-1246.2153	0.76651269	-1240.195	-1231.5549	-1232.5388
240	240	-1085.8053	-1087.3498	-1089.5198	-1.5444398	-1082.1697	-1075.2681	-1076.6875
241	241	-1515.9951	-1498.1033	-1501.1758	17.891829	-1512.6078	-1489.1152	-1489.1166
242	242	-775.96151	-735.62916	-738.68471	40.332347	-771.99934	-726.17796	-726.1782
243	243	-1111.3644	-1084.8262	-1087.6792	26.538232	-1107.728	-1071.4088	-1075.187
244	244	-1080.6257	-1060.6809	-1063.9785	19.944813	-1076.9925	-1049.4189	-1049.3997
245	245	-1118.0575	-1102.0248	-1104.4722	16.032644	-1114.4563	-1087.6541	-1092.0921
246	246	-1667.7069	-1647.5568	-1650.5819	20.150122	-1659.4612	-1638.8516	-1638.843
247	247	-1014.1257	-999.76407	-1002.8358	14.361604	-1010.4225	-988.50978	-990.49067
248	248	-1193.0576	-1192.8089	-1195.8383	0.24865775	-1189.4383	-1179.122	-1183.5207
249	249	-945.91655	-915.71042	-919.51169	30.20613	-942.13261	-903.65137	-903.63042
250	250	-1443.7125	-1445.6564	-1447.7461	-1.943885	-1440.2586	-1432.2693	-1435.2121
251	251	-903.63875	-886.21263	-889.51754	17.426115	-899.80305	-872.869	-875.93629
252	252	-1081.2531	-1070.6239	-1073.6829	10.629271	-1077.6217	-1061.3983	-1061.3988
253	253	-1011.6456	-1014.2478	-1015.6292	-2.6022049	-1007.9337	-997.76649	-1002.3636
254	254	-696.03331	-689.311	-692.34775	6.7223044	-691.96348	-678.69845	-679.39934
255	255	-1282.0949	-1277.8896	-1280.9631	4.2052678	-1278.6291	-1265.1929	-1267.5795
256	256	-1273.9343	-1248.0423	-1250.8105	25.892059	-1270.4473	-1237.7932	-1237.3587
257	257	-825.72968	-804.3528	-808.6148	21.376876	-821.77239	-792.8093	-792.81022
258	258	-1504.7032	-1499.6886	-1502.4689	5.014529	-1501.317	-1489.8551	-1489.7416
259	259	-1181.7596	-1179.5164	-1182.3276	2.2431963	-1178.1661	-1167.3336	-1168.2435
260	260	-1038.0939	-1020.201	-1023.241	17.892863	-1034.4257	-1007.7041	-1009.4828
261	261	-1160.4356	-1155.5148	-1158.6124	4.9207698	-1156.8529	-1146.2961	-1146.2958
262	262	-1470.6685	-1465.7045	-1471.078	4.9639528	-1467.2953	-1455.9637	-1455.9273
263	263	-1527.7036	-1529.68	-1531.5338	-1.9763835	-1524.3369	-1518.8582	-1519.7664
264	264	-1037.7966	-1030.8052	-1033.9982	6.9913912	-1034.1208	-1018.3533	-1020.999
265	265	-1494.1158	-1490.4674	-1493.8587	3.6483595	-1490.6995	-1479.9072	-1479.9066
266	266	-1005.3208	-996.15153	-1000.4562	9.1692485	-1001.6244	-983.62796	-984.47984
267	267	-1047.2246	-1048.1665	-1050.6831	-0.94189913	-1043.5769	-1038.0426	-1038.0364
268	268	-1129.1229	-1125.5246	-1128.568	3.5982987	-1125.5068	-1115.6016	-1116.1991
269	269	-1325.9985	-1317.374	-1320.4227	8.6244825	-1322.4734	-1302.0778	-1307.8541
270	270	-1380.6578	-1371.3521	-1372.8904	9.3056462	-1377.1863	-1355.709	-1360.8055
271	271	-726.26008	-727.18643	-730.0703	-0.92635286	-722.2583	-713.55696	-715.77629
272	272	-1141.5176	-1118.6021	-1121.8243	22.915492	-1137.9396	-1109.5112	-1109.5037
273	273	-1781.4313	-1777.4342	-1779.9377	3.9970469	-1778.1668	-1764.4996	-1766.8687
274	274	-1393.5841	-1391.8305	-1394.8518	1.7536473	-1390.1792	-1382.0167	-1382.022
275	275	-1133.5332	-1128.3521	-1131.1427	5.1811136	-1129.9451	-1118.0684	-1118.0708
276	276	-781.67453	-764.82259	-767.90943	16.851941	-777.7447	-755.28623	-755.28755
277	277	-1202.2714	-1198.0016	-1201.1014	4.2697426	-1198.725	-1188.1257	-1188.1282
278	278	-1358.8824	-1356.8286	-1359.6221	2.0537401	-1355.4225	-1345.9399	-1346.2201
279	279	-1249.6345	-1249.2217	-1252.2828	0.4127901	-1246.1301	-1234.2179	-1239.336
280	280	-924.57236	-896.63225	-901.20374	27.940113	-920.74881	-884.22978	-884.23083
281	281	-1258.396	-1253.7523	-1257.3283	4.6436158	-1254.8482	-1233.1454	-1244.2911
282	282	-1356.4101	-1339.1872	-1342.1963	17.222856	-1348.3957	-1328.9902	-1329.5565
283	283	-1014.7234	-984.46686	-987.71242	30.256532	-1010.9973	-974.84228	-974.82688
284	284	-1509.89	-1500.7193	-1503.7795	9.1706944	-1506.5065	-1488.7233	-1491.8356
285	285	-897.19201	-892.29562	-895.32885	4.896387	-893.38601	-882.71682	-882.71795
286	286	-1304.9484	-1301.8091	-1304.5553	3.1392955	-1301.4671	-1289.4695	-1292.6628
287	287	-743.07705	-720.63957	-723.72505	22.437481	-739.02543	-710.99172	-710.99156
288	288	-934.74263	-918.87279	-922.13865	15.86984	-930.98879	-908.78185	-908.76514
289	289	-1182.9517	-1176.8396	-1179.8868	6.1121175	-1179.3898	-1167.6504	-1167.6489
290	290	-1267.6508	-1245.5785	-1248.5513	22.072233	-1264.1534	-1233.6862	-1236.6527
291	291	-1179.6992	-1170.8887	-1173.9536	8.8104854	-1176.0992	-1156.578	-1161.6898
292	292	-1487.5627	-1490.5809	-1492.0653	-3.0181827	-1484.1741	-1475.126	-1480.565
293	293	-743.77597	-721.9428	-724.99071	21.833176	-739.74219	-712.29035	-712.29305
294	294	-1021.5325	-1011.7689	-1015.0438	9.7636357	-1017.8393	-1000.9627	-1000.9624
295	295	-1607.0251	-1605.3874	-1610.9739	1.6377911	-1603.6984	-1591.816	-1595.7581
296	296	-1323.54	-1307.2345	-1310.3078	16.305555	-1320.068	-1298.3089	-1298.3102
297	297	-1447.2914	-1439.8197	-1442.9227	7.4716176	-1443.8965	-1430.9212	-1430.9204
298	298	-1458.5513	-1461.1643	-1461.9338	-2.6130257	-1455.1448	-1446.9387	-1452.0485
299	299	-1273.13	-1253.5631	-1256.5841	19.566898	-1269.6536	-1243.5415	-1244.0813
300	300	-622.18073	-561.81483	-564.89257	60.365902	-618.01348	-551.96255	-551.96586
301	301	-1154.944	-1138.8187	-1142.0707	16.125308	-1151.3406	-1129.2665	-1129.2706
302	302	-1277.6649	-1280.0179	-1281.7378	-2.3530123	-1274.0909	-1271.1029	-1271.1035
303	303	-1079.3741	-1073.3009	-1076.3685	6.0731828	-1075.7217	-1062.3571	-1063.9858
304	304	-1200.43	-1183.6216	-1186.7187	16.808407	-1196.9002	-1174.5979	-1174.6377
305	305	-1124.6701	-1112.3307	-1115.6215	12.339356	-1121.063	-1096.4678	-1100.4323
306	306	-1272.2708	-1267.0904	-1270.9801	5.1804897	-1268.7562	-1254.9483	-1254.9105
307	307	-1091.5528	-1094.0813	-1095.7149	-2.5285031	-1087.9037	-1083.5916	-1085.22
308	308	-1250.5865	-1252.9809	-1254.6207	-2.3943895	-1247.0643	-1240.2114	-1244.2719
309	309	-1667.6533	-1662.3916	-1665.4531	5.261687	-1664.3808	-1653.4935	-1653.4864
310	310	-1323.9014	-1296.4049	-1299.4288	27.49654	-1320.39	-1287.4886	-1287.489
311	311	-1150.5732	-1139.7564	-1142.67	10.816751	-1146.9769	-1124.2287	-1130.6055
312	312	-1673.2097	-1650.1693	-1653.2376	23.040476	-1661.5133	-1641.3955	-1641.3891
313	313	-1645.6191	-1634.0044	-1637.5385	11.614744	-1642.2872	-1617.564	-1624.5122
314	314	-990.95109	-993.41193	-995.14893	-2.4608404	-987.21491	-984.3557	-985.11575
315	315	-1172.9411	-1166.1232	-1168.8449	6.8179242	-1169.3448	-1152.3158	-1154.8269
316	316	-1192.2049	-1183.7378	-1186.8106	8.4671442	-1188.6216	-1174.579	-1174.5787
317	317	-1214.8202	-1198.4789	-1201.556	16.341328	-1211.2971	-1189.0094	-1188.6627
318	318	-1162.9898	-1164.9721	-1167.1815	-1.9822721	-1159.4384	-1148.571	-1155.0383
319	319	-1726.0815	-1717.0877	-1720.4921	8.9938787	-1722.8171	-1705.8156	-1706.4952
320	320	-710.97211	-709.7428	-712.58881	1.229306	-706.9419	-695.65005	-699.87717
321	321	-1726.8551	-1729.4894	-1730.8445	-2.6343467	-1723.6092	-1713.3321	-1718.8611
322	322	-997.75672	-974.60674	-977.72868	23.149986	-994.02835	-965.42172	-965.4228
323	323	-1446.0156	-1441.8685	-1444.6277	4.1470517	-1442.5846	-1427.601	-1431.4769
324	324	-750.63231	-745.1896	-748.27707	5.4427091	-746.62101	-733.6174	-735.45307
325	325	-1246.6132	-1246.1049	-1248.8912	0.50832475	-1243.0724	-1232.9796	-1234.2746
326	326	-920.47856	-908.08134	-911.74799	12.397215	-916.66945	-895.23318	-896.1545
327	327	-1101.3178	-1070.0916	-1073.3287	31.226246	-1097.6927	-1061.092	-1061.0937
328	328	-1125.5796	-1104.1654	-1107.2103	21.41415	-1121.9693	-1093.9856	-1095.0616
329	329	-923.3188	-907.09253	-910.15575	16.226274	-919.53327	-897.73325	-897.73362
330	330	-959.60287	-961.29709	-963.5098	-1.6942182	-955.85364	-949.35036	-951.9705
331	331	-1083.3757	-1080.7531	-1082.1477	2.6225533	-1079.7213	-1063.7039	-1070.0661
332	332	-649.85806	-652.5445	-654.03225	-2.6864453	-645.73634	-644.32125	-644.35546
333	333	-1600.8265	-1595.3349	-1598.1049	5.4916053	-1597.5168	-1584.6595	-1584.5093
334	334	-842.9476	-816.49827	-821.04697	26.449327	-839.04819	-805.41409	-805.41243
335	335	-783.77178	-759.02376	-762.42595	24.748027	-779.75626	-748.43883	-748.4369
336	336	-1003.5561	-993.61218	-996.69092	9.9438973	-999.84526	-984.30414	-984.30421
337	337	-833.16994	-824.49478	-827.57624	8.6751628	-829.27502	-814.89219	-814.89226
338	338	-840.57044	-834.29727	-837.34263	6.2731747	-836.67233	-824.47086	-824.43069
339	339	-1023.0608	-1021.9541	-1025.3233	1.1067169	-1019.3867	-1006.3095	-1012.5465
340	340	-1035.4655	-1036.8869	-1039.2709	-1.4213338	-1031.7929	-1022.7768	-1025.4057
341	341	-844.10279	-822.33283	-825.69516	21.769961	-840.2065	-812.00392	-811.99953
342	342	-1314.3631	-1268.6418	-1271.7402	45.721203	-1310.86	-1259.9201	-1259.9194
343	343	-1072.3023	-1063.8847	-1066.9366	8.4175607	-1068.6696	-1053.3262	-1054.6391
344	344	-1412.0594	-1401.4159	-1404.4748	10.643534	-1408.5829	-1392.4176	-1392.4164
345	345	-910.11776	-892.20666	-895.67084	17.911095	-906.28038	-881.1032	-881.09852
346	346	-1516.5234	-1514.8804	-1517.6257	1.6430396	-1513.1573	-1504.1806	-1503.9376
347	347	-1700.4498	-1700.5057	-1703.2722	-0.055931044	-1697.1723	-1690.1284	-1690.5827
348	348	-739.5652	-725.84597	-728.90787	13.719237	-735.59396	-714.0078	-716.16652
349	349	-956.7246	-929.91969	-933.37421	26.804903	-952.93939	-918.80447	-918.75795
350	350	-1852.2866	-1844.7699	-1847.8234	7.5167023	-1846.7638	-1836.1224	-1836.1226
351	351	-1081.4458	-1047.8704	-1050.9244	33.575393	-1077.7745	-1038.1276	-1038.1086
352	352	-1665.147	-1668.21	-1669.6242	-3.0630522	-1661.8676	-1646.9336	-1657.6013
353	353	-1250.0851	-1244.4524	-1247.5257	5.6327157	-1246.5188	-1233.7486	-1234.6969
354	354	-996.84507	-985.28855	-988.06395	11.556522	-993.14633	-974.40631	-974.57417
355	355	-1672.8799	-1672.1096	-1673.4115	0.77023418	-1669.5709	-1654.6113	-1662.5657
356	356	-930.34994	-914.07301	-917.37866	16.276936	-926.54845	-903.87015	-903.86919
357	357	-1313.5236	-1313.6471	-1317.7393	-0.12348629	-1310.0732	-1306.3485	-1306.1294
358	358	-1100.5929	-1086.4184	-1089.4686	14.174555	-1096.9607	-1077.2402	-1077.2402
359	359	-1113.2763	-1089.0424	-1092.1022	24.233941	-1109.6309	-1079.9551	-1079.9547
360	360	-1337.699	-1336.963	-1339.7162	0.73599629	-1334.2122	-1326.2597	-1326.2495
361	361	-983.91473	-975.825	-978.87712	8.0897302	-980.16287	-966.39667	-966.39651
362	362	-1992.2413	-1987.9616	-1991.2947	4.2796824	-1989.1026	-1978.4172	-1978.417
363	363	-996.98104	-993.45721	-996.65426	3.5238321	-993.24285	-982.64878	-982.64095
364	364	-1256.7825	-1240.9197	-1244.2647	15.862881	-1253.255	-1230.1873	-1230.1883
365	365	-1061.2971	-1007.2581	-1010.2869	54.039001	-1056.5922	-998.25708	-998.25604
366	366	-1011.5703	-1005.962	-1008.3198	5.6083129	-1007.8388	-992.39508	-996.52507
367	367	-646.92183	-626.78578	-629.86232	20.13605	-642.77532	-616.91272	-616.91327
368	368	-1123.3595	-1093.6676	-1096.7083	29.691899	-1119.7744	-1084.6812	-1084.6789
369	369	-819.86556	-800.28769	-803.31484	19.577876	-815.90759	-790.68263	-790.68313
370	370	-937.48985	-916.25752	-919.34028	21.232333	-933.70875	-906.90801	-906.90865
371	371	-1388.5388	-1381.4783	-1384.7375	7.0604479	-1385.102	-1371.2731	-1371.2728
372	372	-1077.0802	-1054.7834	-1058.093	22.296818	-1073.4344	-1044.5705	-1044.5617
373	373	-982.49773	-972.41833	-975.76286	10.079395	-978.80737	-962.17409	-962.17578
374	374	-1535.3693	-1533.0049	-1539.8404	2.3644272	-1532.0482	-1523.2663	-1523.9112
375	375	-1058.8302	-1058.5959	-1061.3918	0.23433077	-1055.1889	-1048.087	-1048.0709
376	376	-689.04062	-660.9364	-664.00604	28.104218	-684.9966	-651.2367	-651.23448
377	377	-1937.2235	-1939.7079	-1941.2101	-2.4844926	-1933.8662	-1925.5324	-1933.9611
378	378	-1078.3764	-1062.9486	-1068.3792	15.427879	-1074.7382	-1052.2718	-1052.2104
379	379	-865.4229	-863.50799	-868.87876	1.9149092	-861.55906	-851.88161	-852.89447
380	380	-1014.2585	-1016.3957	-1018.2575	-2.1371917	-1010.5703	-1005.9353	-1006.9988
381	381	-1272.1273	-1270.5194	-1273.5738	1.6079176	-1268.5925	-1259.2574	-1260.723
382	382	-1112.5115	-1104.6465	-1108.0282	7.8650029	-1108.901	-1091.2187	-1094.0126
383	383	-754.76934	-756.48905	-758.42852	-1.7197128	-750.76113	-745.61301	-744.76713
384	384	-1183.9282	-1164.4108	-1167.6401	19.517417	-1180.3706	-1154.8308	-1154.8251
385	385	-891.39119	-870.94775	-873.98468	20.44344	-887.51267	-861.44929	-861.44924
386	386	-884.61166	-864.69441	-867.77386	19.917251	-880.76944	-855.29656	-855.29418
387	387	-1412.2179	-1409.0134	-1411.8288	3.2045382	-1408.7747	-1398.5617	-1398.1616
388	388	-1072.5288	-1058.7556	-1061.4163	13.773247	-1068.8655	-1042.107	-1047.2693
389	389	-1108.1572	-1079.1519	-1082.2428	29.005312	-1104.5368	-1069.6506	-1069.6524
390	390	-977.25002	-962.79315	-968.58784	14.456875	-973.51972	-953.31885	-953.46627
391	391	-1308.3449	-1278.7799	-1281.9823	29.564983	-1291.2481	-1269.1789	-1268.9897
392	392	-1345.9598	-1347.291	-1349.5715	-1.3311293	-1342.5169	-1339.1443	-1339.1435
393	393	-1351.1901	-1345.3114	-1351.086	5.8786758	-1347.722	-1334.8882	-1334.7907
394	394	-1394.8528	-1397.3732	-1399.0082	-2.5204408	-1391.361	-1381.0381	-1387.2758
395	395	-1121.5113	-1098.0921	-1101.3648	23.419289	-1117.8966	-1087.7796	-1087.7313
396	396	-1037.1242	-1006.0812	-1009.3051	31.042987	-1033.4428	-996.87547	-996.8649
397	397	-675.25965	-668.08259	-671.11746	7.1770605	-671.18703	-658.14229	-658.14242
398	398	-778.35976	-768.28445	-771.30565	10.075306	-774.38153	-758.5904	-758.59054
399	399	-1167.6353	-1147.7594	-1150.7828	19.875948	-1164.0335	-1137.9849	-1137.8018
400	400	-1292.866	-1286.5467	-1289.4928	6.3192548	-1289.4267	-1274.5817	-1277.524
401	401	-1413.8048	-1413.3176	-1416.366	0.4871879	-1410.3485	-1401.7781	-1404.2067
402	402	-1614.8622	-1606.2375	-1609.289	8.624737	-1611.5562	-1597.3497	-1597.3507
403	403	-744.09544	-743.39237	-746.28363	0.70306582	-740.07764	-729.81167	-733.46762
404	404	-1393.4764	-1386.0828	-1389.3436	7.3935585	-1390.0159	-1375.3368	-1375.2574
405	405	-622.16412	-621.42019	-624.52248	0.74392186	-617.97581	-609.16773	-610.2273
406	406	-1040.311	-1008.0755	-1011.1923	32.235571	-1036.6253	-997.00167	-996.88307
407	407	-1215.2144	-1208.8573	-1211.419	6.3571669	-1211.6558	-1191.4757	-1199.006
408	408	-868.87571	-823.68302	-826.7091	45.192681	-859.27915	-814.41559	-814.41542
409	409	-1033.6179	-1023.1349	-1027.0568	10.48302	-1029.9344	-1011.8408	-1011.8407
410	410	-1890.8353	-1884.2649	-1884.7122	6.5703688	-1879.2772	-1868.9645	-1875.5726
411	411	-647.09851	-641.9154	-645.00732	5.1831112	-642.96055	-630.15763	-631.9
412	412	-1077.8888	-1067.5911	-1070.7275	10.297682	-1074.2433	-1052.651	-1056.1588
413	413	-1351.8941	-1339.0309	-1342.2963	12.863159	-1348.4422	-1329.6467	-1329.6414
414	414	-1126.8648	-1127.1826	-1129.7274	-0.31782474	-1123.2626	-1116.1614	-1116.6428
415	415	-1589.2663	-1572.4072	-1575.4804	16.859023	-1585.907	-1563.706	-1563.7057
416	416	-1181.9968	-1176.9386	-1179.9941	5.0581941	-1178.4138	-1166.7548	-1167.7314
417	417	-1003.7716	-953.74908	-957.46498	50.022546	-1000.0306	-942.24829	-942.22421
418	418	-894.06281	-856.41777	-859.45785	37.645041	-890.2198	-847.05949	-847.05906
419	419	-861.56326	-814.82549	-818.07811	46.737768	-857.64076	-804.79953	-804.79568
420	420	-987.78673	-985.71605	-989.41201	2.0706757	-984.05883	-974.19151	-974.17273
421	421	-1551.8247	-1554.5083	-1556.3126	-2.6835989	-1548.4497	-1538.9431	-1547.0191
422	422	-999.75266	-951.35837	-955.06283	48.394284	-996.02893	-940.71467	-940.71634
423	423	-1470.7859	-1462.2946	-1465.3647	8.4913107	-1459.5674	-1452.475	-1453.0473
424	424	-1316.2647	-1297.0137	-1300.2859	19.250955	-1312.7688	-1287.6103	-1287.6072
425	425	-996.96197	-991.61015	-994.66867	5.3518197	-993.24376	-982.16155	-982.16323
426	426	-1292.9954	-1268.0207	-1272.0967	24.974716	-1289.4758	-1258.0498	-1258.0474
427	427	-1385.321	-1373.9942	-1377.2053	11.326781	-1381.8215	-1363.2665	-1363.2612
428	428	-1088.2113	-1069.7803	-1073.1016	18.430957	-1084.5302	-1058.1618	-1058.1447
429	429	-1022.8494	-1025.8734	-1027.0257	-3.0239154	-1019.1459	-1014.7315	-1015.5878
430	430	-1139.7491	-1124.2095	-1126.979	15.539555	-1136.1756	-1111.8498	-1111.7742
431	431	-948.9111	-932.54976	-936.05429	16.361345	-945.11635	-920.04135	-921.55701
432	432	-1104.6018	-1097.7357	-1100.7414	6.8660454	-1101.0226	-1088.4915	-1088.4917
433	433	-804.26507	-764.93002	-767.98591	39.335049	-800.29715	-755.4715	-755.47165
434	434	-1537.3636	-1537.6015	-1540.756	-0.23792842	-1533.9737	-1526.648	-1526.9875
435	435	-1372.6632	-1374.5948	-1376.5803	-1.9315606	-1369.1554	-1361.7818	-1365.5698
436	436	-1256.7598	-1246.3562	-1249.9807	10.403578	-1253.2517	-1235.1105	-1235.301
437	437	-1446.0538	-1445.4182	-1449.2097	0.63563101	-1442.6487	-1430.2458	-1434.2508
438	438	-2314.066	-2300.0088	-2303.0462	14.057284	-2304.363	-2291.5205	-2291.7679
439	439	-1253.6919	-1253.0674	-1256.1045	0.62443174	-1250.161	-1243.8159	-1243.8152
440	440	-1200.6857	-1181.2382	-1184.4747	19.447539	-1197.0959	-1171.68	-1171.681
441	441	-1076.8322	-1066.5437	-1069.8575	10.288542	-1073.1924	-1056.4589	-1056.4575
442	442	-947.80823	-933.69965	-936.99102	14.108581	-944.02758	-923.5728	-923.57536
443	443	-1256.9513	-1241.756	-1244.5651	15.195301	-1253.4211	-1231.287	-1231.2781
444	444	-1067.6452	-1061.045	-1064.1218	6.6002707	-1063.9652	-1047.9742	-1049.8677
445	445	-1097.1497	-1098.3113	-1099.6708	-1.1616416	-1093.5325	-1083.3858	-1088.9362
446	446	-1188.0517	-1183.0367	-1186.349	5.0149694	-1184.4806	-1171.5768	-1172.5165
447	447	-891.10227	-876.70875	-880.01799	14.393521	-887.28011	-866.40539	-866.40348
448	448	-1318.3015	-1303.7843	-1306.8177	14.517238	-1314.802	-1291.8908	-1293.7452
449	449	-1462.348	-1464.9726	-1466.5289	-2.6246918	-1458.9142	-1456.9529	-1456.8345
450	450	-1672.9349	-1674.6202	-1676.8514	-1.6852595	-1669.641	-1662.2599	-1664.0968
451	451	-730.00755	-732.6678	-734.16235	-2.6602431	-725.97665	-725.41709	-725.15111
452	452	-1082.8258	-1044.4783	-1047.5508	38.347476	-1079.1922	-1035.4793	-1035.4795
453	453	-1180.0096	-1175.2211	-1178.3169	4.7884979	-1176.4235	-1165.2372	-1165.2056
454	454	-1588.9675	-1588.7959	-1591.5812	0.17156492	-1585.6051	-1576.9005	-1578.5046
455	455	-935.55548	-931.80821	-934.55029	3.7472768	-931.80077	-919.82835	-919.78084
456	456	-1035.5034	-1037.4407	-1039.45	-1.9372918	-1031.7698	-1021.263	-1024.9605
457	457	-1384.2966	-1370.0623	-1373.1835	14.234298	-1380.853	-1361.2034	-1361.2034
458	458	-1350.8307	-1323.3906	-1326.4643	27.440079	-1347.3231	-1313.9787	-1313.8173
459	459	-993.38729	-993.87695	-996.60731	-0.48965537	-989.67065	-982.32989	-984.3488
460	460	-915.52818	-917.98432	-919.59438	-2.4561391	-911.68554	-905.7147	-907.15818
461	461	-1278.9908	-1275.6086	-1278.7207	3.3822341	-1275.4281	-1262.7106	-1265.8107
462	462	-1186.6321	-1159.8759	-1163.1094	26.756182	-1183.0936	-1150.5562	-1150.5309
463	463	-1144.6331	-1131.0881	-1134.1537	13.544995	-1141.039	-1121.9509	-1121.9503
464	464	-1454.1336	-1452.4687	-1455.6341	1.6649738	-1450.7003	-1442.2643	-1442.2732
465	465	-1579.224	-1572.1536	-1575.2129	7.0703548	-1575.8543	-1563.2981	-1563.2984
466	466	-1080.573	-1069.9861	-1073.2135	10.586907	-1076.9163	-1060.0641	-1060.058
467	467	-1192.5445	-1195.2046	-1196.7658	-2.6601664	-1189.0058	-1187.8085	-1188.3919
468	468	-1105.9671	-1094.2956	-1097.0768	11.671584	-1102.3657	-1083.3017	-1083.138
469	469	-1043.5458	-1044.152	-1046.9874	-0.60624566	-1039.8742	-1030.3549	-1033.3805
470	470	-900.22961	-861.44461	-864.779	38.785001	-896.38561	-851.24423	-851.24681
471	471	-816.28953	-763.6604	-767.45051	52.629124	-812.36042	-752.66997	-752.67138
472	472	-1026.2513	-1023.3779	-1026.4113	2.8734165	-1022.555	-1013.9213	-1013.9215
473	473	-1238.2295	-1219.598	-1222.6955	18.631483	-1234.7039	-1210.6241	-1210.6258
474	474	-1308.9414	-1309.2464	-1312.0394	-0.30500951	-1305.4614	-1298.4233	-1300.0287
475	475	-1171.6223	-1156.7454	-1159.5282	14.876899	-1168.0579	-1146.0212	-1145.8966
476	476	-900.1442	-879.76869	-882.80338	20.375511	-896.29708	-870.3389	-870.33935
477	477	-895.60756	-886.28196	-889.3286	9.3256049	-891.76201	-875.79735	-876.72507
478	478	-1001.977	-988.08246	-991.3863	13.894563	-998.28167	-978.01937	-978.01632
479	479	-1335.2188	-1333.1828	-1335.9614	2.0360397	-1331.7394	-1322.9799	-1322.936
480	480	-1432.5678	-1431.0172	-1434.1356	1.5506566	-1429.141	-1420.0357	-1420.4051
481	481	-767.93977	-755.57547	-758.61895	12.364296	-763.97514	-745.79545	-745.91982
482	482	-1443.2626	-1437.5384	-1440.6045	5.7242651	-1439.8775	-1426.9018	-1428.5864
483	483	-1524.346	-1514.0154	-1516.9328	10.330583	-1520.9606	-1503.0436	-1505.1448
484	484	-1129.8948	-1109.7032	-1112.7718	20.191582	-1126.2613	-1100.5909	-1100.5916
485	485	-995.52918	-967.82555	-970.86866	27.703633	-991.79309	-958.59888	-958.59815
486	486	-1130.42	-1127.1919	-1130.2334	3.2280941	-1126.8259	-1117.8929	-1117.8949
487	487	-1781.8206	-1783.9558	-1785.7159	-2.1352521	-1778.5853	-1772.7602	-1773.5377
488	488	-908.9337	-877.02982	-880.43118	31.903879	-905.09392	-866.6685	-866.66778
489	489	-1098.1789	-1100.87	-1102.1997	-2.6910866	-1094.5302	-1082.5007	-1091.8106
490	490	-1019.4569	-1018.7196	-1023.4693	0.73729876	-1015.7569	-1010.1062	-1009.9202
491	491	-999.72335	-983.38693	-986.47018	16.336417	-996.04648	-972.50398	-974.13649
492	492	-1187.7675	-1190.7322	-1191.9676	-2.9647331	-1184.2028	-1176.5454	-1179.8326
493	493	-830.55208	-819.51321	-822.53756	11.038865	-826.66817	-809.94546	-809.94617
494	494	-1107.7368	-1085.162	-1088.1112	22.574791	-1104.1081	-1072.1393	-1075.5948
495	495	-1052.6851	-1036.9535	-1040.0241	15.731577	-1049.02	-1027.7313	-1027.7313
496	496	-1675.1734	-1672.0377	-1677.7953	3.135689	-1671.8777	-1662.5948	-1662.298
497	497	-1009.1568	-1009.1917	-1012.4956	-0.034931732	-1005.4662	-997.31987	-997.32058
498	498	-1600.0625	-1584.9209	-1587.9823	15.141615	-1596.7549	-1575.9897	-1575.9704
499	499	-1132.2723	-1132.622	-1135.3958	-0.34971016	-1128.677	-1122.5525	-1123.3007
