No.	ID	loglik_NUll	loglik_RES	loglik_all	log_ratio	loglik_Max1	loglik_Max2	loglik_Max3
0	0	-1989.7174	-1988.3446	-1968.6415	1.3728196	-1970.9227	-1956.1994	-1970.4302
1	1	-1539.4353	-1538.7261	-1494.8949	0.70916484	-1521.1735	-1482.1021	-1520.055
2	2	-1371.8534	-1371.5458	-1324.7648	0.3075333	-1351.931	-1311.5729	-1352.735
3	3	-1712.5616	-1702.8532	-1626.0609	9.70845	-1694.2457	-1613.2458	-1684.4372
4	4	-1924.1653	-1918.8217	-1848.6608	5.3436329	-1906.3081	-1836.2009	-1900.6537
5	5	-1607.3642	-1606.9754	-1532.8217	0.38876514	-1588.6137	-1519.9957	-1588.2063
6	6	-1593.274	-1593.4289	-1553.4934	-0.1548704	-1573.5248	-1539.5039	-1573.5637
7	7	-1702.6106	-1697.7146	-1644.2923	4.8959302	-1684.549	-1629.2755	-1679.2553
8	8	-2438.5748	-2424.8638	-2376.7944	13.711076	-2420.2077	-2364.749	-2406.6861
9	9	-2181.3642	-2180.6841	-2140.7963	0.68002878	-2163.5687	-2128.5647	-2163.2945
10	10	-1807.9166	-1791.7591	-1724.36	16.157493	-1789.8896	-1711.7035	-1773.6373
11	11	-1292.7104	-1292.7615	-1237.0335	-0.051124894	-1273.738	-1223.8595	-1274.5603
12	12	-1768.7724	-1762.0415	-1687.1114	6.7309398	-1750.475	-1674.4359	-1743.7858
13	13	-1667.1953	-1667.0828	-1622.8392	0.11250284	-1647.1355	-1610.1153	-1647.9443
14	14	-2029.9343	-2023.7	-1955.0406	6.2343029	-2011.6213	-1942.6971	-2005.7544
15	15	-2026.0859	-2020.7776	-1973.0308	5.3082753	-2006.3867	-1958.7459	-1999.4472
16	16	-1464.9749	-1461.8725	-1433.0095	3.1024929	-1445.586	-1418.4714	-1446.4342
17	17	-1839.6089	-1828.8902	-1751.5022	10.718702	-1820.6603	-1738.8424	-1810.7335
18	18	-1949.254	-1948.5803	-1923.7278	0.67364422	-1929.9645	-1911.0094	-1930.5105
19	19	-1382.0741	-1380.8414	-1325.7508	1.2327047	-1363.4349	-1312.6891	-1362.2149
20	20	-1756.3324	-1756.1935	-1729.3788	0.13890342	-1737.3977	-1716.8433	-1738.1944
21	21	-1961.0656	-1959.5777	-1913.8777	1.4878157	-1943.4502	-1901.5149	-1941.7458
22	22	-1916.9198	-1915.7084	-1870.8115	1.2113388	-1897.7532	-1858.3729	-1898.0997
23	23	-1647.0574	-1644.8998	-1590.0358	2.157528	-1628.9781	-1577.251	-1626.5878
24	24	-1831.2314	-1830.6042	-1780.9397	0.62712398	-1811.714	-1767.2683	-1812.0769
25	25	-2241.4403	-2238.4697	-2164.0311	2.9706815	-2222.4844	-2151.889	-2216.9604
26	26	-2101.3493	-2099.1584	-2055.1243	2.1908097	-2083.4362	-2042.8624	-2081.2441
27	27	-2771.437	-2765.6024	-2751.2472	5.8345537	-2751.0849	-2739.1034	-2749.91
28	28	-1733.6017	-1729.6191	-1680.1563	3.9826157	-1714.9104	-1666.063	-1710.7155
29	29	-1586.5024	-1586.3676	-1541.49	0.13487176	-1568.0466	-1528.6564	-1568.8531
30	30	-2423.218	-2408.4777	-2329.6082	14.74022	-2405.538	-2317.5478	-2390.3387
31	31	-1652.5992	-1647.581	-1582.9359	5.0182855	-1633.7968	-1570.145	-1628.5042
32	32	-1487.7023	-1487.6308	-1457.4256	0.071448555	-1467.9143	-1443.7656	-1468.7281
33	33	-1391.4399	-1391.3635	-1330.9485	0.076401035	-1372.409	-1315.6005	-1373.2141
34	34	-2411.7347	-2396.7729	-2334.5365	14.961841	-2393.9583	-2322.5217	-2378.8912
35	35	-1440.6103	-1440.6147	-1396.571	-0.0044267133	-1421.9713	-1383.6318	-1421.322
36	36	-1423.6057	-1424.2682	-1391.2416	-0.66253274	-1404.3853	-1377.9148	-1404.5271
37	37	-1834.7446	-1833.3713	-1797.8709	1.3733624	-1816.9346	-1785.3871	-1815.2597
38	38	-1955.8907	-1940.1888	-1873.759	15.701884	-1937.9605	-1861.294	-1922.158
39	39	-1613.9846	-1613.4451	-1556.5595	0.53944181	-1595.4172	-1542.2398	-1595.7441
40	40	-1868.4369	-1865.8147	-1810.6164	2.6221897	-1849.5252	-1798.1647	-1847.1297
41	41	-2015.0982	-2012.9454	-1935.1659	2.1527991	-1995.4696	-1922.8029	-1994.9308
42	42	-1421.4973	-1422.2346	-1384.6866	-0.7372477	-1402.3438	-1371.704	-1403.1724
43	43	-1787.3019	-1787.2374	-1769.658	0.064471861	-1768.4852	-1753.3614	-1769.337
44	44	-1826.0294	-1821.6372	-1811.3597	4.3922587	-1822.7938	-1794.0402	-1815.3688
45	45	-1899.5732	-1899.6953	-1867.6621	-0.12205579	-1879.5699	-1855.2172	-1880.8095
46	46	-1768.9833	-1764.9747	-1710.2377	4.0086024	-1751.007	-1697.5815	-1746.6438
47	47	-1545.4634	-1545.2987	-1474.4694	0.16468327	-1526.3671	-1461.5415	-1527.176
48	48	-2153.4422	-2150.708	-2134.3471	2.734212	-2134.5993	-2118.2342	-2135.4084
49	49	-1827.4647	-1824.7703	-1808.8586	2.6944763	-1808.4517	-1794.2795	-1807.639
50	50	-1564.7975	-1565.2809	-1524.4124	-0.48345981	-1544.7813	-1511.6261	-1545.6032
51	51	-1921.2687	-1914.4518	-1839.3262	6.8168937	-1903.3692	-1826.8246	-1896.3161
52	52	-1719.6828	-1717.1276	-1653.9288	2.5552085	-1701.1079	-1641.2356	-1698.2401
53	53	-2298.7768	-2288.8197	-2241.7363	9.9570831	-2276.6328	-2229.6316	-2267.0725
54	54	-1696.4925	-1696.9655	-1651.6069	-0.47303994	-1676.6274	-1638.9904	-1677.0864
55	55	-1486.7735	-1486.9165	-1459.6195	-0.14298897	-1468.1065	-1446.2645	-1468.9131
56	56	-1798.0997	-1793.3652	-1728.3693	4.7345297	-1779.7115	-1715.7383	-1775.1938
57	57	-1996.1603	-1992.0292	-1965.515	4.1311515	-1978.097	-1952.8181	-1973.6891
58	58	-1957.8737	-1954.1208	-1917.4542	3.7528257	-1939.8595	-1905.0437	-1936.1462
59	59	-1955.4213	-1953.3797	-1929.5262	2.0416182	-1936.47	-1916.3386	-1936.2289
60	60	-1641.2149	-1639.4773	-1572.4994	1.7375759	-1622.3376	-1559.7574	-1620.2875
61	61	-1830.0775	-1830.6584	-1787.6085	-0.5809332	-1811.4742	-1773.8213	-1812.2817
62	62	-1605.1444	-1604.819	-1556.0754	0.32533051	-1585.4377	-1543.2641	-1586.3683
63	63	-1529.7503	-1528.4106	-1472.6506	1.3397072	-1511.6811	-1459.7545	-1510.0274
64	64	-1651.8639	-1650.8541	-1549.3095	1.0098144	-1632.2721	-1536.3669	-1632.2848
65	65	-1652.9148	-1653.3963	-1623.0281	-0.48153419	-1633.6322	-1610.1	-1634.4402
66	66	-1464.1679	-1462.5736	-1433.9705	1.5942216	-1445.1308	-1420.5736	-1456.5966
67	67	-1405.8615	-1406.0099	-1369.0799	-0.148385	-1386.1022	-1356.0925	-1386.9256
68	68	-1688.494	-1687.6895	-1666.5538	0.80457611	-1670.4183	-1653.7611	-1668.3979
69	69	-1755.0715	-1748.2027	-1721.6711	6.868822	-1735.2032	-1708.0649	-1736.3524
70	70	-1533.5965	-1531.8332	-1481.1787	1.7632862	-1515.5656	-1468.3162	-1513.6051
71	71	-2026.0754	-2016.924	-1967.0132	9.1514021	-2008.3169	-1954.5154	-1998.9529
72	72	-1542.734	-1542.3976	-1474.902	0.33634605	-1524.03	-1461.9799	-1524.8343
73	73	-1963.5757	-1958.3179	-1907.58	5.2577778	-1945.7557	-1895.1995	-1940.3114
74	74	-2293.3535	-2267.7322	-2036.2741	25.621323	-2274.9771	-2023.7774	-2249.4303
75	75	-1512.2991	-1505.951	-1440.101	6.3480991	-1493.2504	-1427.0424	-1487.3877
76	76	-1449.3233	-1438.3888	-1408.3288	10.934572	-1445.8763	-1395.3836	-1432.1323
77	77	-1883.349	-1879.8808	-1849.7756	3.4681713	-1865.0146	-1830.8951	-1865.0303
78	78	-1594.7453	-1594.68	-1566.5196	0.065333828	-1574.8585	-1553.826	-1574.8734
79	79	-1932.1015	-1930.5877	-1900.6366	1.5137997	-1912.7993	-1884.7126	-1909.3713
80	80	-1914.2108	-1905.3306	-1815.4271	8.8802316	-1896.1414	-1802.8916	-1887.0376
81	81	-2048.4214	-2048.6481	-2012.5997	-0.22675262	-2030.0601	-2000.2755	-2029.7571
82	82	-1861.3209	-1859.7721	-1813.4805	1.5488328	-1843.1942	-1801.0159	-1841.7208
83	83	-1605.5764	-1605.6389	-1566.9742	-0.062518827	-1586.5348	-1553.1776	-1586.5515
84	84	-1706.1957	-1705.2511	-1654.9851	0.94459157	-1688.1053	-1641.7656	-1686.9026
85	85	-1524.0343	-1519.9528	-1470.0082	4.0814596	-1505.9408	-1457.1066	-1501.6693
86	86	-1647.2673	-1646.6896	-1606.8875	0.57773214	-1628.0069	-1594.1525	-1628.811
87	87	-2086.5348	-2086.9752	-2052.8493	-0.44039466	-2066.8793	-2040.5885	-2067.6883
88	88	-2033.5301	-2021.7639	-1964.2303	11.766254	-2015.7831	-1951.8757	-2003.3683
89	89	-2177.9374	-2173.3238	-2143.5177	4.6135842	-2160.3289	-2131.2665	-2155.442
90	90	-1417.2965	-1416.759	-1358.052	0.53745556	-1398.7861	-1344.9319	-1398.5259
91	91	-1881.5815	-1881.645	-1850.7852	-0.063499556	-1863.5803	-1837.6645	-1864.3855
92	92	-1608.6903	-1608.3845	-1560.1264	0.30572424	-1589.4122	-1546.8269	-1588.5416
93	93	-1369.0565	-1369.1148	-1328.9408	-0.058324678	-1348.0747	-1315.8973	-1348.8947
94	94	-1465.208	-1464.8972	-1422.4286	0.31084333	-1446.6456	-1409.5586	-1446.6507
95	95	-1795.2623	-1795.192	-1754.3766	0.070353296	-1775.729	-1741.8836	-1776.0146
96	96	-1659.4803	-1655.4994	-1629.4209	3.9808764	-1639.2803	-1616.7682	-1640.3144
97	97	-1546.6662	-1546.1521	-1492.3691	0.51407652	-1528.5885	-1479.5123	-1528.4111
98	98	-1806.0162	-1801.319	-1744.6474	4.6971118	-1787.541	-1732.0852	-1782.2281
99	99	-1681.3338	-1678.4567	-1613.8479	2.8771237	-1663.2278	-1601.1185	-1660.0948
100	100	-2107.6147	-2099.1954	-2060.9903	8.419234	-2089.9467	-2048.6895	-2081.35
101	101	-1601.3684	-1601.6005	-1578.2568	-0.23210038	-1580.6174	-1565.5142	-1580.6394
102	102	-1464.3414	-1462.5662	-1423.55	1.775219	-1446.0367	-1407.7386	-1444.2039
103	103	-1800.5995	-1791.082	-1707.0858	9.517451	-1782.6556	-1694.4406	-1772.7973
104	104	-1156.132	-1156.666	-1096.1003	-0.53403511	-1134.5654	-1082.6702	-1135.3783
105	105	-2205.3729	-2203.8694	-2172.9358	1.5034576	-2187.4852	-2158.9001	-2186.3288
106	106	-1904.831	-1903.5593	-1858.7711	1.2717977	-1886.7091	-1845.909	-1885.462
107	107	-1759.2327	-1759.1972	-1697.5908	0.035529239	-1740.0141	-1684.9786	-1740.1944
108	108	-1716.266	-1715.9109	-1688.9114	0.35509883	-1697.2973	-1676.3584	-1697.6006
109	109	-1437.0433	-1436.8445	-1388.4674	0.19874684	-1418.1409	-1375.5433	-1417.6261
110	110	-1982.195	-1976.2684	-1914.3583	5.9266094	-1963.4857	-1901.9971	-1958.273
111	111	-2211.2298	-2201.9493	-2103.3891	9.280505	-2191.4773	-2091.1656	-2182.0855
112	112	-1470.8386	-1470.4027	-1423.3194	0.43588412	-1451.7278	-1410.399	-1452.5685
113	113	-1417.8678	-1418.4782	-1362.2353	-0.61033029	-1399.4962	-1348.7159	-1397.2249
114	114	-1938.0979	-1922.4866	-1848.8413	15.611222	-1920.26	-1836.3374	-1904.5768
115	115	-2163.2327	-2146.6238	-2045.1674	16.608868	-2144.8884	-2032.8788	-2127.7719
116	116	-1998.9539	-1996.3034	-1986.1112	2.6504193	-1980.9326	-1971.783	-1982.4511
117	117	-2375.2231	-2373.3371	-2352.8422	1.8859926	-2356.5268	-2339.2978	-2356.5617
118	118	-1706.5659	-1704.8709	-1650.8339	1.6949412	-1688.6056	-1637.0608	-1686.8202
119	119	-1725.7483	-1713.0638	-1658.7327	12.684569	-1707.7256	-1646.0137	-1694.0738
120	120	-2074.611	-2069.0979	-2041.391	5.5130867	-2055.5259	-2029.1398	-2049.9167
121	121	-1436.0161	-1433.5614	-1360.1859	2.4547413	-1416.0936	-1346.983	-1414.7979
122	122	-1800.3641	-1800.0122	-1768.1762	0.35185207	-1781.5048	-1755.4178	-1781.7606
123	123	-1589.1389	-1586.8242	-1564.7869	2.3146864	-1570.1062	-1551.9636	-1568.1208
124	124	-1598.5486	-1596.3679	-1538.5148	2.180782	-1579.4974	-1525.7124	-1576.7321
125	125	-1994.2891	-1988.0574	-1944.6896	6.2316668	-1975.4392	-1931.2162	-1970.1168
126	126	-2362	-2342.7852	-2247.875	19.214857	-2343.7403	-2235.7999	-2324.999
127	127	-2061.2338	-2055.2043	-1993.5818	6.0295556	-2043.4824	-1981.2357	-2036.5783
128	128	-1575.9595	-1576.0149	-1505.8708	-0.055460709	-1556.9442	-1493.017	-1557.7871
129	129	-1884.2687	-1881.7057	-1798.3566	2.5630063	-1865.9628	-1785.8459	-1863.4663
130	130	-1899.4144	-1897.2701	-1848.1175	2.1443176	-1880.4421	-1835.6727	-1878.3824
131	131	-1780.8588	-1779.61	-1734.3638	1.2488644	-1761.8834	-1721.851	-1761.548
132	132	-1252.117	-1252.4339	-1190.7919	-0.31690103	-1232.0169	-1177.5276	-1232.8202
133	133	-2198.5428	-2190.3977	-2156.5511	8.1450863	-2180.3266	-2144.343	-2172.1614
134	134	-1773.2309	-1773.1336	-1749.0364	0.097304625	-1753.3552	-1736.5359	-1754.1951
135	135	-1685.2343	-1675.3999	-1620.1568	9.8344609	-1666.1766	-1607.3662	-1655.9981
136	136	-1738.1666	-1735.5958	-1712.5635	2.5708231	-1719.7836	-1699.99	-1716.9477
137	137	-1526.0055	-1525.9111	-1490.5526	0.094474957	-1504.8766	-1477.7721	-1505.6811
138	138	-1705.7947	-1699.2506	-1640.4831	6.5440608	-1687.197	-1625.9731	-1681.0257
139	139	-1911.618	-1906.3612	-1815.7263	5.2568049	-1892.6074	-1803.1667	-1887.9838
140	140	-2273.7782	-2246.6403	-2194.0277	27.137892	-2251.9086	-2181.8979	-2222.9886
141	141	-1829.8701	-1829.8385	-1806.4163	0.031621008	-1812.3815	-1792.9538	-1812.8146
142	142	-1684.9206	-1683.9919	-1651.0899	0.92863444	-1665.7184	-1638.4551	-1666.0172
143	143	-1567.5419	-1567.7494	-1519.1227	-0.20756315	-1548.7533	-1506.3044	-1549.5629
144	144	-1677.5862	-1677.3057	-1634.811	0.28048388	-1658.1176	-1622.1032	-1658.1405
145	145	-1549.0817	-1540.0436	-1476.7105	9.0381307	-1530.6805	-1463.7325	-1521.397
146	146	-1974.2124	-1972.2208	-1934.8084	1.9915868	-1955.1227	-1922.4565	-1954.2793
147	147	-1877.684	-1877.5592	-1858.9135	0.12477915	-1858.9761	-1844.1153	-1859.1078
148	148	-2000.2497	-1997.2662	-1952.8867	2.9834401	-1980.8116	-1940.5095	-1979.2695
149	149	-2019.2841	-2011.0895	-1965.2279	8.1945833	-2001.4349	-1952.9203	-1993.4137
150	150	-1642.6191	-1642.4907	-1592.4748	0.128363	-1623.5517	-1578.7508	-1624.2751
151	151	-1424.5545	-1423.9942	-1383.4294	0.56032533	-1403.6743	-1369.8485	-1404.5065
152	152	-2094.1343	-2088.2148	-2017.7863	5.9194132	-2076.4512	-2005.4635	-2070.1657
153	153	-2189.6641	-2191.4358	-2186.5756	-1.7716972	-2180.5833	-2171.2787	-2180.5871
154	154	-1661.6884	-1657.1331	-1619.8452	4.5552746	-1640.9389	-1607.133	-1637.0491
155	155	-1829.3998	-1821.9243	-1791.0119	7.4755165	-1811.3694	-1775.6322	-1803.8499
156	156	-1902.7197	-1893.9519	-1811.9739	8.7678346	-1883.8481	-1799.4648	-1875.8902
157	157	-1861.4051	-1859.476	-1797.8238	1.9290944	-1842.6654	-1785.3083	-1841.2634
158	158	-1573.3881	-1567.3842	-1487.0755	6.0039302	-1554.478	-1474.1133	-1548.8281
159	159	-1832.2534	-1826.7321	-1763.5043	5.5212507	-1814.1935	-1750.9216	-1808.6054
160	160	-1475.1563	-1475.2803	-1407.5567	-0.12402676	-1455.5734	-1394.5118	-1455.5799
161	161	-1836.5089	-1827.4355	-1776.5766	9.0734135	-1818.5902	-1763.1735	-1809.3202
162	162	-1521.059	-1520.7435	-1481.6536	0.31551952	-1501.6467	-1467.0642	-1502.5521
163	163	-1368.0774	-1361.6219	-1327.6002	6.4554424	-1349.2467	-1314.4217	-1349.6414
164	164	-1877.4731	-1877.1357	-1837.893	0.33742819	-1859.7173	-1825.4157	-1859.0594
165	165	-1856.6369	-1854.3247	-1835.2252	2.3121903	-1837.3814	-1822.7743	-1835.1437
166	166	-1953.6802	-1939.2069	-1885.3364	14.473253	-1935.4274	-1871.9238	-1921.2628
167	167	-2124.5495	-2119.7337	-2065.8391	4.8157318	-2106.6516	-2053.5944	-2101.8854
168	168	-1724.0271	-1720.2196	-1662.3522	3.8074039	-1705.6737	-1649.6636	-1701.9785
169	169	-2281.1912	-2278.2905	-2258.6574	2.9007639	-2262.0637	-2244.5277	-2259.1665
170	170	-1731.3249	-1730.4599	-1679.9655	0.86499559	-1713.0469	-1667.2892	-1711.5005
171	171	-1704.0037	-1701.5752	-1639.6248	2.4285095	-1685.8757	-1626.8829	-1683.2562
172	172	-1891.2458	-1885.254	-1834.5469	5.9918225	-1872.051	-1822.0741	-1866.9173
173	173	-1319.9734	-1319.9245	-1287.7771	0.048955352	-1300.4327	-1274.7695	-1301.4177
174	174	-1974.9404	-1971.8309	-1914.1271	3.1095161	-1956.8794	-1901.6723	-1953.7435
175	175	-2425.1089	-2416.5759	-2365.8597	8.5329456	-2407.7488	-2353.8021	-2398.6468
176	176	-2021.3513	-2012.6706	-1970.1558	8.6807504	-2002.8373	-1956.6437	-1994.8923
177	177	-1625.3225	-1618.1647	-1555.147	7.1577591	-1607.1026	-1542.2718	-1599.5122
178	178	-2096.8131	-2098.1353	-2085.1554	-1.3222006	-2078.9901	-2069.7863	-2079.6222
179	179	-1952.0517	-1951.4624	-1923.9294	0.58933591	-1933.2675	-1911.0698	-1933.4158
180	180	-1487.6748	-1487.3552	-1446.5436	0.31958868	-1468.9835	-1433.674	-1469.7944
181	181	-1940.4583	-1939.6847	-1894.5543	0.77365311	-1922.2194	-1882.2063	-1922.269
182	182	-1554.6149	-1554.4203	-1504.8851	0.19460448	-1535.4613	-1490.2122	-1536.293
183	183	-2090.4147	-2076.7753	-1991.2106	13.639353	-2072.0121	-1978.8752	-2058.3251
184	184	-2574.0757	-2558.9805	-2492.7514	15.095271	-2553.1829	-2480.2494	-2538.0113
185	185	-1694.8573	-1688.0733	-1614.9055	6.7840272	-1676.2144	-1602.0851	-1669.7025
186	186	-2002.1964	-1992.891	-1902.2805	9.3053384	-1983.913	-1889.8324	-1974.3071
187	187	-1811.7653	-1808.542	-1748.6151	3.2232337	-1792.7524	-1733.9477	-1789.4081
188	188	-1701.038	-1697.3263	-1637.7125	3.711724	-1682.3807	-1624.9366	-1678.8832
189	189	-1757.9991	-1757.4068	-1731.6723	0.59231112	-1735.1824	-1716.8416	-1733.1547
190	190	-1919.8035	-1918.0871	-1874.5885	1.7164207	-1901.1726	-1862.1532	-1900.0717
191	191	-1818.4856	-1816.9859	-1783.4831	1.4996868	-1799.8933	-1771.0086	-1797.9817
192	192	-1722.7197	-1722.5993	-1690.6947	0.12044754	-1704.1369	-1675.6549	-1704.9627
193	193	-1784.6823	-1784.9482	-1762.406	-0.2658791	-1766.0798	-1748.9759	-1767.1234
194	194	-1666.9703	-1666.7216	-1626.6612	0.24872798	-1648.9572	-1613.9818	-1647.0062
195	195	-1735.2155	-1734.7552	-1696.3034	0.46026954	-1716.1333	-1681.1956	-1713.9147
196	196	-2325.4686	-2313.906	-2275.6021	11.562621	-2307.7673	-2263.5137	-2295.8161
197	197	-1986.3455	-1984.0126	-1961.1385	2.332845	-1965.2066	-1948.2262	-1965.3746
198	198	-1670.7727	-1670.5255	-1630.1815	0.2471823	-1652.0168	-1617.1155	-1652.8336
199	199	-1653.0487	-1651.7281	-1613.6347	1.3205871	-1635.1733	-1600.9405	-1633.6697
200	200	-1804.5692	-1802.8382	-1752.1693	1.7309805	-1785.9115	-1739.6409	-1784.7241
201	201	-1711.8562	-1710.5978	-1662.2738	1.2584553	-1691.7264	-1649.625	-1690.3017
202	202	-1659.6676	-1660.0737	-1637.5283	-0.40601517	-1640.6775	-1624.9066	-1641.5425
203	203	-1434.005	-1433.4885	-1364.875	0.51647129	-1415.7011	-1351.7315	-1415.4608
204	204	-1984.8499	-1978.6207	-1932.718	6.2291939	-1963.6078	-1920.3108	-1958.2405
205	205	-1637.1378	-1637.5791	-1595.5434	-0.4412899	-1617.4685	-1581.6688	-1618.3009
206	206	-1638.8781	-1637.2934	-1584.719	1.5846678	-1620.1721	-1571.9817	-1618.9913
207	207	-1930.9675	-1921.5658	-1812.9883	9.401751	-1912.9008	-1800.4414	-1903.3864
208	208	-2150.3879	-2142.4707	-2091.1645	7.9171559	-2131.8402	-2078.9768	-2124.7324
209	209	-2020.0288	-2014.7541	-1990.8362	5.2747564	-2000.9555	-1978.4807	-1995.9241
210	210	-1732.6091	-1733.101	-1699.5072	-0.49193859	-1713.6576	-1685.4206	-1713.5225
211	211	-2120.7776	-2108.0319	-2051.3457	12.745702	-2103.1012	-2039.0982	-2089.6355
212	212	-1941.6894	-1941.2233	-1907.9697	0.46601995	-1922.4165	-1895.6252	-1923.3465
213	213	-1682.4106	-1682.035	-1642.4186	0.37556013	-1664.3701	-1629.7892	-1664.5396
214	214	-1712.5024	-1709.6607	-1658.8506	2.8417919	-1693.8045	-1645.2258	-1690.8633
215	215	-2009.396	-2009.8021	-1993.1885	-0.4061406	-1991.1966	-1980.7503	-1992.001
216	216	-1930.7538	-1918.0169	-1850.1893	12.736886	-1912.7986	-1837.7145	-1899.9107
217	217	-1680.7548	-1680.8579	-1640.0179	-0.10311153	-1662.8042	-1627.3241	-1663.626
218	218	-1515.2516	-1513.172	-1473.2757	2.0796531	-1497.1463	-1460.4265	-1494.2243
219	219	-1599.3561	-1598.7863	-1533.0827	0.569799	-1580.786	-1520.2852	-1579.8104
220	220	-2534.4994	-2523.4359	-2477.5317	11.06356	-2516.9298	-2465.5311	-2506.2685
221	221	-1874.2879	-1860.0407	-1765.1794	14.247225	-1855.6831	-1752.5196	-1841.3756
222	222	-1698.6966	-1698.893	-1669.576	-0.19644008	-1680.8089	-1655.0851	-1681.6559
223	223	-2084.3555	-2082.1124	-2059.5473	2.2431068	-2066.5397	-2047.0838	-2064.3011
224	224	-1526.3423	-1526.2375	-1478.4141	0.10486201	-1506.1719	-1463.7921	-1507.0438
225	225	-1400.8115	-1399.672	-1364.6814	1.1395066	-1380.8782	-1350.0017	-1377.5354
226	226	-1563.5508	-1557.4396	-1518.4596	6.1112155	-1545.3506	-1504.1336	-1538.5303
227	227	-1877.0346	-1873.4852	-1813.4243	3.5494308	-1858.1671	-1800.93	-1855.3511
228	228	-1849.4825	-1842.1902	-1822.4388	7.2922906	-1829.0994	-1809.3095	-1832.8416
229	229	-1938.3338	-1935.1012	-1930.3295	3.2325182	-1935.1812	-1917.3339	-1929.0188
230	230	-1772.9308	-1773.1482	-1740.1996	-0.21737353	-1754.6304	-1727.6596	-1754.6768
231	231	-2327.6819	-2295.3798	-2249.9855	32.302129	-2310.1379	-2237.9122	-2277.7931
232	232	-2073.0953	-2069.9196	-2061.044	3.1756801	-2052.6765	-2045.5674	-2052.276
233	233	-1674.9107	-1674.2591	-1619.7875	0.65166125	-1656.018	-1607.0642	-1656.2058
234	234	-1737.3642	-1724.9987	-1669.1907	12.365462	-1718.8675	-1656.5186	-1706.8172
235	235	-1590.3556	-1590.2228	-1553.3219	0.13279072	-1572.4744	-1538.3233	-1572.2703
236	236	-1381.8342	-1377.5468	-1368.2933	4.2874142	-1378.3299	-1352.286	-1371.2536
237	237	-1801.4188	-1798.9502	-1783.3809	2.4685828	-1781.2603	-1766.6826	-1780.7654
238	238	-1736.3807	-1734.5587	-1696.0031	1.8219479	-1718.5154	-1683.3747	-1716.4867
239	239	-1427.1963	-1420.8092	-1357.2301	6.3870688	-1408.7985	-1344.0557	-1401.5109
240	240	-2029.5463	-2020.9394	-1987.5313	8.6069191	-2011.4635	-1975.1756	-2002.9375
241	241	-2119.6366	-2096.4789	-2022.8716	23.157653	-2101.8757	-2010.5613	-2078.5824
242	242	-1932.5018	-1921.8868	-1830.2159	10.615014	-1914.6606	-1817.7294	-1903.1901
243	243	-1346.2657	-1346.7411	-1286.5977	-0.47543882	-1325.6489	-1273.3782	-1326.4767
244	244	-2047.9381	-2044.6447	-1975.742	3.2933492	-2030.2654	-1963.3931	-2026.6409
245	245	-1538.3392	-1535.868	-1492.6643	2.4712228	-1519.82	-1479.7997	-1517.0723
246	246	-1866.0367	-1865.5527	-1819.2734	0.48393885	-1846.9636	-1805.5663	-1847.1639
247	247	-1734.0963	-1727.4962	-1678.1039	6.6000714	-1716.1543	-1665.4542	-1709.2782
248	248	-1927.6596	-1924.0979	-1831.6387	3.5617054	-1909.2601	-1819.0853	-1906.0606
249	249	-1629.3335	-1629.6938	-1588.5014	-0.36023329	-1607.1198	-1575.7739	-1606.499
250	250	-2181.0236	-2170.4085	-2113.0412	10.615157	-2162.8467	-2100.8209	-2152.6548
251	251	-1400.1835	-1400.0594	-1350.9329	0.12411955	-1380.3082	-1335.8487	-1381.3259
252	252	-1968.6046	-1966.9244	-1929.9877	1.6802457	-1949.329	-1917.2271	-1948.6177
253	253	-2533.153	-2518.4312	-2485.3836	14.721796	-2515.1301	-2473.3775	-2500.3046
254	254	-1960.5471	-1957.2104	-1944.9216	3.3367402	-1940.451	-1930.8439	-1941.2661
255	255	-2133.5701	-2110.3818	-2006.5351	23.188355	-2115.6809	-1994.1654	-2092.401
256	256	-1777.8423	-1776.8148	-1739.5572	1.0274603	-1759.2832	-1727.0243	-1757.9252
257	257	-2019.4889	-2014.8413	-1946.8644	4.6476036	-2001.7067	-1934.4663	-1996.7161
258	258	-2021.8739	-2010.9495	-1907.4948	10.924426	-2003.8455	-1894.0457	-1992.915
259	259	-1384.2701	-1384.754	-1327.1749	-0.48388208	-1364.8582	-1313.9061	-1365.6949
260	260	-1851.7185	-1851.245	-1805.9452	0.47348358	-1833.977	-1791.0018	-1833.8609
261	261	-1582.4399	-1581.0824	-1554.8263	1.3575655	-1563.2222	-1542.1095	-1562.3066
262	262	-1712.6834	-1685.6929	-1670.5341	26.990469	-1709.3797	-1652.291	-1677.1122
263	263	-1724.4871	-1715.4202	-1615.665	9.0669526	-1706.1658	-1602.8048	-1696.9211
264	264	-2060.8126	-2060.4864	-2046.8041	0.32623172	-2041.3702	-2034.0463	-2042.2014
265	265	-2123.8373	-2118.7019	-2094.7626	5.1353818	-2106.4494	-2076.8564	-2105.2233
266	266	-1780.6335	-1775.6742	-1744.1594	4.9592972	-1762.3656	-1727.889	-1761.4127
267	267	-1926.3599	-1926.4328	-1904.3177	-0.072933292	-1908.2644	-1891.3768	-1909.2042
268	268	-1454.2852	-1454.7891	-1399.9069	-0.50385283	-1434.078	-1386.9653	-1434.883
269	269	-1491.0804	-1490.2748	-1454.2277	0.80562361	-1470.9414	-1441.4053	-1471.0741
270	270	-1840.5523	-1838.8547	-1792.7991	1.6975983	-1822.5829	-1780.3657	-1820.4073
271	271	-2020.0256	-2020.3674	-1995.6999	-0.34184115	-2000.7786	-1981.2453	-2001.6136
272	272	-2041.6511	-2033.6772	-1954.2029	7.9738903	-2023.6474	-1940.9826	-2015.5986
273	273	-1469.1764	-1462.247	-1377.2343	6.9293072	-1450.5695	-1363.9258	-1443.251
274	274	-2333.8418	-2324.7061	-2224.8209	9.1357209	-2315.7583	-2212.7057	-2306.8397
275	275	-1412.8397	-1411.6494	-1388.8601	1.1903016	-1394.0744	-1375.9306	-1394.9655
276	276	-1798.6219	-1794.6556	-1728.8229	3.9663947	-1780.5999	-1716.1995	-1776.4673
277	277	-1470.53	-1469.3688	-1423.631	1.1612074	-1452.2455	-1410.7012	-1450.9431
278	278	-1793.6736	-1792.4893	-1738.0001	1.1843266	-1774.9491	-1725.4139	-1774.4885
279	279	-1736.5907	-1734.0446	-1701.3097	2.5460529	-1717.8424	-1688.0118	-1715.6109
280	280	-1695.1753	-1694.4878	-1640.1093	0.68753845	-1676.3245	-1624.2444	-1676.3906
281	281	-2305.0725	-2294.3433	-2286.8243	10.729138	-2286.9795	-2272.1319	-2287.8846
282	282	-2194.4812	-2192.8638	-2165.2028	1.6174608	-2175.9174	-2152.9993	-2174.2258
283	283	-1916.0837	-1907.8775	-1867.5691	8.2062187	-1897.4403	-1854.7921	-1889.835
284	284	-1763.9551	-1763.4447	-1718.0834	0.51036882	-1743.2363	-1705.4922	-1744.0543
285	285	-2018.0521	-2015.8903	-1991.2473	2.1618148	-2000.197	-1978.7014	-1993.9407
286	286	-2024.6502	-2023.1054	-1997.1786	1.5447288	-2006.3337	-1984.7889	-2004.8805
287	287	-1649.708	-1649.1881	-1606.8243	0.51988983	-1631.0469	-1591.0421	-1631.7325
288	288	-1861.1989	-1853.5163	-1787.5726	7.6826113	-1843.2718	-1775.0118	-1835.3119
289	289	-1678.3762	-1677.9481	-1644.523	0.42812191	-1659.433	-1631.8608	-1659.7635
290	290	-1732.8248	-1729.5245	-1683.9449	3.3002669	-1714.5138	-1669.9838	-1710.504
291	291	-1857.3286	-1857.6386	-1832.2038	-0.31006657	-1837.4139	-1817.4752	-1838.2604
292	292	-1769.5208	-1766.1959	-1700.2753	3.3248863	-1750.2909	-1687.66	-1747.9603
293	293	-1650.1902	-1648.6134	-1617.8724	1.5768149	-1629.0902	-1603.9496	-1629.9279
294	294	-1814.1609	-1814.3582	-1783.2236	-0.19733329	-1795.7466	-1770.7299	-1796.4462
295	295	-2336.3098	-2326.7583	-2232.6487	9.5515001	-2318.7111	-2220.5442	-2308.9535
296	296	-2054.7563	-2023.6965	-1912.3428	31.059749	-2036.7049	-1899.839	-2005.6336
297	297	-1595.3963	-1595.3225	-1562.1112	0.073849922	-1576.4435	-1548.709	-1577.2467
298	298	-1927.6174	-1923.1275	-1885.5741	4.4899052	-1909.5371	-1873.1506	-1904.9628
299	299	-1932.0648	-1930.6071	-1888.1517	1.4577592	-1913.8132	-1872.2391	-1911.5956
300	300	-1788.823	-1788.5673	-1743.4834	0.25562083	-1770.6564	-1730.9179	-1770.1964
301	301	-2223.7219	-2203.6813	-2114.6877	20.040659	-2205.9823	-2102.4794	-2185.908
302	302	-1948.6022	-1938.5029	-1857.0464	10.099333	-1929.8836	-1844.5761	-1920.4969
303	303	-1960.5399	-1960.4209	-1931.8091	0.11895056	-1942.5156	-1918.0535	-1943.3169
304	304	-1949.1254	-1949.494	-1928.1591	-0.36858506	-1930.6494	-1915.0076	-1931.498
305	305	-1649.6972	-1649.6848	-1607.9694	0.01235094	-1631.378	-1594.1015	-1631.4192
306	306	-2198.5469	-2195.118	-2142.6008	3.4289921	-2180.1428	-2130.4216	-2177.3369
307	307	-1756.3896	-1755.3836	-1723.944	1.0059818	-1737.2249	-1711.3919	-1737.2977
308	308	-1526.004	-1522.8138	-1447.4637	3.1901714	-1507.0175	-1434.4875	-1503.5928
309	309	-1945.6448	-1946.0541	-1920.6469	-0.40924798	-1927.4233	-1907.6253	-1927.1705
310	310	-1938.066	-1937.5033	-1919.8031	0.56272579	-1918.9931	-1907.445	-1919.7966
311	311	-2323.4035	-2314.8919	-2247.1898	8.511522	-2304.3344	-2233.8075	-2296.1908
312	312	-1477.8063	-1465.5849	-1431.695	12.221408	-1459.9243	-1417.8744	-1459.4338
313	313	-1731.3043	-1725.675	-1644.8946	5.6292759	-1712.3971	-1632.2179	-1707.4101
314	314	-1846.9511	-1826.822	-1759.0437	20.129084	-1829.0387	-1746.3986	-1808.8066
315	315	-1678.8136	-1677.147	-1619.87	1.6666056	-1660.0159	-1607.1604	-1658.3162
316	316	-2055.9171	-2053.2585	-2032.6225	2.6586525	-2037.2721	-2018.2507	-2035.2381
317	317	-1977.2156	-1971.6357	-1925.3228	5.579951	-1959.5703	-1912.9591	-1953.7098
318	318	-1639.1076	-1634.9756	-1570.6737	4.1319996	-1620.0667	-1557.9005	-1616.5574
319	319	-2446.8163	-2441.9949	-2399.1871	4.8214284	-2429.058	-2387.1008	-2424.2884
320	320	-1530.7028	-1530.3565	-1466.9595	0.34627989	-1512.5337	-1454.0426	-1511.8759
321	321	-1665.0722	-1661.3951	-1596.1179	3.6771439	-1646.992	-1583.3621	-1642.9458
322	322	-1921.1424	-1918.391	-1861.3581	2.7513556	-1902.5066	-1845.2715	-1900.3348
323	323	-1647.2061	-1646.0402	-1590.2671	1.1659395	-1629.0643	-1577.527	-1627.7912
324	324	-2411.8768	-2407.4143	-2378.9411	4.4625014	-2393.2032	-2366.84	-2388.4009
325	325	-1338.7811	-1338.245	-1298.2294	0.53607359	-1320.0648	-1282.8281	-1320.0076
326	326	-1386.3055	-1386.4499	-1343.8573	-0.14444632	-1365.9924	-1330.1922	-1366.8205
327	327	-1543.0969	-1543.1423	-1496.8498	-0.045433479	-1524.6443	-1483.9766	-1525.4477
328	328	-1947.9639	-1933.595	-1886.2414	14.368892	-1930.0573	-1873.8137	-1915.7182
329	329	-2310.3051	-2305.4563	-2268.7921	4.8488631	-2292.0948	-2256.6628	-2286.1167
330	330	-1856.8274	-1852.7514	-1810.8281	4.0759967	-1839.0673	-1798.399	-1834.6058
331	331	-2060.3612	-2054.4957	-1984.8347	5.8655144	-2041.9738	-1972.4915	-2036.6687
332	332	-1946.273	-1932.1791	-1923.3038	14.093925	-1927.5391	-1909.4946	-1921.4735
333	333	-2167.0786	-2156.7463	-2088.0347	10.33228	-2149.0708	-2075.7743	-2138.4848
334	334	-1972.4	-1970.6619	-1915.0989	1.7380852	-1953.7931	-1901.9197	-1952.2824
335	335	-2120.0652	-2116.7929	-2083.8389	3.2722371	-2100.2631	-2071.5805	-2097.862
336	336	-1879.3528	-1871.8792	-1790.2768	7.4735749	-1861.3768	-1776.5412	-1853.7145
337	337	-2003.1408	-2000.8252	-1950.6581	2.3156087	-1985.665	-1938.3295	-1982.8906
338	338	-1912.6947	-1898.9695	-1809.3916	13.725243	-1894.6565	-1796.8311	-1880.8709
339	339	-1520.3368	-1520.2941	-1487.0562	0.042713914	-1500.3643	-1474.2204	-1501.1757
340	340	-2200.2054	-2190.7688	-2164.3671	9.4365822	-2180.7462	-2148.0841	-2170.7227
341	341	-1978.3189	-1978.1338	-1939.6691	0.18515453	-1960.3579	-1926.5562	-1960.8495
342	342	-2263.4665	-2234.8108	-2122.3189	28.655668	-2245.5519	-2110.0727	-2217.0982
343	343	-1667.222	-1665.9649	-1572.5349	1.2570981	-1648.4804	-1559.672	-1647.577
344	344	-1857.0301	-1854.676	-1832.6519	2.3540573	-1838.922	-1818.3849	-1837.3439
345	345	-1610.6531	-1608.3236	-1586.1244	2.3295413	-1590.6351	-1572.5672	-1591.4558
346	346	-1504.8149	-1504.4502	-1448.1213	0.36474398	-1486.5668	-1435.2629	-1486.6233
347	347	-1642.5021	-1636.2481	-1563.7044	6.253961	-1624.1888	-1550.865	-1617.1387
348	348	-1898.3124	-1894.6356	-1859.052	3.6768315	-1878.789	-1843.8418	-1876.5776
349	349	-1617.937	-1617.4665	-1588.4446	0.47050194	-1600.1258	-1575.7716	-1599.7727
350	350	-1939.1142	-1931.9482	-1864.2547	7.1659887	-1921.3021	-1850.7337	-1913.9189
351	351	-1937.6829	-1934.533	-1886.9995	3.1499015	-1919.509	-1874.595	-1916.4358
352	352	-2234.7082	-2225.2285	-2155.7523	9.4796682	-2217.0023	-2143.5842	-2207.5158
353	353	-1865.0561	-1864.9898	-1832.8411	0.066318713	-1845.1728	-1820.3078	-1846.2823
354	354	-1487.2361	-1487.4941	-1454.8178	-0.25802071	-1469.319	-1441.9271	-1469.3248
355	355	-1508.2995	-1507.9876	-1451.2806	0.31194924	-1490.2818	-1436.6503	-1491.0848
356	356	-1839.2166	-1836.0425	-1754.7096	3.1741334	-1820.7722	-1742.1059	-1817.2472
357	357	-1742.2571	-1740.0717	-1677.4241	2.1854303	-1723.5256	-1664.7681	-1721.7994
358	358	-1779.5899	-1778.5706	-1704.6681	1.0192393	-1754.6031	-1692.0328	-1754.2802
359	359	-2006.111	-1989.4802	-1905.1437	16.630773	-1988.2299	-1892.676	-1971.3742
360	360	-1701.4623	-1695.7796	-1656.3601	5.6826495	-1683.5754	-1643.7177	-1677.5431
361	361	-1723.3579	-1722.9718	-1690.4971	0.38611459	-1702.9729	-1677.8844	-1702.7513
362	362	-1807.3548	-1801.8972	-1750.9737	5.4576458	-1788.7148	-1738.4425	-1783.9338
363	363	-1987.8911	-1972.363	-1914.7028	15.528151	-1965.7693	-1902.287	-1950.1654
364	364	-2295.4581	-2291.5155	-2240.0669	3.9426337	-2278.0057	-2227.9247	-2272.8023
365	365	-1820.4395	-1820.604	-1777.801	-0.16443373	-1802.0898	-1765.2727	-1802.942
366	366	-1833.7566	-1832.8158	-1803.6267	0.94085835	-1816.061	-1791.1701	-1814.9731
367	367	-2229.2482	-2229.1342	-2211.0939	0.1139827	-2207.1328	-2192.3514	-2207.9419
368	368	-2124.6799	-2102.1242	-1964.084	22.555793	-2103.5103	-1951.6414	-2081.3093
369	369	-1618.116	-1617.6815	-1576.998	0.43453897	-1599.3757	-1564.2335	-1597.4769
370	370	-1610.6909	-1610.5744	-1587.876	0.11652198	-1592.3436	-1570.7923	-1590.5762
371	371	-1919.8371	-1919.5738	-1891.1468	0.26321898	-1901.6111	-1875.3177	-1902.0217
372	372	-1631.881	-1631.7295	-1579.9805	0.15144635	-1612.6993	-1567.2311	-1613.5178
373	373	-1319.3831	-1318.157	-1265.8561	1.2261626	-1297.3855	-1252.7174	-1312.0332
374	374	-1853.182	-1852.8253	-1818.0709	0.3567319	-1834.6508	-1804.1832	-1835.2535
375	375	-1518.3509	-1516.8227	-1451.8356	1.5281902	-1500.1268	-1438.4063	-1494.9809
376	376	-1569.6484	-1560.8783	-1489.8829	8.770159	-1551.2533	-1476.9157	-1542.5836
377	377	-2027.6551	-2024.8799	-1981.0911	2.7752187	-2008.4149	-1966.8365	-2004.0889
378	378	-1835.3152	-1816.3389	-1723.6596	18.976257	-1817.054	-1710.9369	-1797.8797
379	379	-1970.9955	-1971.4844	-1937.021	-0.48893964	-1952.2339	-1923.9838	-1951.9279
380	380	-1699.2283	-1698.9229	-1663.7254	0.3054268	-1680.3109	-1651.0608	-1680.8423
381	381	-1840.9406	-1840.8439	-1812.2815	0.096691799	-1822.5029	-1799.8011	-1823.3894
382	382	-1593.2814	-1593.2882	-1545.8511	-0.006884622	-1572.5328	-1533.7735	-1572.98
383	383	-2114.0582	-2110.6676	-2059.9965	3.3905935	-2095.2728	-2045.7051	-2092.6305
384	384	-1939.5616	-1935.5671	-1872.7881	3.9944493	-1921.7161	-1860.3847	-1917.4747
385	385	-2098.6376	-2093.7909	-2049.2633	4.8467554	-2079.5371	-2034.8404	-2075.8885
386	386	-1709.1076	-1704.6499	-1629.2968	4.4577339	-1690.3756	-1616.5658	-1685.9015
387	387	-1789.644	-1789.3967	-1751.0948	0.24734392	-1771.2701	-1738.4988	-1772.0999
388	388	-1615.505	-1615.8437	-1578.8288	-0.33866415	-1595.1783	-1566.1072	-1595.9893
389	389	-1889.2339	-1887.5531	-1855.5463	1.680836	-1870.8516	-1843.1219	-1869.6316
390	390	-2068.3588	-2063.6589	-2000.2826	4.6998551	-2050.1634	-1987.9803	-2045.2614
391	391	-1848.4479	-1845.5691	-1801.9959	2.8788137	-1831.0063	-1789.5363	-1827.2445
392	392	-1634.291	-1633.8839	-1613.4852	0.40708117	-1616.099	-1599.4489	-1616.1481
393	393	-1552.6459	-1552.6001	-1517.456	0.045752526	-1531.6546	-1504.6343	-1532.5155
394	394	-1582.7468	-1577.8527	-1548.2126	4.8941148	-1562.985	-1533.8884	-1571.375
395	395	-2331.0747	-2314.4037	-2277.6979	16.671043	-2310.4636	-2265.5749	-2294.3883
396	396	-1878.207	-1878.6436	-1860.2841	-0.4365888	-1860.2624	-1847.8143	-1861.0693
397	397	-1895.6011	-1892.096	-1822.8056	3.5051036	-1877.8494	-1810.2911	-1873.436
398	398	-2440.7495	-2409.8064	-2300.9832	30.943181	-2423.1052	-2288.9238	-2392.1915
399	399	-1690.447	-1685.8696	-1652.1184	4.5773959	-1671.7719	-1638.3437	-1667.448
400	400	-1416.7516	-1416.6352	-1359.9481	0.11641464	-1394.8134	-1346.3139	-1394.7755
401	401	-1659.0849	-1658.3391	-1630.4597	0.74581289	-1639.0217	-1614.564	-1636.745
402	402	-1933.7123	-1930.6463	-1907.8745	3.0659735	-1915.575	-1895.4639	-1911.6301
403	403	-1917.9083	-1916.4304	-1888.6242	1.4778926	-1898.7167	-1874.5945	-1898.2765
404	404	-2041.7946	-2025.8541	-1957.8941	15.940488	-2023.9133	-1945.5238	-2007.8119
405	405	-1534.9078	-1534.4086	-1482.8213	0.4992285	-1515.6953	-1469.9524	-1516.3002
406	406	-1592.1919	-1590.8112	-1538.9233	1.3807112	-1573.4905	-1524.9582	-1571.5533
407	407	-1643.0626	-1632.9278	-1535.1328	10.134817	-1623.9755	-1522.1214	-1614.3624
408	408	-1594.7951	-1595.3519	-1556.0056	-0.55677233	-1574.9701	-1543.2588	-1575.7719
409	409	-1674.379	-1673.1634	-1640.084	1.2155766	-1655.7699	-1626.8604	-1654.5396
410	410	-2170.2638	-2168.3708	-2136.1087	1.8929735	-2152.6338	-2122.3334	-2150.5113
411	411	-1302.8775	-1300.6819	-1232.2064	2.1956325	-1282.7747	-1218.5587	-1280.678
412	412	-1837.1681	-1831.8096	-1782.2013	5.3584807	-1819.3237	-1769.6801	-1813.7476
413	413	-1690.079	-1686.9258	-1617.8961	3.1531242	-1671.3484	-1605.1289	-1667.1033
414	414	-1911.3142	-1907.593	-1859.4648	3.7211524	-1893.3168	-1845.809	-1889.0751
415	415	-1942.1608	-1934.942	-1874.5046	7.2188443	-1923.93	-1861.2216	-1916.6648
416	416	-2219.3337	-2216.6657	-2178.3949	2.6679917	-2200.524	-2166.1879	-2197.7007
417	417	-1825.9869	-1826.0622	-1786.2473	-0.07531431	-1808.0009	-1773.7151	-1808.0203
418	418	-1984.7488	-1975.0085	-1900.3059	9.7403104	-1965.338	-1885.0826	-1955.736
419	419	-1630.8958	-1631.1958	-1594.1899	-0.29999207	-1612.7655	-1580.7256	-1613.0821
420	420	-1919.7812	-1917.726	-1849.1628	2.0552103	-1900.707	-1835.59	-1899.117
421	421	-1812.8436	-1811.5583	-1785.9069	1.2853253	-1794.8043	-1772.7059	-1793.5846
422	422	-1745.8678	-1745.7845	-1722.4044	0.083250293	-1726.3701	-1704.8966	-1726.4412
423	423	-1619.8811	-1618.9559	-1572.7736	0.92517819	-1601.3	-1560.0188	-1600.1836
424	424	-1795.7821	-1787.0172	-1698.6935	8.7649261	-1777.5461	-1685.995	-1768.7416
425	425	-1447.4355	-1421.6644	-1417.4341	25.771178	-1443.9749	-1401.4584	-1415.1363
426	426	-1680.8048	-1680.1725	-1630.2972	0.6323484	-1661.5618	-1617.6302	-1661.5257
427	427	-1431.5756	-1432.0997	-1390.4209	-0.52415508	-1412.3201	-1377.5046	-1411.5705
428	428	-2111.6362	-2105.9044	-2054.8215	5.7317265	-2093.7492	-2042.5389	-2088.1068
429	429	-1821.1973	-1819.8181	-1788.7201	1.3791982	-1802.6222	-1776.264	-1801.7207
430	430	-1775.7621	-1775.1221	-1738.0119	0.63995004	-1756.885	-1725.474	-1757.3861
431	431	-1641.8167	-1639.6753	-1602.3615	2.1414247	-1623.9939	-1589.6721	-1621.3774
432	432	-1853.977	-1851.5943	-1810.2544	2.382657	-1835.8463	-1796.5971	-1833.6353
433	433	-1598.5174	-1595.153	-1517.0243	3.3643901	-1580.2023	-1504.1277	-1576.6067
434	434	-1935.8135	-1915.9206	-1881.4691	19.892884	-1917.9408	-1866.7779	-1897.9395
435	435	-2000.5855	-1997.9342	-1974.92	2.6513811	-1983.0584	-1961.7172	-1980.2679
436	436	-1686.9862	-1686.336	-1632.7645	0.65019959	-1668.7222	-1620.0498	-1668.2082
437	437	-2097.8428	-2094.4489	-2049.7867	3.3939261	-2079.897	-2036.8775	-2076.6103
438	438	-1231.9348	-1231.8514	-1163.6977	0.083427395	-1212.9629	-1150.2694	-1213.7709
439	439	-1407.7635	-1400.4392	-1340.6595	7.3243452	-1388.7533	-1327.4874	-1381.7428
440	440	-1784.8506	-1784.7167	-1733.2594	0.13395162	-1765.9742	-1720.7005	-1766.796
441	441	-1505.2052	-1503.2475	-1435.7054	1.9577492	-1485.6569	-1422.7616	-1483.4289
442	442	-1749.9785	-1748.7893	-1721.3246	1.1891923	-1731.3174	-1708.8114	-1730.4217
443	443	-2395.8593	-2392.3235	-2349.5456	3.5358115	-2379.0796	-2335.9643	-2375.2553
444	444	-1812.889	-1811.107	-1797.1025	1.7819301	-1795.4596	-1784.2433	-1799.7832
445	445	-2506.7239	-2483.1605	-2394.3916	23.563417	-2489.287	-2382.3903	-2465.7247
446	446	-1730.3868	-1728.7631	-1712.7931	1.6236684	-1709.7071	-1699.4558	-1706.6411
447	447	-2046.6976	-2045.8436	-2008.4201	0.85400307	-2028.104	-1995.1154	-2026.753
448	448	-1808.7601	-1793.7866	-1714.6102	14.97351	-1790.5835	-1701.9293	-1775.0205
449	449	-1740.3534	-1735.2646	-1668.5862	5.0888245	-1720.9865	-1655.8484	-1715.904
450	450	-2270.3585	-2263.468	-2213.3284	6.8904704	-2251.3088	-2201.1813	-2245.7405
451	451	-1827.0049	-1819.8318	-1801.3645	7.1731251	-1806.5554	-1787.6694	-1813.1382
452	452	-1933.9922	-1927.7819	-1915.2242	6.2103228	-1917.5209	-1901.7838	-1922.0286
453	453	-1822.3081	-1819.1738	-1764.7634	3.1343	-1803.634	-1752.21	-1800.5531
454	454	-1826.9018	-1825.061	-1797.3979	1.8408429	-1807.7925	-1780.9755	-1807.888
455	455	-2099.2301	-2095.7095	-2084.5164	3.5205741	-2082.5962	-2069.7196	-2083.4837
456	456	-1976.5534	-1975.9029	-1965.8398	0.65049494	-1957.3152	-1946.4873	-1958.0388
457	457	-2198.7644	-2188.834	-2125.3565	9.9303479	-2181.1512	-2112.814	-2170.9723
458	458	-2405.6024	-2382.4415	-2303.5798	23.160914	-2388.0065	-2291.5599	-2364.7791
459	459	-2123.5974	-2118.2473	-2081.9751	5.3500849	-2103.0738	-2068.2639	-2098.8653
460	460	-1822.1175	-1821.6786	-1779.0221	0.43893261	-1803.3266	-1766.5464	-1804.0802
461	461	-1893.7209	-1891.4897	-1834.9236	2.2311272	-1875.0639	-1822.4639	-1873.3263
462	462	-1599.658	-1595.9718	-1513.5323	3.6862356	-1581.1203	-1500.622	-1577.4202
463	463	-2109.3626	-2107.6229	-2068.3064	1.7396473	-2090.6323	-2056.0765	-2089.3129
464	464	-1906.8481	-1900.1739	-1847.3768	6.6742321	-1888.5712	-1834.9444	-1882.0526
465	465	-1712.2142	-1712.6179	-1676.7502	-0.4037186	-1693.5319	-1663.5357	-1694.3402
466	466	-1781.4692	-1778.2695	-1734.2175	3.1996548	-1763.668	-1721.6417	-1760.1325
467	467	-1643.4002	-1642.1713	-1583.3822	1.2288696	-1623.7376	-1570.5502	-1623.8382
468	468	-1605.6203	-1605.9494	-1576.6987	-0.32915106	-1586.6676	-1563.9794	-1587.4947
469	469	-1378.3083	-1374.7378	-1317.1511	3.5704644	-1359.2739	-1303.9611	-1355.3824
470	470	-1801.4067	-1800.7239	-1766.569	0.68275612	-1783.3616	-1753.2334	-1783.0257
471	471	-1774.565	-1774.4592	-1749.6428	0.10576765	-1755.4946	-1736.2917	-1756.3377
472	472	-2190.2719	-2166.4957	-2102.7985	23.776256	-2172.2289	-2090.5355	-2148.3307
473	473	-2210.1324	-2200.9823	-2096.3656	9.1500717	-2192.3721	-2084.0894	-2183.0163
474	474	-1485.6483	-1485.3988	-1421.6188	0.24955883	-1465.6577	-1408.5269	-1465.7875
475	475	-1733.2755	-1731.8846	-1674.1222	1.3908624	-1714.2629	-1661.4934	-1713.4288
476	476	-1466.8063	-1462.3764	-1394.5459	4.4298794	-1447.7546	-1381.4437	-1443.7489
477	477	-1668.4058	-1664.1882	-1619.0379	4.2175997	-1650.5003	-1604.8183	-1645.9406
478	478	-1891.1988	-1891.6151	-1849.0082	-0.41634184	-1872.5424	-1835.3463	-1873.3534
479	479	-1227.9275	-1230.5942	-1232.1368	-2.6666526	-1224.3884	-1218.2482	-1222.724
480	480	-1952.1207	-1948.2087	-1890.7325	3.9120699	-1933.7107	-1878.3844	-1930.2412
481	481	-2086.3371	-2077.8843	-2033.0388	8.4527419	-2068.8175	-2020.7452	-2060.4672
482	482	-2086.6265	-2085.8062	-2054.9029	0.82029635	-2068.382	-2042.5949	-2066.6978
483	483	-2033.1915	-2025.0528	-1950.5198	8.1387151	-2014.5583	-1938.1933	-2007.1256
484	484	-2315.1837	-2304.9072	-2267.625	10.276515	-2297.4816	-2252.6713	-2286.8106
485	485	-1608.5613	-1608.0153	-1570.0376	0.54593363	-1589.7746	-1557.3278	-1590.7235
486	486	-1335.6326	-1335.3913	-1278.4815	0.24126999	-1316.8371	-1265.387	-1316.7867
487	487	-1211.5196	-1211.1105	-1133.3697	0.40912646	-1192.5731	-1119.6918	-1192.4846
488	488	-1992.2281	-1992.3531	-1964.4827	-0.12500984	-1974.5	-1950.9909	-1973.7898
489	489	-2564.29	-2563.2174	-2556.0493	1.0725469	-2548.048	-2541.1085	-2549.2051
490	490	-1833.4406	-1832.893	-1802.926	0.54756409	-1814.7655	-1790.4592	-1815.2905
491	491	-1433.5576	-1423.4361	-1390.6998	10.1215	-1419.6409	-1375.8881	-1415.8132
492	492	-2073.6363	-2053.6038	-1962.6564	20.032518	-2055.4189	-1950.2684	-2035.6606
493	493	-2376.7873	-2361.6507	-2310.1784	15.13656	-2357.7264	-2298.0649	-2342.8397
494	494	-1593.9959	-1593.7806	-1524.4329	0.21530968	-1575.5503	-1511.534	-1576.0978
495	495	-1823.6285	-1819.5782	-1733.9425	4.0502899	-1805.6157	-1721.2785	-1801.4561
496	496	-1821.8847	-1821.3965	-1796.7968	0.48817409	-1803.7772	-1784.2908	-1802.8154
497	497	-2097.6373	-2088.1433	-2020.5158	9.4939536	-2079.8857	-2008.2129	-2070.1641
498	498	-1667.5226	-1659.3434	-1604.2703	8.1791852	-1648.9234	-1589.9967	-1640.5517
499	499	-1466.4782	-1463.5531	-1434.0081	2.9251068	-1446.4779	-1418.2175	-1444.9713
