No.	ID	loglik_NUll	loglik_RES	loglik_all	log_ratio	loglik_Max1	loglik_Max2	loglik_Max3
0	0	-1243.1805	-1245.8662	-1143.902	-2.6857446	-1239.6325	-1116.852	-1240.0204
1	1	-1315.1321	-1317.7658	-1307.061	-2.6337319	-1311.6027	-1281.3625	-1311.0527
2	2	-1229.1452	-1231.8698	-1165.3254	-2.7246163	-1225.63	-1138.8204	-1225.882
3	3	-1887.695	-1890.353	-1858.7793	-2.6579834	-1884.5305	-1831.4866	-1885.3334
4	4	-1581.4233	-1584.1129	-1535.5498	-2.6895402	-1578.085	-1509.7484	-1578.3714
5	5	-1655.8787	-1658.6037	-1619.7658	-2.7249889	-1652.5821	-1593.5196	-1652.5995
6	6	-1118.7793	-1121.2221	-1044.5912	-2.4427297	-1115.1636	-1015.5946	-1113.5149
7	7	-1464.0425	-1466.7421	-1424.5897	-2.6995193	-1460.637	-1399.4602	-1461.44
8	8	-1916.7836	-1919.027	-1853.9264	-2.2433769	-1882.8427	-1825.7128	-1910.4789
9	9	-1473.2651	-1475.9198	-1432.9735	-2.6547703	-1469.8202	-1408.7681	-1469.6294
10	10	-1833.9517	-1836.6144	-1790.7786	-2.6626688	-1830.7366	-1765.7523	-1830.9968
11	11	-1503.6895	-1506.3704	-1446.7861	-2.6808955	-1500.2774	-1424.4034	-1501.0804
12	12	-1474.5803	-1477.2545	-1423.2168	-2.6742246	-1471.1499	-1397.3244	-1471.3346
13	13	-1821.4508	-1824.1615	-1803.3596	-2.7107251	-1818.2239	-1780.3771	-1818.4825
14	14	-1235.5069	-1238.1698	-1182.2179	-2.6628654	-1231.9812	-1156.8002	-1232.7869
15	15	-1453.588	-1456.2519	-1431.4652	-2.6638271	-1450.1627	-1405.8932	-1449.9728
16	16	-1538.6837	-1539.6406	-1450.3936	-0.95687897	-1503.6969	-1425.4294	-1504.516
17	17	-1711.392	-1714.0508	-1610.7777	-2.6588068	-1674.3438	-1585.8633	-1675.2013
18	18	-1528.8987	-1531.5795	-1473.6376	-2.6808226	-1525.5376	-1447.245	-1525.7639
19	19	-1107.7111	-1110.3743	-1021.1788	-2.6631164	-1104.0715	-995.54005	-1104.8748
20	20	-2077.4219	-2080.0728	-2077.8424	-2.6509464	-2074.3379	-2048.3512	-2073.2559
21	21	-1240.0608	-1242.7348	-1179.519	-2.6740776	-1236.512	-1151.754	-1235.9784
22	22	-1326.7555	-1329.4825	-1309.613	-2.7269831	-1323.3298	-1279.8005	-1323.3324
23	23	-1630.3722	-1633.0636	-1631.0139	-2.6913348	-1627.0515	-1605.4201	-1627.3563
24	24	-821.44458	-824.12352	-781.81574	-2.6789406	-817.52726	-754.57209	-818.33043
25	25	-1629.4942	-1632.1908	-1607.3843	-2.696569	-1626.1513	-1582.3486	-1626.847
26	26	-1189.2037	-1191.8611	-1060.9939	-2.6574173	-1185.6023	-1035.4737	-1186.4052
27	27	-1001.9767	-1004.6311	-899.32261	-2.6544173	-998.21825	-873.0767	-999.02134
28	28	-1380.6882	-1383.3307	-1309.3472	-2.6425164	-1377.1848	-1283.3972	-1377.9876
29	29	-2060.0739	-2063.0284	-2061.0705	-2.9545196	-2056.9625	-2033.1814	-2054.857
30	30	-1370.8102	-1373.4856	-1328.1967	-2.6753615	-1367.3091	-1302.9512	-1368.112
31	31	-1290.3683	-1293.0098	-1232.367	-2.641504	-1286.8647	-1207.047	-1287.6676
32	32	-1603.7049	-1606.3998	-1528.7725	-2.6948812	-1600.3537	-1502.9524	-1600.6419
33	33	-1222.0325	-1224.6922	-1159.7847	-2.659753	-1218.4945	-1131.2209	-1217.7855
34	34	-1214.64	-1217.3141	-1109.2317	-2.6740928	-1186.1975	-1083.7817	-1187.0009
35	35	-1796.5456	-1799.2136	-1791.4415	-2.6680239	-1793.3084	-1761.4129	-1793.205
36	36	-1890.5886	-1893.2444	-1872.676	-2.6558302	-1887.3994	-1847.3815	-1888.2028
37	37	-1213.9953	-1216.6702	-1208.2418	-2.6748832	-1210.4498	-1184.2568	-1210.6938
38	38	-1264.2833	-1273.2467	-1133.6277	-8.9634207	-1228.0545	-1106.9567	-1267.0036
39	39	-1532.9775	-1533.1806	-1424.9809	-0.20313802	-1496.4463	-1399.9653	-1497.329
40	40	-989.79347	-992.46743	-963.72535	-2.6739616	-986.06168	-937.77642	-986.86554
41	41	-1490.6738	-1493.3369	-1454.7581	-2.6630747	-1487.257	-1429.6224	-1488.0603
42	42	-1190.2708	-1192.9503	-1049.1742	-2.6794505	-1186.6708	-1023.5792	-1187.474
43	43	-1328.8068	-1331.5811	-1249.1775	-2.7742991	-1325.3432	-1223.3327	-1325.81
44	44	-1243.0536	-1245.5677	-1153.9022	-2.51401	-1239.5419	-1126.6815	-1238.866
45	45	-1697.3235	-1700.0058	-1664.6604	-2.68232	-1694.0515	-1638.7445	-1694.2513
46	46	-1271.3918	-1274.0185	-1235.5465	-2.6266406	-1267.8527	-1210.1813	-1268.656
47	47	-1345.4615	-1359.956	-1253.0858	-14.494465	-1308.3942	-1226.8562	-1308.1473
48	48	-1209.3388	-1212.0149	-1114.5746	-2.6760959	-1205.7914	-1089.1184	-1206.5958
49	49	-1340.5023	-1342.9873	-1248.2873	-2.4850161	-1305.2673	-1222.6507	-1305.0789
50	50	-1640.8526	-1643.521	-1602.7036	-2.668347	-1637.5336	-1577.7012	-1638.3381
51	51	-1422.1897	-1424.7962	-1412.6895	-2.6064909	-1418.7246	-1383.5526	-1416.7469
52	52	-1349.4386	-1352.1182	-1289.8663	-2.679589	-1345.9297	-1263.3119	-1346.7337
53	53	-1513.6211	-1516.1405	-1437.1671	-2.5194403	-1510.2194	-1410.6311	-1509.7269
54	54	-1348.6988	-1351.3504	-1290.2616	-2.6515509	-1345.1811	-1263.6417	-1345.9846
55	55	-1155.1362	-1157.8155	-1055.5056	-2.6792596	-1151.5587	-1028.0949	-1152.3623
56	56	-1632.5727	-1634.9986	-1630.874	-2.4258414	-1629.2816	-1603.2147	-1627.858
57	57	-1520.0593	-1522.7505	-1489.4853	-2.6912129	-1516.6676	-1463.494	-1517.2739
58	58	-1425.2794	-1427.9797	-1364.8713	-2.7003091	-1421.8672	-1338.1337	-1421.717
59	59	-1824.8442	-1827.5482	-1806.89	-2.704024	-1821.6304	-1781.311	-1821.8829
60	60	-1147.7916	-1150.4824	-1135.1075	-2.6908692	-1144.2296	-1107.2757	-1145.0328
61	61	-1256.7133	-1259.3801	-1179.6374	-2.6668573	-1253.1987	-1153.1951	-1253.1922
62	62	-1288.5244	-1291.1846	-1186.8282	-2.6601513	-1284.9968	-1160.5886	-1285.274
63	63	-1787.1784	-1789.8713	-1721.4067	-2.6929057	-1783.9365	-1694.6414	-1784.7394
64	64	-1389.3454	-1391.9304	-1331.5322	-2.5849797	-1385.8791	-1303.2379	-1385.3239
65	65	-1210.8307	-1213.4931	-1095.3804	-2.6623336	-1207.2395	-1069.9081	-1208.0423
66	66	-1697.9332	-1699.6414	-1607.1807	-1.7081585	-1662.6617	-1581.8026	-1662.0557
67	67	-1453.0827	-1455.7765	-1385.1166	-2.6937957	-1449.6539	-1359.2979	-1449.9731
68	68	-1624.9742	-1626.3143	-1542.3339	-1.340094	-1621.6228	-1516.6304	-1584.7157
69	69	-1804.8507	-1807.5013	-1785.2142	-2.6505734	-1801.6159	-1760.6985	-1802.4187
70	70	-1776.1576	-1778.6637	-1779.4143	-2.5060863	-1772.9178	-1764.7667	-1772.122
71	71	-1518.9066	-1521.2364	-1454.932	-2.329763	-1491.8797	-1430.2832	-1491.8996
72	72	-1319.5871	-1322.232	-1274.3763	-2.6448767	-1316.108	-1248.0563	-1316.4492
73	73	-2288.9793	-2291.6373	-2292.5158	-2.6579206	-2285.9747	-2268.1222	-2286.0889
74	74	-1043.5924	-1046.2688	-988.00315	-2.6763517	-1039.9075	-962.5568	-1040.7107
75	75	-1285.3897	-1288.0522	-1207.2712	-2.6624774	-1281.8749	-1181.9344	-1282.678
76	76	-1395.6486	-1398.3315	-1328.8116	-2.6829079	-1392.1939	-1302.6025	-1392.9968
77	77	-1683.6258	-1686.2978	-1635.3529	-2.6720155	-1680.3497	-1611.2623	-1680.9535
78	78	-1357.8212	-1360.4375	-1329.4237	-2.6163508	-1354.3153	-1304.2906	-1355.119
79	79	-1616.3715	-1619.0147	-1563.3659	-2.6432486	-1613.03	-1541.1804	-1613.8331
80	80	-1388.2553	-1390.9184	-1309.0721	-2.663137	-1384.7904	-1283.1928	-1385.5943
81	81	-1310.3658	-1313.0517	-1197.5292	-2.6858987	-1306.8321	-1172.1871	-1307.6353
82	82	-1674.6033	-1677.2702	-1645.93	-2.6668865	-1671.2752	-1617.7236	-1670.411
83	83	-1758.0974	-1760.4132	-1684.734	-2.3157831	-1721.9597	-1659.4926	-1754.7257
84	84	-1332.9656	-1335.6568	-1295.6246	-2.6911733	-1329.4709	-1272.1313	-1330.2738
85	85	-1329.2983	-1331.7324	-1272.0087	-2.4340766	-1325.8311	-1244.6817	-1324.4783
86	86	-1294.789	-1297.469	-1170.0561	-2.6799389	-1291.2799	-1142.8499	-1290.9322
87	87	-1442.2453	-1444.9318	-1412.2788	-2.6864619	-1438.794	-1384.38	-1438.0233
88	88	-1100.8765	-1103.5737	-1047.4427	-2.6972772	-1097.2379	-1018.94	-1096.3174
89	89	-1369.848	-1372.5313	-1327.2893	-2.6832478	-1366.364	-1302.0672	-1367.1674
90	90	-1879.3617	-1882.0302	-1825.8184	-2.6684982	-1876.1411	-1800.7446	-1876.9442
91	91	-1867.3564	-1870.3873	-1807.3483	-3.0308377	-1834.6918	-1785.3232	-1835.1767
92	92	-1530.4153	-1532.8455	-1430.4496	-2.4301793	-1495.1072	-1405.4703	-1495.9108
93	93	-1244.5362	-1247.2206	-1193.0442	-2.6843743	-1240.9816	-1168.1226	-1241.0834
94	94	-1728.1052	-1730.7792	-1675.0503	-2.6739732	-1724.795	-1646.5346	-1723.5392
95	95	-1228.4925	-1231.2169	-1176.9205	-2.7244571	-1224.9589	-1151.4657	-1225.7624
96	96	-1322.7058	-1325.3848	-1216.8736	-2.6789565	-1319.1827	-1190.9388	-1319.6426
97	97	-1492.1092	-1496.4927	-1401.9417	-4.3835476	-1452.0558	-1375.2455	-1490.7538
98	98	-1463.8899	-1466.3803	-1466.1369	-2.4903725	-1460.452	-1442.4239	-1460.0163
99	99	-1465.4224	-1468.0967	-1405.309	-2.6742888	-1462.0051	-1379.4337	-1462.1905
100	100	-1777.3027	-1779.9668	-1739.7192	-2.6640954	-1774.0553	-1714.8099	-1774.8584
101	101	-1667.7312	-1670.4209	-1669.1435	-2.6897587	-1664.4527	-1646.1619	-1664.8872
102	102	-1431.6054	-1434.3058	-1362.1509	-2.7003927	-1428.1326	-1335.183	-1428.5132
103	103	-1986.0247	-1988.9502	-1961.202	-2.9255049	-1982.8704	-1934.3197	-1981.7387
104	104	-1467.368	-1470.0448	-1426.7555	-2.676851	-1463.9609	-1400.966	-1464.3843
105	105	-1242.228	-1244.8698	-1188.9806	-2.6417524	-1238.6557	-1163.5573	-1239.459
106	106	-1508.7243	-1511.3977	-1491.5841	-2.673362	-1505.3285	-1465.8622	-1504.249
107	107	-1442.7228	-1445.4313	-1316.1193	-2.7084659	-1406.5565	-1290.1616	-1404.4866
108	108	-2073.2677	-2075.9594	-2059.6329	-2.6917046	-2070.168	-2030.9209	-2070.6898
109	109	-1394.7849	-1397.4521	-1335.8234	-2.6671612	-1391.3102	-1310.63	-1392.1131
110	110	-1522.2646	-1524.9378	-1477.5311	-2.6731599	-1518.8742	-1450.0585	-1519.3387
111	111	-1545.883	-1548.3442	-1459.9267	-2.461171	-1542.5196	-1433.1546	-1541.7044
112	112	-1404.6829	-1410.541	-1269.7666	-5.8580944	-1364.5882	-1243.5679	-1364.1091
113	113	-1228.0639	-1230.7201	-1135.0562	-2.6561477	-1224.509	-1109.618	-1225.3127
114	114	-1081.3978	-1083.5259	-1066.2325	-2.1280975	-1077.7366	-1038.7063	-1074.799
115	115	-1084.0299	-1086.6888	-1051.7237	-2.6589241	-1080.3545	-1023.9832	-1080.5937
116	116	-1335.2093	-1337.8961	-1284.1359	-2.6868018	-1331.7147	-1258.2167	-1332.2235
117	117	-1491.5903	-1494.2515	-1364.5831	-2.6612219	-1456.4001	-1339.4621	-1457.2033
118	118	-1496.3591	-1498.6784	-1443.8012	-2.3193643	-1492.9565	-1415.8129	-1490.4523
119	119	-1196.9573	-1199.6309	-1122.5232	-2.6735734	-1193.3772	-1096.0502	-1193.5732
120	120	-1157.421	-1160.0988	-1040.963	-2.6777635	-1153.8379	-1015.4609	-1154.6408
121	121	-2239.4546	-2242.1439	-2216.0095	-2.6893611	-2236.4272	-2188.9104	-2236.368
122	122	-941.42693	-944.10457	-922.99458	-2.6776432	-937.66819	-899.8644	-938.47155
123	123	-1444.7682	-1447.4325	-1404.2066	-2.6642747	-1441.326	-1378.5866	-1442.1291
124	124	-1267.1748	-1269.8642	-1194.3	-2.6894596	-1263.6685	-1168.3034	-1264.0932
125	125	-1367.2845	-1369.7765	-1238.4983	-2.4919383	-1328.1988	-1213.2312	-1329.0215
126	126	-1407.5716	-1410.2117	-1362.2467	-2.6401023	-1404.1329	-1336.2293	-1404.2639
127	127	-1181.9326	-1184.6021	-1109.1209	-2.6694729	-1178.3885	-1082.4409	-1178.2913
128	128	-1485.1261	-1487.7677	-1418.3744	-2.6415188	-1481.7079	-1392.8956	-1482.3044
129	129	-869.18794	-871.82698	-770.84374	-2.6390455	-865.30514	-743.07103	-866.10818
130	130	-1324.7052	-1327.33	-1204.777	-2.624803	-1321.1694	-1178.6365	-1321.4755
131	131	-1290.219	-1292.8875	-1206.1864	-2.6685245	-1286.6812	-1179.9975	-1286.9621
132	132	-1529.684	-1532.365	-1494.9701	-2.6810402	-1526.3055	-1466.9671	-1526.1958
133	133	-1521.7755	-1522.082	-1377.9859	-0.30652193	-1483.6695	-1352.928	-1484.4738
134	134	-1248.6507	-1251.2609	-1171.3457	-2.610215	-1245.0901	-1145.9824	-1245.893
135	135	-1163.8963	-1166.5493	-1059.9928	-2.6530198	-1160.3109	-1033.2296	-1160.3228
136	136	-1495.8601	-1498.5284	-1480.2854	-2.6683455	-1492.4109	-1453.3181	-1492.8762
137	137	-1530.1293	-1532.8419	-1496.6251	-2.7126151	-1526.7846	-1472.3233	-1527.1191
138	138	-1716.8932	-1719.5555	-1618.5088	-2.6622947	-1713.5955	-1592.5515	-1681.8811
139	139	-1300.0582	-1302.751	-1239.7894	-2.6927392	-1296.5537	-1212.485	-1296.1415
140	140	-1475.3757	-1478.353	-1412.4143	-2.9772812	-1471.9856	-1385.4802	-1449.3662
141	141	-1196.002	-1198.479	-1052.932	-2.4769546	-1159.2906	-1027.4046	-1160.1001
142	142	-1250.923	-1253.5641	-1235.8675	-2.6410561	-1247.3869	-1213.1559	-1248.1904
143	143	-1009.7599	-1012.4312	-909.99763	-2.6713364	-1006.0204	-881.87822	-1006.8233
144	144	-1517.9907	-1520.0421	-1400.277	-2.0513426	-1482.6597	-1373.6745	-1481.4671
145	145	-935.32242	-937.86158	-875.11306	-2.5391528	-931.49881	-847.00543	-931.02581
146	146	-1536.4342	-1539.1003	-1491.6842	-2.6660983	-1533.0868	-1465.3219	-1533.0279
147	147	-1472.5965	-1475.2981	-1449.6285	-2.701592	-1469.1784	-1424.7724	-1469.9813
148	148	-1547.6228	-1550.306	-1500.7931	-2.6832306	-1544.2683	-1474.9166	-1544.5389
149	149	-1539.6158	-1542.2714	-1474.8123	-2.6556352	-1536.2028	-1449.7928	-1537.0062
150	150	-1222.8339	-1225.4829	-1071.9932	-2.6490483	-1219.2575	-1046.4786	-1220.0609
151	151	-1110.085	-1112.761	-1036.3369	-2.6760391	-1106.4543	-1004.6622	-1107.2572
152	152	-1216.9999	-1219.6273	-1127.039	-2.6273227	-1213.4173	-1100.5146	-1213.4896
153	153	-1616.9205	-1619.0766	-1610.4677	-2.1561348	-1613.6205	-1587.0093	-1611.4493
154	154	-1500.0372	-1502.6868	-1466.183	-2.6495604	-1496.6074	-1440.0517	-1496.9111
155	155	-1828.8517	-1831.5165	-1814.0528	-2.664768	-1825.6474	-1788.3652	-1825.9398
156	156	-1244.7698	-1247.4241	-1116.5729	-2.6543557	-1241.2096	-1091.1378	-1242.0124
157	157	-1176.977	-1179.6536	-1068.1953	-2.6766026	-1173.4183	-1042.7531	-1174.2228
158	158	-1405.5738	-1408.2353	-1343.7189	-2.6614759	-1402.1099	-1315.1412	-1402.1093
159	159	-1274.6701	-1277.2115	-1228.4842	-2.5414358	-1271.1364	-1200.1149	-1269.3262
160	160	-1216.1704	-1218.8746	-1175.7982	-2.7041689	-1212.6314	-1147.8544	-1212.7131
161	161	-1220.3161	-1223.0178	-1205.8939	-2.7016881	-1216.7685	-1182.9016	-1217.5717
162	162	-1474.4662	-1477.1494	-1394.0599	-2.6832413	-1471.055	-1367.8869	-1471.189
163	163	-1788.9734	-1791.6304	-1739.7514	-2.6569935	-1785.7182	-1710.9573	-1784.8811
164	164	-1167.9339	-1170.5727	-1047.5551	-2.6387963	-1164.3402	-1020.9867	-1164.5188
165	165	-1095.4305	-1098.0916	-1053.7163	-2.6610963	-1091.7775	-1024.5614	-1092.5805
166	166	-1362.8746	-1365.5794	-1327.2202	-2.7047414	-1359.3888	-1295.6898	-1359.6905
167	167	-1802.191	-1804.8874	-1754.9211	-2.6964522	-1798.9964	-1729.5065	-1799.4185
168	168	-1420.1772	-1422.8489	-1354.8641	-2.6717567	-1416.7346	-1326.4553	-1416.9489
169	169	-1016.6888	-1019.3492	-942.1151	-2.6604279	-1012.9333	-915.11062	-1013.0325
170	170	-1231.5848	-1234.2396	-1160.5353	-2.6547594	-1228.0489	-1134.4554	-1228.4506
171	171	-1126.4811	-1129.1759	-1083.7526	-2.6948592	-1122.8789	-1056.0312	-1123.6838
172	172	-1570.5744	-1573.2415	-1555.6833	-2.6670214	-1567.2111	-1529.2989	-1567.0122
173	173	-1489.2689	-1491.9127	-1438.0507	-2.6438099	-1485.8849	-1411.7857	-1486.4893
174	174	-1685.1273	-1687.7828	-1638.8246	-2.6555261	-1681.8083	-1612.2735	-1682.6113
175	175	-1502.5523	-1505.2458	-1419.4919	-2.6935378	-1499.1613	-1394.4434	-1499.9644
176	176	-1038.8231	-1041.4915	-1011.6196	-2.6684156	-1035.1417	-984.20734	-1035.9446
177	177	-1576.8174	-1579.5188	-1515.6124	-2.7014231	-1573.4777	-1490.5837	-1574.2819
178	178	-1603.1019	-1603.9372	-1502.0211	-0.83533314	-1567.4853	-1477.1179	-1567.4838
179	179	-1766.9018	-1769.5733	-1655.0869	-2.6715192	-1729.5199	-1629.0132	-1728.8292
180	180	-1303.9895	-1306.6358	-1289.6432	-2.6463069	-1300.4788	-1267.0093	-1301.2816
181	181	-1150.7484	-1153.4359	-1081.0363	-2.6874127	-1147.1605	-1055.5053	-1147.9647
182	182	-1813.6607	-1816.6802	-1743.5419	-3.0195888	-1779.9809	-1715.0029	-1775.0231
183	183	-1411.358	-1414.0506	-1337.0724	-2.6926054	-1407.8984	-1311.6309	-1408.7012
184	184	-1668.9373	-1671.6239	-1643.9836	-2.6866003	-1665.6752	-1625.029	-1666.3872
185	185	-1491.7595	-1494.4103	-1409.1307	-2.6507785	-1488.3247	-1383.3854	-1488.7779
186	186	-1229.8785	-1232.5602	-1162.9445	-2.68166	-1226.3481	-1136.5287	-1226.4566
187	187	-902.46731	-905.12228	-834.34049	-2.6549754	-898.6667	-808.41041	-899.46962
188	188	-1547.6387	-1552.6264	-1448.6849	-4.9877598	-1512.2783	-1422.0463	-1511.2457
189	189	-1520.2053	-1522.8601	-1493.1892	-2.6548616	-1516.8213	-1463.8317	-1515.7824
190	190	-1237.855	-1240.5464	-1174.6551	-2.6913391	-1234.3195	-1148.3592	-1234.5826
191	191	-1565.0773	-1567.7469	-1567.7854	-2.6695915	-1561.7128	-1544.1882	-1561.9714
192	192	-1146.4194	-1148.8918	-1022.0408	-2.4724475	-1142.8207	-994.42595	-1142.0277
193	193	-1065.4904	-1067.9629	-1002.2308	-2.4724794	-1061.8283	-974.84103	-1060.8961
194	194	-1855.3562	-1858.0587	-1834.0822	-2.7025599	-1852.1928	-1809.2696	-1852.997
195	195	-1289.1352	-1291.8379	-1197.7973	-2.7027052	-1285.6426	-1171.576	-1286.4456
196	196	-1945.3824	-1948.0501	-1930.6942	-2.6676718	-1942.2226	-1908.599	-1942.9908
197	197	-1186.947	-1189.6232	-1128.4693	-2.6761934	-1183.3858	-1102.0684	-1183.6006
198	198	-1193.0671	-1195.7222	-1067.1155	-2.6551583	-1189.4665	-1040.1857	-1189.3644
199	199	-1272.3611	-1275.0474	-1180.222	-2.6863574	-1268.8604	-1154.8271	-1269.6632
200	200	-1219.1383	-1221.8156	-1093.4771	-2.6772612	-1215.5968	-1068.0425	-1216.4009
201	201	-1869.7956	-1872.4742	-1825.4959	-2.6786794	-1866.5923	-1799.6691	-1866.5202
202	202	-1892.4806	-1894.7879	-1867.5134	-2.3073554	-1889.2726	-1841.602	-1886.1125
203	203	-1892.5848	-1895.2626	-1879.8992	-2.6777963	-1889.432	-1853.1008	-1888.9142
204	204	-1259.2569	-1261.948	-1169.1532	-2.6910836	-1255.7278	-1143.7512	-1256.5311
205	205	-1520.581	-1523.0881	-1472.4147	-2.5071336	-1517.1759	-1448.8164	-1516.6991
206	206	-1538.0987	-1542.1777	-1440.8045	-4.0790206	-1509.1825	-1415.2231	-1509.5986
207	207	-1080.0213	-1082.6739	-1053.489	-2.6526073	-1076.3649	-1026.4865	-1076.1503
208	208	-1409.3483	-1411.9852	-1379.8516	-2.6368665	-1405.8764	-1351.43	-1404.3811
209	209	-2029.7291	-2032.4207	-2025.0982	-2.6916289	-2026.6013	-1999.9891	-2027.4043
210	210	-1215.6741	-1218.3235	-1082.4742	-2.6494184	-1212.1318	-1057.0336	-1212.9345
211	211	-1335.6298	-1338.3337	-1318.5553	-2.7039739	-1332.1699	-1291.081	-1332.4013
212	212	-1128.6212	-1131.2913	-1002.8055	-2.6700801	-1125.0072	-977.21783	-1125.8101
213	213	-1490.31	-1492.9848	-1455.1332	-2.6748252	-1486.8605	-1426.3212	-1486.2681
214	214	-1445.4668	-1448.1209	-1411.9631	-2.6540556	-1442.0245	-1385.1115	-1442.5932
215	215	-1638.579	-1641.062	-1614.203	-2.482982	-1635.2644	-1586.5144	-1634.4295
216	216	-1283.8051	-1286.4858	-1211.4974	-2.6807459	-1280.3051	-1186.1441	-1281.1081
217	217	-1362.8399	-1365.5259	-1284.1149	-2.6860373	-1359.3821	-1258.9516	-1360.185
218	218	-1405.876	-1414.6311	-1292.7674	-8.7551692	-1370.2066	-1267.5753	-1409.3036
219	219	-1577.5828	-1580.3	-1562.2167	-2.7171768	-1574.2212	-1536.6277	-1573.6406
220	220	-1570.8524	-1573.5073	-1553.3925	-2.6549073	-1567.4814	-1526.5813	-1568.2847
221	221	-1753.0769	-1754.3654	-1697.0916	-1.2885357	-1718.232	-1670.6304	-1717.5815
222	222	-1272.2601	-1274.9316	-1255.1081	-2.671472	-1268.743	-1230.0793	-1269.5462
223	223	-1155.3307	-1158.0052	-1079.8805	-2.6745239	-1151.7546	-1054.3502	-1152.5582
224	224	-1846.0993	-1848.7638	-1804.5619	-2.6645008	-1842.9047	-1778.2675	-1843.5061
225	225	-1851.7702	-1854.4487	-1797.9518	-2.678505	-1848.5929	-1772.2884	-1848.9228
226	226	-1107.8269	-1110.4804	-1022.18	-2.6535012	-1104.18	-996.56375	-1104.9833
227	227	-1727.5379	-1730.0266	-1681.1134	-2.4886899	-1724.2315	-1653.7527	-1723.2536
228	228	-1508.5144	-1511.1748	-1506.9833	-2.6603408	-1505.1186	-1486.4019	-1504.1352
229	229	-1577.5115	-1579.9281	-1554.0835	-2.4165692	-1574.1434	-1524.4661	-1573.0045
230	230	-1451.866	-1454.5528	-1392.3337	-2.6867521	-1448.454	-1367.242	-1449.257
231	231	-1748.5608	-1751.1764	-1749.0496	-2.6155649	-1745.29	-1726.4749	-1743.4981
232	232	-2130.2719	-2133.2311	-2040.5658	-2.9592085	-2094.8707	-2015.8969	-2095.3297
233	233	-1318.154	-1320.8229	-1277.1582	-2.6688965	-1314.6443	-1251.0764	-1314.8521
234	234	-1224.8743	-1226.9279	-1081.5908	-2.0535901	-1188.5183	-1054.6486	-1187.2287
235	235	-1759.2156	-1761.8837	-1697.3487	-2.6680596	-1755.9709	-1672.1195	-1756.774
236	236	-1243.2174	-1245.8878	-1235.2204	-2.6704013	-1239.6886	-1212.6515	-1240.1262
237	237	-2064.451	-2067.3554	-2042.7271	-2.904398	-2061.3332	-2013.9125	-2061.2004
238	238	-1658.4804	-1660.5478	-1658.3972	-2.0674455	-1655.2004	-1634.5704	-1652.6195
239	239	-2041.1245	-2043.7836	-1990.5242	-2.6590586	-2022.481	-1965.6446	-2038.5312
240	240	-1107.5486	-1110.2292	-1045.6053	-2.6806278	-1103.9032	-1018.8779	-1104.0107
241	241	-1477.7177	-1480.6476	-1463.724	-2.9298911	-1474.3166	-1433.6319	-1472.4815
242	242	-1028.4461	-1030.8444	-905.31268	-2.3983111	-1024.7182	-877.5039	-1023.6266
243	243	-1026.8392	-1029.5122	-932.35465	-2.6729101	-1023.1363	-906.61715	-1023.9398
244	244	-1870.8759	-1873.5573	-1804.1103	-2.6813512	-1867.6914	-1779.8298	-1868.4932
245	245	-1793.8015	-1795.7934	-1729.3565	-1.9918482	-1756.6556	-1703.4445	-1756.7472
246	246	-1527.307	-1529.9861	-1455.2226	-2.67905	-1523.9095	-1429.3026	-1524.7129
247	247	-2111.5576	-2114.2098	-2079.8611	-2.6521762	-2108.4851	-2055.0963	-2109.2855
248	248	-1624.5666	-1627.2502	-1546.8519	-2.6836098	-1621.2109	-1520.7404	-1621.3145
249	249	-1603.3114	-1605.9787	-1565.4027	-2.6672839	-1599.9494	-1541.8735	-1599.4911
250	250	-1663.7982	-1666.4488	-1619.0828	-2.6505289	-1660.5	-1592.4786	-1660.4983
251	251	-1487.4931	-1489.9963	-1438.5779	-2.5032712	-1484.0757	-1411.7126	-1483.1379
252	252	-1220.426	-1223.0961	-1167.6095	-2.6700271	-1216.8524	-1140.8157	-1217.6552
253	253	-1426.4425	-1428.8697	-1340.3685	-2.4272464	-1422.9786	-1313.1298	-1421.7784
254	254	-1471.2858	-1473.9949	-1472.3898	-2.7091049	-1467.8747	-1447.8372	-1468.4649
255	255	-1573.4092	-1576.1064	-1564.9131	-2.6972355	-1570.0708	-1537.9123	-1569.4473
256	256	-1951.3868	-1954.0676	-1914.3119	-2.6807789	-1948.249	-1888.5217	-1949.0522
257	257	-1845.879	-1847.8094	-1780.1578	-1.9303125	-1809.1647	-1755.4032	-1810.0267
258	258	-1479.9454	-1482.6387	-1449.337	-2.6932683	-1476.5325	-1426.7304	-1476.9996
259	259	-1449.4675	-1452.2883	-1360.088	-2.8207491	-1413.7967	-1334.3831	-1413.5548
260	260	-1506.8725	-1507.9531	-1429.125	-1.0806136	-1468.4173	-1403.9499	-1468.3246
261	261	-1372.3523	-1374.9296	-1299.0412	-2.5773491	-1368.8684	-1270.8252	-1367.3974
262	262	-1179.3525	-1182.0087	-1029.7393	-2.6561833	-1175.7403	-1000.1791	-1175.7073
263	263	-1101.2436	-1103.9074	-1086.5189	-2.6637349	-1097.6406	-1060.6366	-1097.4658
264	264	-1414.7342	-1417.3511	-1328.8586	-2.6169112	-1411.24	-1301.9687	-1411.6252
265	265	-1254.6776	-1257.3208	-1224.3686	-2.6431409	-1251.1589	-1201.3142	-1251.9635
266	266	-1807.0254	-1812.6006	-1752.3616	-5.5751927	-1770.4677	-1725.995	-1806.4154
267	267	-1020.4299	-1023.0942	-950.34595	-2.6642712	-1016.6975	-921.30342	-1015.6382
268	268	-1175.3564	-1177.5994	-1029.4546	-2.2429489	-1139.6218	-1003.0968	-1138.6656
269	269	-1674.6713	-1677.1901	-1598.7166	-2.5187879	-1671.3669	-1572.5257	-1671.0461
270	270	-1541.1952	-1543.8797	-1458.5777	-2.6844583	-1537.8331	-1433.5612	-1538.6387
271	271	-1308.1693	-1310.8564	-1297.3564	-2.6870874	-1304.6824	-1266.3918	-1305.0048
272	272	-1390.8679	-1393.5606	-1362.811	-2.6927114	-1387.4027	-1336.5877	-1387.5421
273	273	-1620.4216	-1623.0635	-1569.4981	-2.6419325	-1617.0527	-1543.2082	-1617.1207
274	274	-1235.9465	-1238.6476	-1174.492	-2.7011604	-1232.3908	-1148.0831	-1232.4978
275	275	-1484.4615	-1487.1394	-1458.8492	-2.6779421	-1481.0542	-1430.8583	-1480.9578
276	276	-1488.1032	-1490.7464	-1418.3854	-2.64325	-1484.6835	-1392.7032	-1485.1452
277	277	-1268.1678	-1270.8785	-1117.8588	-2.7107112	-1264.6644	-1091.3349	-1264.7885
278	278	-1312.1521	-1313.5613	-1189.3587	-1.4092054	-1274.8802	-1164.1212	-1275.6966
279	279	-1443.1898	-1445.8667	-1420.1795	-2.6769443	-1439.7348	-1389.8714	-1439.8718
280	280	-1111.5539	-1114.1982	-1056.0539	-2.6442853	-1107.9323	-1029.441	-1108.0478
281	281	-1282.4363	-1285.0851	-1209.0132	-2.6487324	-1278.8797	-1183.597	-1279.6826
282	282	-1293.7391	-1296.4375	-1274.4495	-2.6983604	-1290.2292	-1246.9472	-1289.7986
283	283	-1271.6286	-1274.2647	-1237.4221	-2.6361403	-1268.0698	-1210.1312	-1267.9821
284	284	-1551.212	-1553.8921	-1483.8864	-2.6800206	-1547.8449	-1458.3231	-1548.3335
285	285	-1272.2405	-1274.9551	-1200.3577	-2.714579	-1268.743	-1174.1893	-1269.0426
286	286	-1566.8866	-1569.5294	-1515.1747	-2.6428362	-1563.5487	-1488.1541	-1563.636
287	287	-1319.2494	-1321.8873	-1256.3212	-2.6378728	-1315.7211	-1230.1062	-1316.0267
288	288	-952.82362	-955.51693	-894.55368	-2.6933146	-949.06491	-867.26967	-949.86776
289	289	-1454.0215	-1456.6842	-1406.472	-2.6627566	-1450.5856	-1381.3138	-1451.3885
290	290	-1343.6847	-1346.1878	-1332.2693	-2.503101	-1340.2285	-1305.9264	-1339.6354
291	291	-1518.5439	-1518.0486	-1404.9929	0.4953656	-1480.4265	-1377.7426	-1478.1914
292	292	-1243.726	-1246.4135	-1180.1411	-2.6875286	-1240.2057	-1153.6685	-1240.4342
293	293	-1347.3678	-1350.0339	-1265.9453	-2.666117	-1343.8969	-1240.7334	-1344.7006
294	294	-1071.8008	-1074.5091	-1025.528	-2.7083788	-1068.1677	-1000.2351	-1068.9707
295	295	-1569.1229	-1571.7958	-1514.508	-2.6728587	-1565.7525	-1487.6972	-1566.0645
296	296	-1692.9104	-1695.6015	-1679.7707	-2.691081	-1689.6483	-1656.4867	-1690.0065
297	297	-1294.7647	-1297.4623	-1246.8417	-2.6976036	-1291.2004	-1221.4425	-1292.0035
298	298	-1373.3299	-1375.837	-1327.9202	-2.5070457	-1369.8504	-1300.3552	-1369.0492
299	299	-1674.6844	-1677.2224	-1533.805	-2.5379115	-1637.6544	-1508.9311	-1638.4792
300	300	-1096.5163	-1099.1665	-1031.1978	-2.6501391	-1092.8884	-1005.631	-1093.6915
301	301	-1685.715	-1690.6404	-1582.4719	-4.9253487	-1646.2572	-1555.2029	-1684.9356
302	302	-1589.6307	-1592.0862	-1504.4687	-2.4554781	-1554.6743	-1479.5165	-1555.4779
303	303	-1517.2135	-1519.7296	-1458.1171	-2.5161191	-1513.8277	-1430.3548	-1513.3581
304	304	-1090.5501	-1093.2098	-1040.6624	-2.6597527	-1086.9033	-1017.7533	-1087.7062
305	305	-1258.3326	-1260.9698	-1110.1568	-2.6371526	-1222.0936	-1083.1979	-1219.6523
306	306	-1360.2433	-1362.8953	-1363.1991	-2.652031	-1356.7995	-1343.0279	-1355.4344
307	307	-1247.763	-1250.4261	-1221.0785	-2.6630479	-1244.2461	-1194.204	-1244.3991
308	308	-1450.6845	-1453.2154	-1340.396	-2.5309012	-1415.3232	-1315.2641	-1416.131
309	309	-1298.0264	-1300.7178	-1239.6687	-2.6914187	-1294.5158	-1214.2774	-1295.3186
310	310	-1205.1902	-1207.8543	-1163.3193	-2.6640145	-1201.6181	-1133.3937	-1202.4218
311	311	-1526.8026	-1525.9124	-1398.7832	0.89022582	-1487.9169	-1372.1107	-1487.9065
312	312	-1101.1764	-1103.8476	-1045.5095	-2.6712076	-1097.5405	-1019.9386	-1098.3434
313	313	-1407.5277	-1410.2114	-1351.6693	-2.6837331	-1404.0988	-1328.7842	-1404.2916
314	314	-1759.5977	-1762.4765	-1639.6935	-2.8788096	-1723.4931	-1614.9257	-1724.3157
315	315	-1472.1965	-1474.8801	-1445.0974	-2.683644	-1468.7513	-1419.2365	-1468.9071
316	316	-985.41031	-988.05564	-911.02015	-2.6453289	-981.67798	-885.23187	-982.4823
317	317	-1624.0709	-1627.0385	-1522.8951	-2.9675232	-1588.089	-1497.9981	-1588.9146
318	318	-1415.8618	-1418.5435	-1336.7356	-2.681655	-1412.4078	-1310.9848	-1412.8507
319	319	-1587.0709	-1589.7388	-1549.6674	-2.6679812	-1583.7239	-1524.3128	-1584.2513
320	320	-1345.4522	-1347.9972	-1306.431	-2.5450415	-1341.9534	-1280.1105	-1340.8489
321	321	-1350.5668	-1352.1118	-1278.6445	-1.5450201	-1347.0562	-1251.1669	-1344.318
322	322	-1396.76	-1399.4642	-1335.239	-2.7041704	-1393.3093	-1310.0227	-1394.1128
323	323	-1708.2544	-1710.5327	-1627.3443	-2.278279	-1673.7418	-1602.4908	-1674.9418
324	324	-1695.8211	-1698.292	-1666.3239	-2.4708571	-1692.5265	-1639.4686	-1691.596
325	325	-1330.4002	-1331.0487	-1243.578	-0.64846087	-1301.9669	-1216.0601	-1325.0415
326	326	-2030.3161	-2033.015	-1987.5496	-2.6988432	-2000.3098	-1962.5325	-2001.2438
327	327	-1588.5463	-1591.2314	-1530.2942	-2.6851804	-1585.1765	-1503.2058	-1585.9792
328	328	-1394.129	-1396.7742	-1328.8509	-2.6451775	-1390.647	-1303.6462	-1391.45
329	329	-1263.1733	-1265.8593	-1203.819	-2.6860713	-1259.6469	-1176.5939	-1259.4818
330	330	-1355.4553	-1358.1794	-1290.8559	-2.7240785	-1352.0007	-1264.8204	-1352.212
331	331	-1315.7109	-1318.4009	-1243.0928	-2.6900356	-1312.2157	-1218.1125	-1313.0186
332	332	-1702.9459	-1705.6402	-1700.7173	-2.6942486	-1699.6752	-1676.4852	-1700.0046
333	333	-1417.2441	-1419.7661	-1329.8115	-2.5219707	-1413.8202	-1303.2317	-1413.3597
334	334	-1576.7871	-1579.4348	-1512.6798	-2.6476592	-1573.4086	-1484.7621	-1572.3996
335	335	-1710.4256	-1713.1075	-1677.218	-2.6818323	-1707.1475	-1647.6489	-1706.3151
336	336	-1071.1784	-1073.8491	-1021.1001	-2.6706939	-1067.5219	-994.34636	-1067.9436
337	337	-1320.4124	-1323.0329	-1275.0186	-2.6205234	-1316.9115	-1248.768	-1317.7144
338	338	-2234.4003	-2236.9221	-2206.2596	-2.5217887	-2231.3474	-2179.3398	-2229.0987
339	339	-1153.2879	-1155.9458	-1063.0713	-2.6579113	-1149.6888	-1036.2543	-1149.5732
340	340	-1536.3267	-1539.4297	-1393.3293	-3.1029884	-1500.9815	-1368.3282	-1501.7958
341	341	-1311.26	-1313.9587	-1248.7442	-2.6986717	-1307.7645	-1220.6681	-1307.9517
342	342	-1381.2937	-1383.9673	-1347.4852	-2.6736389	-1377.8348	-1322.2656	-1378.6384
343	343	-1194.2236	-1211.5921	-1075.3953	-17.36845	-1157.1131	-1048.8895	-1205.5906
344	344	-2077.3237	-2079.7184	-1994.4259	-2.3947446	-2041.0331	-1969.8302	-2041.7069
345	345	-1119.734	-1122.4136	-1065.8175	-2.6795749	-1116.0885	-1038.9255	-1115.9007
346	346	-1887.5609	-1889.9634	-1866.6879	-2.4024365	-1884.4051	-1838.0555	-1882.8283
347	347	-1798.6633	-1801.3358	-1784.4013	-2.6725226	-1795.4159	-1761.0955	-1795.8352
348	348	-1679.6871	-1682.3688	-1591.5969	-2.6816605	-1676.3748	-1566.7225	-1677.1775
349	349	-1249.9068	-1252.5448	-1186.1298	-2.6380354	-1246.4002	-1160.7986	-1247.2037
350	350	-1599.4557	-1602.1398	-1533.3836	-2.6840599	-1596.1082	-1507.8654	-1596.742
351	351	-2113.5027	-2116.152	-2115.3332	-2.649285	-2110.42	-2093.2836	-2109.7165
352	352	-1637.631	-1638.8852	-1526.1722	-1.2542695	-1601.2798	-1500.7102	-1601.2281
353	353	-1924.47	-1922.6173	-1845.284	1.8527429	-1884.9409	-1818.7979	-1885.7955
354	354	-1792.8963	-1795.5907	-1797.4098	-2.6943573	-1789.6738	-1775.4577	-1790.2231
355	355	-1364.2047	-1366.8433	-1306.5919	-2.6385581	-1360.6919	-1281.3206	-1361.4947
356	356	-1430.4739	-1433.1626	-1322.196	-2.6887305	-1427.0398	-1297.0444	-1427.8431
357	357	-1275.4689	-1277.9883	-1245.5096	-2.5193977	-1271.9713	-1217.9944	-1268.8579
358	358	-1586.9569	-1589.9646	-1505.2778	-3.0076764	-1550.6406	-1478.5967	-1551.4587
359	359	-1294.5654	-1297.2307	-1173.1171	-2.6653642	-1291.0705	-1148.6737	-1291.2041
360	360	-1197.8012	-1200.4398	-1180.3685	-2.6385712	-1194.2455	-1153.1649	-1194.325
361	361	-1255.8221	-1258.3715	-1152.5742	-2.5493304	-1219.4918	-1127.2271	-1220.2955
362	362	-1182.5365	-1185.2312	-1113.6295	-2.6946775	-1179.022	-1087.1673	-1179.0839
363	363	-1143.5816	-1146.2453	-1118.053	-2.6636519	-1139.9984	-1098.2894	-1140.8023
364	364	-1394.6709	-1397.3412	-1288.4709	-2.67024	-1391.2147	-1262.6866	-1391.61
365	365	-1263.462	-1266.1044	-1199.7511	-2.6423897	-1259.9318	-1174.4161	-1260.7353
366	366	-1492.5095	-1495.1693	-1405.2709	-2.6598237	-1489.0655	-1377.6405	-1488.4315
367	367	-1552.0422	-1556.4342	-1472.4842	-4.3919425	-1548.6847	-1448.1106	-1515.5349
368	368	-1460.8983	-1463.4203	-1439.6458	-2.5219523	-1457.4672	-1412.7904	-1456.9386
369	369	-1961.9868	-1964.0063	-1916.1022	-2.0195042	-1958.8252	-1887.956	-1957.3789
370	370	-1578.812	-1581.4943	-1524.0211	-2.6822519	-1575.4489	-1496.5661	-1574.5792
371	371	-1382.4793	-1385.1531	-1324.9344	-2.6737951	-1379.0211	-1299.7558	-1379.8241
372	372	-1524.8429	-1527.5077	-1462.0878	-2.6647769	-1521.4148	-1436.9739	-1522.2179
373	373	-1328.3202	-1330.9345	-1215.9004	-2.6142593	-1324.8119	-1189.563	-1286.7226
374	374	-1306.6348	-1309.3245	-1257.0322	-2.6896637	-1303.1524	-1234.3733	-1303.9557
375	375	-1283.0677	-1285.7479	-1173.0592	-2.680188	-1279.5281	-1147.7023	-1280.3313
376	376	-1337.9811	-1340.5342	-1304.3215	-2.5531169	-1334.4699	-1274.6881	-1331.4387
377	377	-1181.06	-1183.798	-1172.9433	-2.7379801	-1177.4677	-1146.0836	-1177.0347
378	378	-1310.4241	-1312.9142	-1274.9487	-2.4900933	-1306.904	-1244.8895	-1305.6376
379	379	-960.46496	-963.12371	-902.43681	-2.6587459	-956.70572	-879.06591	-957.5106
380	380	-1292.7995	-1295.4616	-1197.5345	-2.6620855	-1289.2717	-1172.1786	-1290.0746
381	381	-1153.1952	-1155.689	-1017.7701	-2.4938677	-1117.1626	-992.20553	-1117.9704
382	382	-1197.0016	-1199.6851	-1146.5343	-2.6834919	-1193.4323	-1118.1339	-1192.5706
383	383	-1251.7963	-1254.4675	-1117.1618	-2.671282	-1216.362	-1091.7939	-1217.1683
384	384	-1502.069	-1504.7269	-1451.8598	-2.657919	-1498.6456	-1427.1607	-1499.4485
385	385	-1494.1642	-1496.874	-1405.8316	-2.7098748	-1490.7745	-1381.0693	-1491.5774
386	386	-1570.3854	-1572.8161	-1566.748	-2.4306926	-1567.0506	-1543.4239	-1566.1358
387	387	-1565.0609	-1567.7312	-1479.1207	-2.6702637	-1561.6707	-1454.1184	-1562.4735
388	388	-994.20968	-996.86924	-878.3377	-2.6595602	-990.46153	-850.66003	-990.1144
389	389	-1725.9912	-1728.6421	-1716.2995	-2.6509136	-1722.7094	-1692.9065	-1723.2819
390	390	-1555.9201	-1558.5741	-1495.2102	-2.6539237	-1552.5455	-1470.4485	-1553.3485
391	391	-1015.6166	-1018.2645	-885.91766	-2.6479466	-1011.9071	-858.3424	-1011.7454
392	392	-1379.8809	-1382.5532	-1341.4825	-2.6722695	-1376.4025	-1315.2905	-1376.8182
393	393	-1289.5421	-1292.1972	-1239.4383	-2.6550852	-1286.0253	-1212.0609	-1286.8284
394	394	-1112.6084	-1115.3092	-1077.2773	-2.7007694	-1109.0269	-1053.3329	-1109.8304
395	395	-1333.1758	-1335.8382	-1292.7393	-2.6624711	-1329.7037	-1267.4637	-1330.5075
396	396	-1164.343	-1166.7288	-1164.6643	-2.3857897	-1160.7638	-1136.5318	-1157.3344
397	397	-1187.7451	-1190.4236	-1100.3605	-2.6784995	-1184.1732	-1074.9275	-1184.9766
398	398	-1508.913	-1511.5851	-1489.68	-2.6720415	-1505.5404	-1463.6882	-1505.755
399	399	-1302.0019	-1304.7297	-1200.9347	-2.7278462	-1298.5102	-1175.6373	-1299.3132
400	400	-1616.6867	-1619.3073	-1547.0842	-2.6205925	-1613.3042	-1521.8878	-1614.107
401	401	-1244.584	-1247.2687	-1211.461	-2.6847063	-1241.0941	-1183.4946	-1239.9487
402	402	-797.15359	-799.85756	-781.90943	-2.7039624	-793.21269	-760.74393	-794.01596
403	403	-1721.8402	-1724.3515	-1698.5393	-2.5113608	-1718.5893	-1672.8554	-1717.5822
404	404	-1048.5194	-1051.2135	-877.63901	-2.6941748	-1044.831	-851.69663	-1045.634
405	405	-1394.3166	-1396.9548	-1330.8907	-2.6381684	-1390.8253	-1304.7994	-1390.9503
406	406	-1363.8675	-1366.5617	-1238.1446	-2.694191	-1360.3706	-1212.877	-1361.1743
407	407	-1237.4854	-1239.9966	-1213.1637	-2.5111633	-1233.9714	-1186.3657	-1233.2055
408	408	-2392.8066	-2400.5048	-2351.7474	-7.6981634	-2360.2006	-2322.889	-2356.0903
409	409	-1649.9397	-1652.9062	-1584.377	-2.9664736	-1646.6324	-1559.472	-1623.7929
410	410	-1516.7477	-1519.3994	-1490.6183	-2.6517235	-1513.3488	-1465.4367	-1513.8219
411	411	-1341.5819	-1339.2428	-1277.9567	2.3390957	-1313.2537	-1251.5611	-1333.1499
412	412	-1110.1826	-1112.8619	-971.70103	-2.6792565	-1106.5486	-945.99962	-1107.3517
413	413	-1959.8965	-1962.6042	-1917.5093	-2.7077176	-1956.7541	-1892.9867	-1957.2551
414	414	-1372.25	-1374.716	-1234.0996	-2.4659321	-1335.3629	-1208.8982	-1336.1839
415	415	-2088.9699	-2091.655	-2085.0951	-2.6851268	-2085.9006	-2061.617	-2085.8513
416	416	-1715.6642	-1718.1409	-1593.2566	-2.476676	-1712.3512	-1564.8091	-1710.3564
417	417	-1646.1843	-1649.0779	-1563.6514	-2.8936325	-1609.6838	-1538.7409	-1610.4523
418	418	-1715.6924	-1718.228	-1676.8469	-2.5355545	-1712.3939	-1650.4303	-1712.002
419	419	-1432.193	-1434.6561	-1314.3758	-2.4630885	-1396.4241	-1289.1942	-1397.2286
420	420	-1335.077	-1338.6119	-1212.3031	-3.5348634	-1331.5781	-1186.0451	-1298.6166
421	421	-1174.51	-1176.8251	-1025.2068	-2.3150411	-1138.6713	-999.68577	-1139.2995
422	422	-1938.9086	-1941.5714	-1943.4025	-2.6628133	-1935.0112	-1921.4729	-1935.1066
423	423	-1234.4496	-1237.1092	-1171.5733	-2.6595333	-1230.9089	-1141.16	-1230.1446
424	424	-1460.868	-1463.5574	-1415.0013	-2.6893971	-1457.3904	-1385.7907	-1456.5115
425	425	-1465.159	-1467.856	-1455.6769	-2.6969989	-1461.7373	-1432.7041	-1462.3167
426	426	-1547.263	-1549.9377	-1484.3113	-2.6747133	-1543.9097	-1458.0676	-1543.237
427	427	-1807.0171	-1809.6878	-1784.4951	-2.6706874	-1803.779	-1755.764	-1803.8876
428	428	-1876.8942	-1882.5726	-1790.7753	-5.6784171	-1873.7066	-1764.894	-1846.2061
429	429	-1530.7239	-1533.3733	-1492.5974	-2.6493955	-1527.368	-1467.1528	-1528.0161
430	430	-1361.9323	-1364.3539	-1239.4419	-2.4216434	-1323.7575	-1214.2115	-1324.5615
431	431	-1648.3103	-1650.8462	-1590.1615	-2.5358906	-1645.016	-1563.9997	-1644.6846
432	432	-1306.2822	-1309.0114	-1223.809	-2.7291762	-1302.793	-1198.4576	-1303.5961
433	433	-1339.5331	-1342.2414	-1294.0489	-2.7082712	-1336.0673	-1266.6793	-1336.3967
434	434	-1411.7258	-1414.432	-1348.9705	-2.7062203	-1408.2856	-1325.0668	-1409.0891
435	435	-1505.82	-1508.3991	-1479.1957	-2.5791485	-1502.4422	-1449.1443	-1501.1501
436	436	-1515.0248	-1517.9709	-1409.6642	-2.9460544	-1479.0381	-1384.6672	-1479.8421
437	437	-1291.2536	-1293.9348	-1241.6956	-2.6811429	-1287.7115	-1216.3391	-1288.5145
438	438	-1325.664	-1328.3353	-1273.5133	-2.6713326	-1322.1979	-1246.0325	-1321.903
439	439	-1113.8269	-1116.4858	-1018.2397	-2.6588383	-1110.1854	-992.62764	-1110.9883
440	440	-1298.7379	-1301.2635	-1268.9981	-2.5255887	-1295.226	-1240.6143	-1292.7329
441	441	-1588.7922	-1591.4629	-1528.2818	-2.6707544	-1585.4457	-1503.0686	-1585.9907
442	442	-1451.5474	-1456.7088	-1330.6029	-5.1614161	-1415.687	-1304.8929	-1416.0257
443	443	-1394.4904	-1390.3352	-1289.0863	4.1552418	-1352.0667	-1263.8861	-1352.8721
444	444	-1388.9936	-1391.6771	-1352.3729	-2.6835649	-1385.5238	-1321.6527	-1386.3271
445	445	-1625.4609	-1627.9732	-1468.9218	-2.5123093	-1587.2344	-1444.0438	-1588.052
446	446	-1272.623	-1275.239	-1194.6991	-2.6159589	-1269.026	-1168.5565	-1269.1039
447	447	-1345.1355	-1347.8103	-1304.4454	-2.674847	-1341.6269	-1278.0477	-1342.4301
448	448	-1787.3156	-1790.1007	-1704.5442	-2.7850834	-1784.0791	-1678.6777	-1750.5801
449	449	-932.15471	-934.80302	-841.91541	-2.6483129	-928.32324	-815.89139	-929.12628
450	450	-1352.5706	-1355.2351	-1311.9762	-2.6645085	-1349.0677	-1286.8767	-1349.5661
451	451	-1412.9556	-1420.1007	-1315.2577	-7.1451255	-1409.4974	-1290.1199	-1386.6866
452	452	-1250.9078	-1253.5904	-1161.1505	-2.6825423	-1247.3506	-1135.7932	-1248.155
453	453	-1257.4259	-1260.0949	-1153.1704	-2.6690701	-1253.8906	-1127.7564	-1254.5038
454	454	-1702.4946	-1705.1837	-1692.9354	-2.6891716	-1699.2195	-1667.6114	-1698.4656
455	455	-1575.5822	-1578.2628	-1526.797	-2.6805742	-1572.239	-1500.4333	-1572.354
456	456	-1230.0282	-1232.7468	-1139.0281	-2.7186257	-1226.4931	-1113.5917	-1227.2959
457	457	-1964.5588	-1967.2096	-1968.699	-2.6507931	-1961.4053	-1943.0914	-1962.0605
458	458	-1919.4571	-1922.149	-1885.3087	-2.6919906	-1916.2947	-1859.9907	-1908.5404
459	459	-1249.0804	-1251.8319	-1195.0515	-2.7514819	-1245.5639	-1168.6697	-1245.6769
460	460	-1459.5306	-1461.2586	-1374.1017	-1.7280081	-1429.6238	-1348.9015	-1430.4469
461	461	-1124.3501	-1126.8767	-978.66521	-2.5265876	-1089.1153	-952.94254	-1089.9189
462	462	-987.96466	-990.6624	-830.9329	-2.6977444	-984.24742	-804.86124	-985.05058
463	463	-1577.8827	-1590.092	-1467.0393	-12.209343	-1541.6738	-1439.2722	-1539.6248
464	464	-980.11625	-982.77659	-929.5783	-2.6603314	-976.38201	-903.393	-977.18586
465	465	-1566.9861	-1569.4673	-1428.0576	-2.4812046	-1530.3989	-1403.0439	-1531.234
466	466	-1843.1705	-1845.8648	-1838.3473	-2.6943321	-1839.9647	-1812.1385	-1840.6411
467	467	-1098.3216	-1100.9938	-982.17628	-2.6722436	-1094.6676	-956.53007	-1095.471
468	468	-1461.6385	-1464.317	-1438.3923	-2.6785353	-1458.2423	-1411.63	-1458.2943
469	469	-1588.0759	-1590.7655	-1542.9205	-2.6896006	-1584.742	-1517.8853	-1585.5448
470	470	-1039.1764	-1041.8326	-1010.6027	-2.6562169	-1035.5102	-984.54052	-1036.3133
471	471	-1602.1816	-1604.825	-1551.2914	-2.6434233	-1598.8321	-1526.2658	-1599.6359
472	472	-1249.2247	-1251.9201	-1162.5097	-2.6953815	-1245.6736	-1136.1389	-1245.8999
473	473	-978.6762	-981.37114	-845.69763	-2.6949458	-974.93921	-818.02237	-974.88053
474	474	-1531.5391	-1534.2541	-1456.3966	-2.7149733	-1528.1685	-1431.3561	-1528.9713
475	475	-1471.3738	-1474.0472	-1454.861	-2.6734074	-1467.9659	-1426.9592	-1468.4995
476	476	-2186.0662	-2189.9005	-2134.2414	-3.8343609	-2145.1159	-2109.4312	-2146.0527
477	477	-1454.341	-1457.0364	-1394.0873	-2.6953411	-1450.9264	-1367.9565	-1451.1085
478	478	-1243.2838	-1245.9652	-1145.107	-2.6814326	-1239.7282	-1119.6613	-1240.5315
479	479	-1436.9342	-1439.5829	-1341.6391	-2.648723	-1433.4684	-1315.8645	-1434.2729
480	480	-1449.7605	-1452.4506	-1356.908	-2.6900793	-1446.3208	-1331.8044	-1447.1243
481	481	-1396.6535	-1399.2655	-1379.179	-2.6119884	-1393.1844	-1351.4212	-1391.1866
482	482	-1108.9619	-1111.627	-1035.3215	-2.6651081	-1105.3201	-1009.3131	-1106.1239
483	483	-1587.6002	-1590.2624	-1592.0884	-2.6621346	-1584.2482	-1573.1816	-1585.0524
484	484	-1508.7028	-1511.6234	-1410.4009	-2.9205038	-1471.8242	-1384.9996	-1471.8655
485	485	-1390.4598	-1393.0923	-1350.5241	-2.6324122	-1386.9709	-1326.4291	-1387.7737
486	486	-1013.7621	-1016.4332	-953.22728	-2.6710538	-1010.0417	-927.14471	-1010.8447
487	487	-1482.8838	-1485.5403	-1368.3756	-2.6564828	-1479.4554	-1343.2817	-1480.2583
488	488	-1354.0607	-1356.5633	-1306.9018	-2.5025695	-1350.5915	-1280.275	-1349.97
489	489	-1513.8205	-1516.2848	-1436.456	-2.4642626	-1510.4349	-1408.0585	-1509.4074
490	490	-1119.1578	-1121.805	-1048.3701	-2.6471844	-1115.5368	-1022.7867	-1116.34
491	491	-1405.9707	-1408.6344	-1358.3496	-2.6636871	-1402.512	-1329.9664	-1402.9247
492	492	-1559.0151	-1568.0936	-1441.0662	-9.0785048	-1522.5371	-1415.5664	-1522.4356
493	493	-1520.0831	-1522.7626	-1455.5504	-2.6794742	-1516.7006	-1429.358	-1516.7721
494	494	-1406.0137	-1408.7431	-1396.6558	-2.7294194	-1402.5699	-1371.2324	-1402.9836
495	495	-1186.986	-1189.6689	-1128.7995	-2.6829017	-1183.3964	-1103.2734	-1184.1993
496	496	-1380.2559	-1382.9409	-1356.7038	-2.6849859	-1376.7703	-1327.6594	-1376.8355
497	497	-1675.1929	-1677.6798	-1577.8535	-2.4869019	-1639.5367	-1552.6386	-1639.4515
498	498	-1605.4887	-1608.1476	-1561.1081	-2.6588598	-1602.1769	-1535.9889	-1602.6109
499	499	-1430.1947	-1432.5331	-1371.1982	-2.3384631	-1426.7399	-1344.9306	-1425.3551
