No.	ID	loglik_NUll	loglik_RES	loglik_all	log_ratio	loglik_Max1	loglik_Max2	loglik_Max3
0	0	-1116.849	-1054.5436	-1060.2402	62.30532	-1098.1104	-1047.6658	-1047.6645
1	1	-1598.9318	-1537.41	-1541.8573	61.521851	-1579.7714	-1526.3861	-1530.9846
2	2	-1848.2022	-1831.2881	-1837.5283	16.914092	-1845.0005	-1824.5554	-1825.434
3	3	-1430.0529	-1374.0696	-1379.7702	55.983333	-1411.1387	-1367.5365	-1367.5359
4	4	-963.14519	-889.18669	-894.86828	73.9585	-943.23865	-882.09525	-882.09506
5	5	-1409.7461	-1391.2665	-1396.9238	18.479567	-1392.0511	-1384.5255	-1384.5257
6	6	-1290.7103	-1258.6446	-1264.3846	32.065664	-1287.2128	-1251.5979	-1251.6934
7	7	-1028.8632	-987.90385	-993.81489	40.959339	-1025.1639	-979.974	-980.07158
8	8	-928.7458	-907.96525	-912.5048	20.780544	-924.94892	-896.08328	-900.68961
9	9	-1430.9836	-1410.7756	-1416.8308	20.208042	-1427.5368	-1403.5764	-1404.1619
10	10	-1309.3565	-1285.9329	-1291.8122	23.42357	-1305.816	-1278.9998	-1278.334
11	11	-1555.8557	-1530.7764	-1536.5403	25.079362	-1552.4817	-1523.8498	-1523.8279
12	12	-1518.1615	-1473.628	-1479.2264	44.533459	-1499.5915	-1467.0949	-1467.0946
13	13	-1378.3499	-1335.5917	-1341.2576	42.758142	-1363.5389	-1328.9071	-1328.906
14	14	-1198.0866	-1122.6413	-1128.3581	75.445283	-1177.3665	-1115.8753	-1115.877
15	15	-1248.2483	-1182.3345	-1188.2567	65.913873	-1226.2682	-1175.3453	-1175.3386
16	16	-1337.098	-1279.5386	-1285.2306	57.559463	-1333.5903	-1272.1893	-1272.8449
17	17	-1470.027	-1408.5703	-1414.2427	61.456664	-1450.5155	-1402.0709	-1402.0725
18	18	-1143.4532	-1102.1323	-1107.435	41.320874	-1139.8159	-1090.4929	-1095.172
19	19	-1542.2441	-1496.8121	-1502.5262	45.432031	-1524.3558	-1490.3112	-1490.3102
20	20	-1158.2429	-1106.6257	-1112.5475	51.617248	-1143.1483	-1099.4811	-1099.4748
21	21	-1731.1138	-1669.7525	-1675.4016	61.361317	-1712.2988	-1663.376	-1663.3758
22	22	-1473.1277	-1391.388	-1397.3596	81.739701	-1454.2943	-1384.4008	-1384.3349
23	23	-1478.3794	-1444.9414	-1450.6114	33.437981	-1474.9375	-1438.3009	-1438.3026
24	24	-1310.9641	-1258.6927	-1264.3963	52.271462	-1292.0863	-1252.0609	-1252.0613
25	25	-920.8709	-850.89681	-856.58381	69.974086	-901.19811	-843.68972	-843.68949
26	26	-1569.4871	-1560.2119	-1566.0595	9.2752356	-1566.1191	-1551.2072	-1552.989
27	27	-692.66853	-610.92216	-616.86363	81.746372	-672.75227	-602.7793	-602.77991
28	28	-1153.6549	-1074.6522	-1080.3327	79.002689	-1134.498	-1067.7986	-1067.8006
29	29	-922.36037	-905.57637	-911.24262	16.784004	-918.52105	-894.75568	-898.1352
30	30	-1697.7137	-1671.435	-1677.0484	26.278774	-1678.0565	-1662.6671	-1665.0244
31	31	-1316.8526	-1268.0482	-1273.7484	48.80442	-1297.7416	-1261.4077	-1261.409
32	32	-1517.2189	-1483.9845	-1489.931	33.234357	-1500.0574	-1477.0551	-1477.0615
33	33	-1441.4626	-1422.8791	-1428.2471	18.583491	-1438.0229	-1411.9624	-1412.8266
34	34	-1435.1533	-1385.7417	-1391.675	49.411588	-1416.7097	-1378.9493	-1378.9472
35	35	-1462.1912	-1447.4542	-1455.6332	14.736928	-1458.7861	-1440.9468	-1441.6883
36	36	-1420.756	-1380.6685	-1389.4275	40.087424	-1400.2223	-1373.1572	-1373.7196
37	37	-1153.5116	-1108.0289	-1113.7543	45.482704	-1134.6204	-1098.49	-1100.1527
38	38	-1505.3665	-1464.1249	-1470.0385	41.241606	-1490.0853	-1457.3389	-1457.3463
39	39	-1201.5369	-1145.8369	-1151.7552	55.69999	-1182.6598	-1137.9482	-1137.9426
40	40	-1360.86	-1330.1884	-1336.0735	30.671604	-1346.391	-1322.804	-1322.6673
41	41	-1369.2203	-1322.6029	-1327.6862	46.617431	-1355.2545	-1311.3971	-1314.9864
42	42	-1584.2531	-1550.3978	-1556.2992	33.85531	-1565.4617	-1543.0148	-1542.9795
43	43	-1178.341	-1125.9907	-1131.9223	52.35027	-1159.4787	-1118.912	-1118.8997
44	44	-1506.2657	-1456.0112	-1461.6784	50.254527	-1486.9661	-1449.5312	-1449.531
45	45	-1418.0645	-1383.689	-1389.3854	34.375508	-1399.0045	-1377.0886	-1377.0886
46	46	-1503.4845	-1459.1429	-1465.0466	44.341586	-1484.8085	-1452.6164	-1452.5703
47	47	-1499.7187	-1441.9518	-1448.1118	57.766921	-1481.0382	-1434.1349	-1434.1259
48	48	-1205.3438	-1172.279	-1178.3947	33.064791	-1201.7801	-1165.5772	-1165.5701
49	49	-1175.0129	-1130.2524	-1135.8305	44.760537	-1171.4115	-1119.8204	-1122.4555
50	50	-1605.2472	-1577.2493	-1583.0528	27.99791	-1586.2344	-1567.8509	-1570.6022
51	51	-1200.3009	-1159.3513	-1165.2539	40.949607	-1181.2708	-1151.2237	-1152.2948
52	52	-1166.9741	-1099.6259	-1105.5557	67.348201	-1147.9925	-1092.5018	-1092.5018
53	53	-1106.2818	-1034.5897	-1040.619	71.69215	-1087.1904	-1026.4745	-1026.4612
54	54	-1383.6066	-1305.0252	-1310.8663	78.581423	-1364.5919	-1298.509	-1298.4917
55	55	-1344.3927	-1312.615	-1318.5032	31.777703	-1340.9313	-1305.8083	-1305.806
56	56	-1499.9114	-1447.9597	-1453.6541	51.951701	-1481.1139	-1441.4127	-1441.1179
57	57	-1239.6964	-1175.7197	-1181.5261	63.976715	-1219.0201	-1166.4298	-1167.6161
58	58	-1096.4434	-1052.8611	-1058.654	43.582374	-1092.7868	-1043.7336	-1045.1062
59	59	-923.12674	-897.03921	-902.9241	26.087535	-919.28923	-889.66762	-889.66637
60	60	-1947.6803	-1919.3447	-1924.9004	28.335538	-1927.0444	-1908.7822	-1912.4787
61	61	-876.19086	-852.73016	-858.4303	23.460697	-872.31123	-844.82174	-844.78217
62	62	-1143.8652	-1088.2422	-1093.9348	55.623001	-1124.8688	-1081.3846	-1081.3854
63	63	-1086.5315	-1059.2042	-1066.6901	27.327299	-1082.8535	-1052.6136	-1052.5213
64	64	-1864.316	-1849.8879	-1855.5592	14.428023	-1861.1126	-1841.7042	-1843.4891
65	65	-1320.8772	-1308.6694	-1314.5227	12.207777	-1317.3987	-1301.4733	-1301.372
66	66	-1344.7012	-1276.9395	-1282.9738	67.761639	-1341.2067	-1270.0496	-1270.6504
67	67	-1342.375	-1296.0028	-1301.9133	46.372234	-1323.2381	-1289.0524	-1289.0537
68	68	-1330.3401	-1276.8487	-1282.7558	53.491417	-1310.6796	-1269.0608	-1269.0468
69	69	-1634.2309	-1586.6263	-1592.5922	47.604664	-1615.4987	-1580.0074	-1580.0081
70	70	-1484.7002	-1457.4897	-1463.38	27.210491	-1481.251	-1449.6184	-1450.1874
71	71	-1123.5963	-1076.4976	-1082.359	47.098718	-1119.9448	-1068.6631	-1068.5708
72	72	-1185.1878	-1149.5149	-1155.1805	35.672878	-1165.9901	-1139.9928	-1141.7973
73	73	-1144.3103	-1129.4124	-1136.7188	14.897926	-1140.707	-1119.8935	-1122.3255
74	74	-1156.1864	-1098.293	-1104.1695	57.89346	-1137.3765	-1090.4904	-1090.3865
75	75	-1229.6099	-1169.7826	-1175.704	59.82732	-1226.0131	-1161.7156	-1162.6823
76	76	-1340.6878	-1293.1051	-1298.792	47.582718	-1324.2044	-1286.428	-1286.4288
77	77	-1220.9632	-1133.0097	-1138.8808	87.953444	-1201.8954	-1125.8578	-1125.7748
78	78	-1215.0446	-1178.5003	-1184.187	36.544334	-1211.4755	-1171.6165	-1171.6164
79	79	-955.05478	-886.71448	-892.54349	68.340307	-951.25066	-878.3927	-879.64866
80	80	-1542.9414	-1540.0062	-1545.0011	2.9351491	-1539.561	-1529.6499	-1529.2087
81	81	-1037.3456	-991.2111	-997.06274	46.134534	-1033.6364	-983.95733	-983.93224
82	82	-1296.9792	-1259.8956	-1265.584	37.08366	-1277.9036	-1251.8224	-1253.1559
83	83	-1833.2863	-1802.4877	-1808.1864	30.798567	-1813.0787	-1795.7248	-1795.7217
84	84	-1572.9162	-1535.9178	-1541.7724	36.998464	-1556.7859	-1528.9945	-1529.127
85	85	-1354.4336	-1317.7082	-1323.6012	36.725378	-1350.9118	-1310.4976	-1310.8499
86	86	-1004.1335	-968.71428	-974.59097	35.419219	-1000.3884	-961.42967	-961.42611
87	87	-1482.2691	-1463.266	-1469.135	19.003063	-1478.8482	-1456.0406	-1456.4582
88	88	-1109.4936	-1064.7506	-1069.4703	44.743032	-1105.8366	-1053.2265	-1057.5422
89	89	-936.82602	-873.88158	-879.57078	62.944443	-933.00051	-865.93509	-866.68371
90	90	-1163.4621	-1148.9831	-1154.8444	14.478957	-1159.886	-1137.8596	-1140.5279
91	91	-1462.4344	-1410.3541	-1416.0634	52.080264	-1444.7482	-1403.8324	-1403.8331
92	92	-1133.9949	-1094.0631	-1099.9361	39.931819	-1130.3756	-1086.3146	-1086.2985
93	93	-1710.3243	-1687.0703	-1692.7886	23.254005	-1695.496	-1680.5841	-1680.5849
94	94	-925.93959	-848.47491	-854.37094	77.464686	-906.55602	-840.9666	-840.96471
95	95	-1888.6764	-1850.5476	-1856.4863	38.128816	-1865.4224	-1843.2839	-1843.1979
96	96	-1168.8257	-1144.8739	-1150.5721	23.95174	-1165.2162	-1135.4734	-1137.9044
97	97	-942.83491	-912.19775	-918.03623	30.637164	-939.04023	-903.675	-904.31009
98	98	-1057.3423	-1007.1144	-1012.9862	50.227919	-1053.688	-999.34284	-999.22304
99	99	-1316.6817	-1276.8076	-1282.5233	39.874103	-1297.8696	-1270.0852	-1270.086
100	100	-1174.5693	-1136.3062	-1142.1955	38.263117	-1170.9797	-1128.6138	-1128.6087
101	101	-1303.5613	-1277.3586	-1283.2372	26.202771	-1300.0048	-1269.4838	-1269.6756
102	102	-1134.065	-1084.4315	-1090.1113	49.633542	-1130.4325	-1077.4872	-1077.4879
103	103	-1374.7636	-1325.0214	-1330.729	49.742245	-1356.0855	-1318.4455	-1318.4447
104	104	-1425.8973	-1413.3135	-1418.4196	12.583788	-1422.4367	-1400.1842	-1406.0506
105	105	-1481.5051	-1484.0772	-1485.704	-2.5720555	-1478.1229	-1474.7449	-1474.7462
106	106	-1306.4787	-1262.1508	-1268.4367	44.327963	-1286.3759	-1255.1226	-1256.0017
107	107	-1596.5189	-1588.4045	-1594.2679	8.1144544	-1593.1592	-1581.1271	-1581.8904
108	108	-1135.1915	-1061.7901	-1067.7312	73.401482	-1116.3529	-1054.5467	-1054.5358
109	109	-1004.012	-955.10553	-960.97934	48.906469	-1000.2762	-947.84529	-947.83367
110	110	-1327.9079	-1298.1063	-1303.9919	29.801606	-1324.3962	-1290.6334	-1290.5809
111	111	-1546.1605	-1525.8154	-1531.4714	20.345107	-1542.8035	-1518.5758	-1519.2191
112	112	-1509.0556	-1431.6364	-1437.5999	77.419174	-1490.4417	-1424.9097	-1424.909
113	113	-1408.314	-1362.0839	-1367.987	46.230086	-1389.454	-1355.2185	-1355.2142
114	114	-1497.7049	-1454.6532	-1460.3231	43.051662	-1479.466	-1446.4554	-1448.0888
115	115	-1039.5132	-1003.2042	-1009.1017	36.30892	-1035.763	-995.91683	-995.92052
116	116	-1403.9364	-1385.129	-1390.7946	18.807431	-1400.4452	-1378.3542	-1378.3531
117	117	-1827.2979	-1787.8898	-1793.5745	39.408069	-1815.5261	-1781.3109	-1781.5129
118	118	-1285.7435	-1249.8656	-1255.5494	35.87784	-1282.2195	-1243.0833	-1243.0813
119	119	-1402.0855	-1377.8508	-1383.7442	24.234758	-1398.6341	-1370.7114	-1370.4481
120	120	-913.2288	-842.9818	-848.67013	70.246998	-893.97209	-835.78862	-835.79101
121	121	-1345.0203	-1339.2279	-1345.3211	5.7924438	-1341.5169	-1325.8018	-1331.986
122	122	-1616.8059	-1528.1705	-1533.8496	88.635381	-1597.4319	-1521.8872	-1521.8889
123	123	-2145.7547	-2119.3155	-2125.2214	26.439193	-2125.9598	-2112.4081	-2113.0382
124	124	-2146.7392	-2123.9089	-2129.8171	22.830296	-2130.2244	-2117.5151	-2117.5154
125	125	-1363.2035	-1353.4291	-1359.7996	9.7744177	-1359.7733	-1345.6225	-1347.2511
126	126	-1100.4052	-1056.8971	-1062.7807	43.508045	-1081.5743	-1049.1197	-1049.0909
127	127	-1621.9771	-1583.4688	-1589.014	38.508344	-1603.6715	-1575.2603	-1577.0759
128	128	-1391.6036	-1343.8441	-1349.76	47.759491	-1372.9675	-1336.9865	-1336.9782
129	129	-1193.5224	-1143.6894	-1149.5935	49.83305	-1174.0014	-1136.6681	-1136.6634
130	130	-1546.3217	-1497.2301	-1503.117	49.091601	-1527.4711	-1490.4402	-1490.4414
131	131	-1460.0376	-1379.7385	-1385.729	80.299082	-1442.3611	-1372.8267	-1372.8266
132	132	-895.66669	-849.742	-855.65211	45.924687	-891.80768	-842.28532	-842.2842
133	133	-1619.9742	-1587.9424	-1593.3815	32.031843	-1602.9956	-1579.1662	-1581.4874
134	134	-1230.4906	-1171.8242	-1177.5205	58.666398	-1218.2244	-1165.0395	-1165.0377
135	135	-918.39688	-852.78211	-857.91933	65.614776	-898.51088	-842.37392	-845.51618
136	136	-1259.8421	-1191.1795	-1197.1235	68.662595	-1241.1341	-1184.1497	-1184.1459
137	137	-1187.101	-1145.5385	-1151.5299	41.562469	-1183.5225	-1138.2141	-1138.9756
138	138	-1602.0868	-1575.5476	-1581.2482	26.539215	-1598.7236	-1567.9096	-1568.9766
139	139	-1011.0633	-959.30176	-965.1746	51.761565	-1007.324	-951.61038	-951.44137
140	140	-970.4486	-949.75062	-955.63839	20.697981	-966.6958	-942.27737	-942.46218
141	141	-1168.3304	-1087.3974	-1093.3442	80.932987	-1149.3501	-1080.2341	-1080.2248
142	142	-1055.5872	-1001.7813	-1007.4899	53.805887	-1051.8726	-994.7169	-994.71704
143	143	-1255.598	-1212.3266	-1217.9105	43.271354	-1237.1678	-1203.9429	-1205.5487
144	144	-1423.6655	-1393.5222	-1399.7015	30.143303	-1420.1944	-1384.457	-1385.1739
145	145	-1112.5818	-1076.0143	-1081.8821	36.567452	-1108.942	-1068.8638	-1068.8652
146	146	-1359.1683	-1306.0077	-1311.68	53.160592	-1342.0575	-1299.3179	-1299.3201
147	147	-903.44071	-832.21812	-837.86793	71.22259	-884.06153	-824.89795	-824.8984
148	148	-1192.3342	-1127.4402	-1133.1442	64.893957	-1173.2936	-1120.6341	-1120.6354
149	149	-1189.4494	-1128.5384	-1134.342	60.911002	-1170.4987	-1121.796	-1121.797
150	150	-1302.6368	-1231.3494	-1237.0416	71.287385	-1284.1057	-1224.7781	-1224.7808
151	151	-1232.7248	-1196.9882	-1202.8558	35.736656	-1229.1716	-1188.8799	-1189.9987
152	152	-1321.6143	-1254.9026	-1260.7165	66.711702	-1303.0872	-1248.4191	-1248.4185
153	153	-1427.3619	-1396.9343	-1402.5057	30.427554	-1423.8908	-1387.781	-1390.3861
154	154	-1296.8371	-1243.8642	-1249.5397	52.972905	-1277.6411	-1237.1512	-1237.1513
155	155	-1576.0963	-1538.6508	-1544.3897	37.445526	-1559.3676	-1532.2201	-1532.2206
156	156	-1440.6647	-1415.9519	-1421.8348	24.712819	-1437.2168	-1408.2832	-1409.3624
157	157	-1219.7267	-1149.0125	-1154.9497	70.714196	-1200.7672	-1141.6657	-1141.6425
158	158	-1501.8465	-1490.5453	-1497.0532	11.301195	-1498.4871	-1474.8978	-1481.0315
159	159	-1934.3705	-1901.9483	-1907.8452	32.422255	-1917.0811	-1895.2997	-1894.8992
160	160	-1295.2585	-1241.4637	-1247.1452	53.794809	-1276.3978	-1234.7236	-1234.724
161	161	-1283.7222	-1212.3815	-1218.2884	71.340759	-1265.0917	-1205.5981	-1205.5917
162	162	-1338.0055	-1298.7969	-1304.7114	39.208562	-1334.5002	-1291.8824	-1291.8741
163	163	-1255.159	-1177.0622	-1182.7797	78.096795	-1236.4062	-1170.3418	-1170.3423
164	164	-964.82866	-892.68656	-898.37021	72.142101	-960.98524	-885.50292	-885.50361
165	165	-1560.4046	-1527.8833	-1533.9157	32.52127	-1543.1772	-1521.7489	-1521.7492
166	166	-1138.689	-1032.5706	-1038.2618	106.11838	-1119.3951	-1025.7662	-1025.7646
167	167	-1024.3525	-955.91092	-962.02595	68.441578	-1004.5239	-948.05762	-948.06775
168	168	-929.44362	-877.43364	-883.32896	52.009977	-925.61997	-870.01659	-870.01902
169	169	-1310.3521	-1286.5034	-1292.1677	23.848666	-1306.8236	-1279.0606	-1279.7207
170	170	-1303.7682	-1258.4297	-1264.1385	45.338551	-1285.2553	-1251.7161	-1251.717
171	171	-1526.1896	-1512.3789	-1516.6618	13.810674	-1522.7799	-1497.468	-1503.5399
172	172	-1404.9015	-1394.2699	-1400.1281	10.631548	-1401.404	-1380.1538	-1387.7303
173	173	-1562.5206	-1521.9085	-1527.6531	40.612073	-1544.7017	-1515.4128	-1515.4126
174	174	-1238.1829	-1192.8181	-1198.6528	45.364792	-1234.609	-1186.0571	-1186.0336
175	175	-1378.586	-1345.8271	-1351.4721	32.758906	-1375.0957	-1335.9639	-1339.0619
176	176	-1226.648	-1208.2661	-1213.9208	18.381967	-1223.0988	-1198.437	-1201.3344
177	177	-1273.5242	-1202.8098	-1208.7494	70.714397	-1258.0205	-1195.7481	-1195.7484
178	178	-1278.6863	-1225.4151	-1231.0848	53.271259	-1260.2496	-1218.713	-1218.7116
179	179	-996.97638	-924.8262	-930.42956	72.150178	-977.80918	-914.80625	-917.42928
180	180	-1470.2972	-1413.2888	-1419.186	57.008377	-1451.7416	-1406.4109	-1406.4143
181	181	-1343.787	-1308.9947	-1312.081	34.7923	-1340.2498	-1296.1609	-1302.2625
182	182	-1346.0818	-1292.0451	-1295.5795	54.036661	-1327.6465	-1279.6782	-1285.369
183	183	-1411.2278	-1368.5203	-1374.4483	42.70749	-1391.7784	-1361.6823	-1361.678
184	184	-1695.9235	-1662.1611	-1668.0782	33.762417	-1678.0388	-1655.928	-1655.928
185	185	-915.36217	-845.19745	-851.09129	70.164721	-895.7682	-836.78833	-836.77807
186	186	-1381.5158	-1325.0799	-1331	56.435868	-1363.8073	-1317.3755	-1317.326
187	187	-1036.05	-996.84606	-1002.7006	39.203932	-1032.3483	-989.02381	-988.96989
188	188	-1395.2008	-1349.8841	-1355.5458	45.316746	-1376.4861	-1343.2755	-1343.2758
189	189	-1245.1367	-1182.2591	-1187.9545	62.877639	-1225.6643	-1175.5362	-1175.536
190	190	-1585.055	-1555.2193	-1561.0614	29.835714	-1568.092	-1547.816	-1547.6897
191	191	-1923.1298	-1915.0421	-1921.1466	8.0876438	-1919.9269	-1905.3433	-1908.3223
192	192	-1092.6574	-1016.2981	-1021.9609	76.359276	-1073.2494	-1009.3831	-1009.3821
193	193	-1262.7721	-1220.9008	-1226.794	41.87132	-1259.2565	-1213.9749	-1213.9704
194	194	-1362.8383	-1313.1776	-1319.1113	49.660656	-1344.8801	-1305.7768	-1305.7524
195	195	-1388.9696	-1366.1224	-1371.7605	22.847172	-1385.475	-1356.7624	-1358.6922
196	196	-1786.1767	-1773.0662	-1778.9653	13.110548	-1782.9292	-1766.8579	-1766.8581
197	197	-1323.4259	-1247.4105	-1253.0632	76.015392	-1303.041	-1240.7547	-1240.7549
198	198	-1689.8604	-1654.7252	-1660.4342	35.135174	-1672.3749	-1648.3671	-1648.3677
199	199	-1602.1454	-1569.2246	-1574.8657	32.920767	-1598.7475	-1562.6575	-1562.6566
200	200	-1207.0261	-1143.9955	-1149.9291	63.030658	-1187.6294	-1136.8853	-1136.8353
201	201	-1038.0477	-974.42025	-980.21954	63.627457	-1034.3301	-965.38545	-967.16499
202	202	-1593.8562	-1561.9543	-1567.941	31.90197	-1573.8531	-1554.824	-1554.6721
203	203	-1085.4365	-1049.7116	-1055.6039	35.724915	-1081.7826	-1041.8121	-1041.923
204	204	-1162.2012	-1127.9002	-1133.8161	34.301061	-1158.6204	-1120.9152	-1120.9005
205	205	-1339.0371	-1314.4215	-1322.8648	24.615635	-1335.5379	-1307.6283	-1307.6278
206	206	-1041.8703	-949.51699	-955.20591	92.353294	-1022.6149	-942.52038	-942.52178
207	207	-1085.3823	-1030.7452	-1036.5124	54.637165	-1066.2356	-1021.6844	-1022.7614
208	208	-1053.5958	-980.72538	-986.39901	72.870445	-1034.4797	-973.61339	-973.6133
209	209	-1526.8168	-1477.8985	-1483.5978	48.918332	-1508.4839	-1471.4363	-1471.4361
210	210	-1365.32	-1321.7357	-1327.6805	43.584312	-1346.7999	-1314.8129	-1314.8154
211	211	-1955.6256	-1923.6509	-1929.251	31.974609	-1937.5925	-1916.5635	-1916.5632
212	212	-1029.7269	-960.76381	-966.38891	68.963064	-1009.878	-953.65709	-953.65725
213	213	-1316.8954	-1286.1946	-1291.4769	30.700793	-1307.928	-1274.4621	-1279.4821
214	214	-1565.3747	-1521.8542	-1527.1731	43.52047	-1561.9909	-1510.0614	-1515.3036
215	215	-1345.8282	-1323.3532	-1329.0302	22.475028	-1342.3084	-1315.1375	-1316.1938
216	216	-1270.5254	-1227.8204	-1233.2642	42.705006	-1266.9666	-1217.7916	-1220.8611
217	217	-1597.0144	-1559.9665	-1565.6322	37.047827	-1578.5523	-1553.4852	-1553.4858
218	218	-1598.9079	-1555.3194	-1561.185	43.588506	-1579.7284	-1548.1906	-1548.0993
219	219	-2072.8958	-2050.6199	-2056.116	22.275968	-2061.1305	-2042.2042	-2044.3732
220	220	-1044.127	-995.01792	-1000.8686	49.109116	-1022.8088	-986.76786	-986.64371
221	221	-1170.6061	-1147.7037	-1152.5647	22.902468	-1166.9983	-1137.0787	-1140.7235
222	222	-896.41945	-873.71938	-879.26447	22.700069	-892.57649	-862.32172	-866.31819
223	223	-1188.4443	-1124.9583	-1130.8931	63.485999	-1167.3371	-1116.9635	-1116.8884
224	224	-1640.2618	-1626.4271	-1632.152	13.834634	-1636.9649	-1619.8699	-1619.8695
225	225	-1376.0986	-1357.1853	-1363.0671	18.913363	-1372.68	-1349.7888	-1350.3758
226	226	-847.126	-794.09675	-800.02156	53.029246	-843.15771	-785.50486	-785.92015
227	227	-1063.3538	-1046.8642	-1053.2322	16.489642	-1059.6719	-1038.9234	-1039.927
228	228	-1187.3831	-1146.6134	-1152.4861	40.769625	-1183.7818	-1139.5687	-1139.5634
229	229	-1604.985	-1566.5883	-1572.4168	38.396752	-1601.6076	-1558.0108	-1559.8727
230	230	-1361.3093	-1335.4788	-1341.4951	25.830502	-1357.8017	-1329.0778	-1329.0781
231	231	-1573.9143	-1538.0811	-1543.8897	35.833181	-1557.9608	-1531.684	-1531.6841
232	232	-1621.8104	-1593.1995	-1599.1703	28.610855	-1603.3278	-1586.5295	-1586.5305
233	233	-1103.7085	-1029.0925	-1034.8087	74.615981	-1084.4938	-1022.1665	-1022.1662
234	234	-1203.9595	-1151.5503	-1157.458	52.40929	-1184.2291	-1143.5212	-1144.5294
235	235	-963.2697	-897.38525	-903.08249	65.884442	-944.01747	-890.28894	-890.28963
236	236	-1176.6256	-1120.0839	-1125.9767	56.541756	-1160.6479	-1113.0054	-1113.005
237	237	-1244.3847	-1191.6508	-1197.3384	52.733866	-1225.5074	-1184.9114	-1184.912
238	238	-1391.7391	-1355.7939	-1361.6743	35.945139	-1388.2528	-1348.9875	-1348.9761
239	239	-1437.3005	-1388.8607	-1394.5198	48.439795	-1418.9451	-1382.2135	-1382.2119
240	240	-1684.9468	-1674.913	-1680.6037	10.033841	-1681.6314	-1665.7836	-1666.1492
241	241	-1269.9011	-1205.915	-1211.7654	63.98606	-1251.1576	-1199.051	-1199.0499
242	242	-1499.4202	-1472.1503	-1477.8672	27.269982	-1486.4067	-1463.8234	-1464.2961
243	243	-1290.6309	-1269.9145	-1275.7885	20.716341	-1287.0894	-1262.4903	-1262.4716
244	244	-1313.145	-1281.2817	-1287.1541	31.86338	-1309.6406	-1274.3505	-1274.339
245	245	-2016.6437	-2006.836	-2012.7109	9.807714	-2008.1403	-2000.4086	-2000.3983
246	246	-1055.1386	-964.82102	-970.49987	90.317613	-1035.8708	-957.79651	-957.79555
247	247	-1365.3331	-1330.092	-1336.0007	35.241013	-1361.8318	-1322.768	-1322.7015
248	248	-1335.6509	-1298.2424	-1303.9485	37.408571	-1317.4447	-1291.6421	-1291.6429
249	249	-1426.503	-1413.4356	-1419.2332	13.067393	-1423.0279	-1404.6824	-1406.5166
250	250	-1256.5426	-1230.689	-1236.5704	25.853574	-1253.0349	-1223.7486	-1223.7473
251	251	-1297.4712	-1253.9998	-1259.8665	43.471307	-1277.7014	-1246.5121	-1246.7877
252	252	-844.92233	-776.63638	-782.33872	68.285948	-840.93643	-768.74283	-769.17732
253	253	-702.34652	-648.78632	-654.66769	53.560206	-698.28335	-640.45999	-640.31099
254	254	-1128.2222	-1071.1938	-1076.8744	57.028413	-1109.6457	-1064.2261	-1064.2252
255	255	-962.52626	-892.744	-898.41288	69.782258	-942.56579	-885.62518	-885.62534
256	256	-1489.683	-1445.4075	-1451.2889	44.275489	-1477.3445	-1438.5733	-1438.5897
257	257	-1311.1233	-1280.4346	-1286.3235	30.688711	-1307.6117	-1273.514	-1273.5179
258	258	-1349.8295	-1298.0333	-1303.7128	51.796232	-1331.1014	-1291.4239	-1291.424
259	259	-1296.9749	-1265.433	-1271.1422	31.541972	-1293.475	-1258.707	-1258.7076
260	260	-1200.1606	-1155.3288	-1161.2032	44.831836	-1196.5751	-1148.2087	-1148.2088
261	261	-1520.4859	-1490.5312	-1496.4268	29.954724	-1517.072	-1483.7283	-1483.7279
262	262	-1128.5778	-1091.5959	-1097.2978	36.981955	-1124.9203	-1083.5261	-1083.5264
263	263	-1122.4345	-1028.4288	-1034.5366	94.00567	-1103.1701	-1020.273	-1020.1964
264	264	-1396.6454	-1371.4272	-1377.2977	25.218174	-1393.1722	-1363.932	-1364.5694
265	265	-947.64415	-880.78073	-886.48748	66.863419	-943.82159	-873.61527	-873.61586
266	266	-2089.9054	-2041.9435	-2047.8686	47.961873	-2071.4115	-2035.566	-2035.559
267	267	-1172.9528	-1102.6107	-1108.5244	70.342174	-1154.005	-1095.424	-1095.4086
268	268	-1447.4397	-1401.6269	-1407.5642	45.812793	-1428.9951	-1394.783	-1394.7812
269	269	-1070.8527	-1024.0777	-1029.9797	46.774956	-1067.163	-1016.2917	-1016.2748
270	270	-1394.7533	-1381.3568	-1387.0243	13.396507	-1391.299	-1374.5565	-1374.5557
271	271	-1607.751	-1563.7191	-1569.6063	44.031957	-1589.091	-1557.029	-1557.0209
272	272	-1342.7122	-1305.0372	-1310.7183	37.675045	-1324.0472	-1296.8562	-1298.3495
273	273	-1153.8737	-1095.652	-1101.5926	58.221677	-1134.779	-1087.5994	-1087.5854
274	274	-1404.9931	-1353.4157	-1359.3073	51.577436	-1386.7251	-1346.6549	-1346.6495
275	275	-1303.6268	-1269.213	-1274.8801	34.413812	-1300.112	-1262.4773	-1262.4776
276	276	-994.27042	-945.23719	-951.13137	49.033228	-975.03229	-936.65638	-936.65732
277	277	-1273.9913	-1218.2909	-1223.9946	55.700452	-1255.2328	-1211.5811	-1211.5807
278	278	-987.37075	-911.57039	-917.26718	75.800361	-968.36508	-902.59567	-902.57103
279	279	-1105.2592	-1056.1895	-1061.9226	49.069741	-1101.6121	-1046.4003	-1048.284
280	280	-1398.336	-1343.4456	-1349.1308	54.890322	-1385.6152	-1336.8662	-1336.8652
281	281	-1166.9881	-1142.5012	-1148.387	24.486968	-1163.3827	-1135.7091	-1135.7102
282	282	-1338.8077	-1277.0432	-1282.9703	61.764505	-1320.0986	-1270.1202	-1270.1181
283	283	-1039.8218	-976.58438	-982.29926	63.237446	-1020.6951	-969.65202	-969.65218
284	284	-1388.4289	-1341.1162	-1347.0122	47.312622	-1384.8899	-1334.2502	-1334.2428
285	285	-1534.88	-1481.4179	-1486.9304	53.462077	-1531.4661	-1472.8717	-1474.9097
286	286	-1146.2169	-1073.378	-1079.2894	72.838928	-1127.0071	-1066.1481	-1066.1452
287	287	-1340.4667	-1300.7663	-1306.68	39.700385	-1321.5079	-1293.8212	-1293.8201
288	288	-1349.2614	-1309.604	-1315.2736	39.657412	-1345.7947	-1299.1296	-1302.6959
289	289	-2102.6069	-2055.3881	-2061.4527	47.218865	-2084.1529	-2048.1546	-2048.0157
290	290	-1321.1517	-1299.0195	-1304.9138	22.132215	-1317.6033	-1291.5395	-1291.5511
291	291	-1239.2551	-1211.3816	-1217.0703	27.873455	-1235.7222	-1203.8499	-1204.547
292	292	-1123.7614	-1120.6676	-1126.382	3.0938613	-1120.1587	-1110.8759	-1113.3279
293	293	-1214.2602	-1186.5681	-1192.5996	27.692152	-1210.7094	-1180.0229	-1180.0218
294	294	-1152.8782	-1115.203	-1121.0984	37.675214	-1149.236	-1106.1512	-1108.0929
295	295	-1178.4103	-1125.1773	-1131.058	53.232982	-1163.5748	-1118.0616	-1118.0613
296	296	-1411.4705	-1372.0929	-1378.1725	39.377517	-1407.9682	-1364.305	-1365.4205
297	297	-1048.3445	-1036.544	-1043.1064	11.800464	-1044.6226	-1028.2265	-1028.7766
298	298	-1794.9704	-1786.8211	-1792.985	8.149285	-1791.7212	-1773.3632	-1779.7884
299	299	-1885.8265	-1867.2531	-1873.1788	18.573397	-1882.655	-1858.5348	-1860.8023
300	300	-1195.4548	-1141.1819	-1147.0741	54.272937	-1191.8699	-1133.7962	-1134.1966
301	301	-1637.2579	-1609.541	-1615.4354	27.716932	-1624.5256	-1602.2186	-1602.8464
302	302	-1052.2634	-992.51596	-998.42471	59.747477	-1048.5325	-985.1808	-985.18175
303	303	-1374.9839	-1306.5098	-1312.2195	68.47408	-1356.0687	-1299.8377	-1299.9463
304	304	-1136.2473	-1073.6148	-1079.5275	62.632448	-1116.6294	-1065.7617	-1065.6598
305	305	-1345.1553	-1288.5018	-1294.4145	56.653501	-1325.7504	-1280.753	-1280.7367
306	306	-1595.7457	-1542.5138	-1548.4275	53.231977	-1582.0161	-1535.774	-1535.7624
307	307	-1032.925	-948.89044	-954.54696	84.034596	-1013.0202	-938.99803	-941.5123
308	308	-1340.7226	-1301.1599	-1306.8449	39.5627	-1322.1732	-1294.5139	-1294.5135
309	309	-1395.0117	-1358.8719	-1364.5457	36.139799	-1375.9274	-1350.1964	-1350.1471
310	310	-1227.7711	-1175.6575	-1180.703	52.113577	-1214.3552	-1165.4953	-1168.8643
311	311	-1307.2263	-1267.6764	-1273.5802	39.549874	-1288.5434	-1259.891	-1260.8103
312	312	-751.93605	-722.31409	-728.80479	29.621958	-747.93344	-714.01224	-714.58008
313	313	-1228.361	-1188.3264	-1194.1802	40.034646	-1224.7975	-1179.4751	-1180.6043
314	314	-1267.244	-1211.3759	-1217.0777	55.868153	-1248.1778	-1204.637	-1204.6358
315	315	-1287.7958	-1228.6275	-1234.3054	59.168242	-1268.9807	-1221.9174	-1221.9177
316	316	-1653.7323	-1597.0277	-1602.9342	56.704561	-1635.4698	-1590.6048	-1590.6051
317	317	-1281.2695	-1209.9643	-1215.6524	71.305171	-1262.3509	-1202.0631	-1203.29
318	318	-1284.0476	-1246.6554	-1252.327	37.392244	-1265.2474	-1239.8792	-1239.8813
319	319	-1140.6308	-1073.5727	-1079.4886	67.058113	-1121.4187	-1066.3712	-1066.3623
320	320	-1593.7741	-1573.4524	-1579.349	20.321727	-1590.4036	-1566.3185	-1566.2284
321	321	-1544.6852	-1540.5099	-1545.4772	4.1752534	-1541.313	-1533.1159	-1533.0462
322	322	-982.29033	-922.78808	-928.71808	59.502242	-978.48907	-915.46576	-915.45761
323	323	-1736.5027	-1705.3405	-1711.2619	31.162214	-1719.0857	-1697.9458	-1699.1582
324	324	-1432.3678	-1387.7674	-1393.4613	44.600367	-1413.4785	-1381.2741	-1381.2738
325	325	-1511.6622	-1469.4369	-1475.1134	42.225257	-1508.2317	-1462.8729	-1462.8728
326	326	-1418.5501	-1366.2902	-1372.231	52.259851	-1399.8166	-1359.5282	-1359.52
327	327	-1446.7041	-1428.695	-1434.5775	18.009137	-1443.2792	-1421.8822	-1421.8751
328	328	-878.79531	-807.29827	-813.21353	71.497041	-874.9116	-798.9857	-798.9774
329	329	-1177.0003	-1125.8041	-1131.7216	51.196191	-1156.7784	-1117.9889	-1117.9734
330	330	-1355.86	-1320.3185	-1326.2633	35.541488	-1348.2481	-1312.9638	-1312.811
331	331	-1429.887	-1373.351	-1379.24	56.535965	-1411.1427	-1366.3347	-1366.2111
332	332	-1450.3937	-1384.6794	-1390.3554	65.714252	-1430.7333	-1378.1417	-1378.1425
333	333	-1006.7352	-966.24875	-972.12214	40.486427	-1003.0401	-958.37728	-958.36487
334	334	-1485.5395	-1457.6612	-1463.3105	27.87834	-1482.1073	-1451.0324	-1451.0315
335	335	-1151.0841	-1140.3149	-1146.1788	10.769127	-1147.5146	-1129.0424	-1133.2488
336	336	-2239.1637	-2225.1641	-2231.1886	13.999565	-2221.1796	-2214.9124	-2217.0267
337	337	-1212.4972	-1159.0876	-1164.7759	53.409688	-1208.9067	-1152.2663	-1152.2672
338	338	-1328.2492	-1293.4278	-1299.317	34.821442	-1324.7495	-1285.9791	-1285.9654
339	339	-1582.4827	-1557.1795	-1562.8696	25.303176	-1579.0785	-1549.1374	-1550.5971
340	340	-1562.5052	-1555.7017	-1561.5687	6.8034929	-1559.1056	-1547.3829	-1548.4161
341	341	-1025.9038	-965.3617	-971.01497	60.542054	-1006.849	-958.27971	-958.27804
342	342	-1447.8937	-1394.7947	-1400.7259	53.099025	-1429.3627	-1388.0072	-1387.8246
343	343	-1354.7896	-1344.7662	-1350.4239	10.02343	-1351.2755	-1332.0811	-1337.8856
344	344	-968.21369	-906.29818	-912.2347	61.915514	-949.06671	-898.10893	-897.91706
345	345	-1769.6915	-1771.7361	-1773.6669	-2.0446257	-1766.4552	-1763.0438	-1762.9747
346	346	-1393.1595	-1331.0731	-1336.7599	62.086463	-1374.2534	-1324.2721	-1324.4755
347	347	-1124.03	-1072.8728	-1078.5655	51.157235	-1120.3572	-1064.9994	-1065.9161
348	348	-1471.5915	-1406.5115	-1412.4704	65.079964	-1453.1717	-1399.7097	-1399.7106
349	349	-1193.5369	-1125.7327	-1131.6415	67.804195	-1174.6231	-1118.7426	-1118.7406
350	350	-1716.0914	-1708.0867	-1713.9687	8.0046135	-1712.8216	-1701.1384	-1701.7201
351	351	-1604.4606	-1553.3856	-1559.075	51.074965	-1586.1431	-1547.0414	-1547.0419
352	352	-1038.2724	-1001.6903	-1007.5548	36.582124	-1034.5799	-994.30078	-993.91802
353	353	-1264.0782	-1217.0073	-1222.6731	47.070966	-1252.8041	-1209.5607	-1210.246
354	354	-1003.1623	-977.58519	-983.49053	25.577086	-999.42344	-970.33078	-970.3221
355	355	-1312.0896	-1275.9408	-1281.8612	36.148868	-1292.7063	-1269.0316	-1269.0278
356	356	-1399.7187	-1363.8736	-1369.5808	35.845148	-1396.2258	-1357.2144	-1357.2124
357	357	-1319.4476	-1271.3604	-1277.292	48.087196	-1300.8445	-1263.7014	-1263.5906
358	358	-1056.5802	-999.2843	-1005.2367	57.295868	-1052.8596	-992.04559	-991.99618
359	359	-1032.7256	-1014.9336	-1020.654	17.791984	-1029.024	-1007.771	-1007.7707
360	360	-1068.2441	-1023.2085	-1028.8972	45.035639	-1064.5916	-1016.2166	-1016.2176
361	361	-1712.1171	-1669.1349	-1675.0566	42.98219	-1696.2031	-1662.4941	-1662.4933
362	362	-1267.4047	-1232.5436	-1238.455	34.86108	-1248.3135	-1224.8903	-1224.8884
363	363	-1519.0931	-1490.0155	-1494.8988	29.077556	-1515.7107	-1478.5081	-1482.5293
364	364	-1144.075	-1086.2278	-1092.0025	57.84714	-1121.9926	-1077.2509	-1079.0116
365	365	-1991.6595	-1949.9659	-1955.7632	41.69362	-1979.1054	-1941.3318	-1943.521
366	366	-1559.5269	-1513.1834	-1519.0617	46.343456	-1541.9824	-1506.5394	-1506.5154
367	367	-1622.0392	-1591.3737	-1597.2847	30.665521	-1607.7818	-1583.8766	-1584.0356
368	368	-1426.7189	-1417.3673	-1423.2441	9.3516668	-1423.2659	-1407.9282	-1410.5411
369	369	-1672.5385	-1617.8163	-1623.7801	54.722207	-1654.1198	-1611.3052	-1611.3065
370	370	-1507.4087	-1487.9805	-1493.6431	19.428188	-1504.0128	-1479.8913	-1481.2899
371	371	-1481.7537	-1455.9942	-1463.0386	25.759508	-1478.3383	-1448.4249	-1449.4406
372	372	-1750.5651	-1711.5449	-1717.2365	39.020171	-1733.8732	-1705.1806	-1705.1791
373	373	-1316.0126	-1283.8955	-1289.7713	32.117137	-1312.4806	-1277.0095	-1276.999
374	374	-1399.1383	-1345.932	-1351.6254	53.206349	-1379.3573	-1339.3662	-1339.3662
375	375	-1246.8163	-1186.96	-1192.6507	59.856312	-1227.6153	-1180.2483	-1180.2488
376	376	-1504.0469	-1486.92	-1492.4558	17.126922	-1500.6136	-1476.7791	-1479.2081
377	377	-1802.4772	-1792.5372	-1798.4373	9.9399988	-1799.2541	-1783.0089	-1785.5263
378	378	-909.83377	-871.40606	-877.11737	38.427711	-905.99762	-864.14646	-864.14714
379	379	-1290.5409	-1286.3614	-1291.7653	4.1794744	-1287.031	-1275.9318	-1278.3698
380	380	-1282.0431	-1211.2444	-1217.1626	70.798667	-1263.2398	-1203.5582	-1203.4549
381	381	-1119.2426	-1053.313	-1059.2258	65.929615	-1101.7932	-1046.1294	-1046.1281
382	382	-1140.6999	-1101.1888	-1106.8677	39.511052	-1137.0998	-1094.263	-1094.2633
383	383	-1133.8866	-1116.3946	-1123.8057	17.491974	-1130.2504	-1102.7617	-1109.0672
384	384	-1345.4372	-1289.4012	-1295.3449	56.035981	-1326.9151	-1282.4766	-1282.4748
385	385	-1393.0691	-1361.3292	-1367.2564	31.739941	-1389.5603	-1354.4521	-1354.4595
386	386	-1278.8351	-1262.8742	-1268.7502	15.960901	-1275.3507	-1255.3985	-1255.9421
387	387	-1266.6058	-1185.5818	-1191.5203	81.024052	-1246.6643	-1178.5595	-1178.5507
388	388	-1124.7291	-1094.5489	-1100.4091	30.180205	-1121.0947	-1087.0143	-1086.8644
389	389	-1800.2392	-1775.9136	-1781.1695	24.325675	-1792.5592	-1766.0175	-1769.3349
390	390	-992.47436	-935.42967	-941.13254	57.044686	-973.4167	-928.36305	-928.36108
391	391	-1343.5304	-1299.5432	-1305.2404	43.987136	-1340.0052	-1290.813	-1292.8668
392	392	-1197.4531	-1122.3933	-1128.0861	75.059803	-1178.3795	-1115.5811	-1115.5793
393	393	-897.88487	-840.24882	-845.96053	57.636048	-894.03976	-833.01722	-833.01616
394	394	-1203.3481	-1167.6987	-1173.3704	35.649429	-1199.7432	-1160.4871	-1159.2143
395	395	-1504.683	-1480.2641	-1485.9445	24.418954	-1501.2474	-1472.1218	-1473.6058
396	396	-1578.4184	-1549.1734	-1555.0603	29.245049	-1563.6466	-1541.3803	-1542.4439
397	397	-1227.2988	-1194.011	-1199.9018	33.287839	-1223.7557	-1185.6956	-1186.9931
398	398	-1420.0656	-1407.4247	-1413.2939	12.640954	-1416.6198	-1400.606	-1400.6067
399	399	-1958.1353	-1935.1226	-1941.0153	23.012713	-1954.9487	-1927.3207	-1928.7305
400	400	-915.43339	-841.49387	-847.17971	73.939523	-895.16083	-834.27326	-834.27318
401	401	-1008.3841	-979.03963	-984.92759	29.34446	-1004.647	-971.4088	-971.23405
402	402	-1216.9739	-1133.2954	-1138.9884	83.678422	-1198.0793	-1126.6098	-1126.6068
403	403	-1020.4292	-950.73149	-956.39273	69.697685	-1001.1927	-943.66369	-943.66364
404	404	-916.01048	-865.36803	-871.04841	50.642451	-912.17139	-858.13131	-858.13288
405	405	-1690.9191	-1661.3493	-1667.3255	29.569737	-1680.119	-1654.874	-1654.8402
406	406	-1437.432	-1390.9677	-1396.6518	46.464385	-1418.5221	-1383.7364	-1384.4543
407	407	-1574.9395	-1551.6544	-1556.7679	23.285152	-1571.5637	-1541.7206	-1545.2327
408	408	-1248.597	-1182.9101	-1188.8245	65.686862	-1231.6874	-1175.7418	-1175.7439
409	409	-1551.7074	-1517.3893	-1523.2953	34.318139	-1534.8292	-1509.8493	-1510.5535
410	410	-1726.4538	-1703.5319	-1709.5325	22.921876	-1723.1809	-1696.9683	-1696.8263
411	411	-1471.4253	-1446.8879	-1452.789	24.537454	-1468.015	-1439.3797	-1439.5506
412	412	-1342.2962	-1312.1678	-1318.0361	30.128408	-1331.4324	-1304.0169	-1305.2671
413	413	-993.03236	-963.55006	-969.41596	29.482306	-989.26752	-956.10251	-956.21707
414	414	-1438.0644	-1433.7401	-1439.8754	4.3243332	-1434.6071	-1422.7945	-1423.0148
415	415	-1103.4419	-1027.1957	-1033.275	76.246292	-1084.13	-1019.1697	-1019.0803
416	416	-1408.0523	-1349.4894	-1355.1487	58.562919	-1389.3679	-1342.9188	-1342.9183
417	417	-1169.7	-1135.275	-1141.1928	34.424996	-1166.0935	-1127.7507	-1127.5739
418	418	-1630.8848	-1598.1046	-1603.8858	32.780134	-1618.9229	-1589.4965	-1591.445
419	419	-1008.8573	-931.72455	-937.62508	77.132786	-989.30743	-924.41783	-924.41716
420	420	-1592.8265	-1556.0216	-1561.8901	36.804874	-1575.6385	-1549.3034	-1549.2929
421	421	-1011.3341	-937.2861	-943.22404	74.047984	-992.02224	-929.90913	-929.89828
422	422	-1248.587	-1164.6322	-1170.3046	83.954842	-1229.5663	-1157.8864	-1157.8875
423	423	-1421.3723	-1404.2146	-1409.9195	17.157692	-1417.9062	-1396.6028	-1397.4926
424	424	-1259.2469	-1246.9249	-1252.8268	12.322035	-1255.7309	-1238.8821	-1239.9681
425	425	-1267.2624	-1209.8628	-1215.5596	57.399641	-1248.3709	-1202.5133	-1203.132
426	426	-1340.0376	-1302.7882	-1308.6826	37.249475	-1324.1411	-1294.6722	-1295.9191
427	427	-1339.7915	-1285.1583	-1291.1443	54.633191	-1322.9596	-1277.7296	-1277.643
428	428	-1179.4265	-1111.5885	-1117.1447	67.838052	-1160.2549	-1101.874	-1104.7805
429	429	-1394.4048	-1369.851	-1375.7306	24.553821	-1390.9324	-1363.0007	-1362.9931
430	430	-1400.8915	-1368.4913	-1373.7391	32.400292	-1397.4616	-1357.4531	-1361.845
431	431	-1580.3375	-1569.1921	-1575.0546	11.145467	-1576.9559	-1560.3349	-1562.404
432	432	-1516.0576	-1491.3534	-1497.109	24.704221	-1496.0172	-1484.5333	-1484.7774
433	433	-1107.7377	-1086.8163	-1092.655	20.921433	-1104.1004	-1079.1739	-1079.1891
434	434	-1260.547	-1201.0856	-1207.1173	59.461383	-1241.8222	-1193.382	-1193.1541
435	435	-1507.6258	-1417.5666	-1423.2577	90.059183	-1489.1539	-1411.1722	-1411.1714
436	436	-1332.2523	-1266.9097	-1272.8307	65.342628	-1313.4553	-1259.9987	-1259.997
437	437	-977.46798	-903.74172	-909.66031	73.726255	-958.21704	-896.28519	-896.28496
438	438	-1009.4683	-949.43883	-955.33644	60.029504	-1005.7121	-941.37819	-941.36139
439	439	-1254.0968	-1213.4067	-1219.3439	40.690042	-1250.5394	-1206.1245	-1206.3995
440	440	-1273.8062	-1225.6039	-1231.2777	48.202232	-1258.5738	-1217.984	-1218.8445
441	441	-1520.5319	-1475.0187	-1481.1195	45.513134	-1510.031	-1465.8393	-1465.8488
442	442	-1332.7201	-1286.8588	-1292.7759	45.861348	-1312.5093	-1279.2315	-1279.2147
443	443	-1117.6042	-1073.5084	-1079.1696	44.095807	-1113.9556	-1066.5171	-1066.521
444	444	-1362.7562	-1316.3357	-1321.9987	46.420479	-1343.2379	-1309.6729	-1309.6721
445	445	-1291.9496	-1209.7865	-1215.887	82.163074	-1273.1091	-1201.8824	-1201.8002
446	446	-1448.3677	-1396.4936	-1402.2864	51.874097	-1444.8955	-1388.0716	-1389.663
447	447	-1499.9962	-1452.6379	-1458.3129	47.358323	-1481.3514	-1446.184	-1446.1862
448	448	-1754.3311	-1717.4199	-1723.108	36.911195	-1735.5093	-1709.7248	-1711.0552
449	449	-1239.7453	-1181.9268	-1187.618	57.818506	-1230.633	-1175.1776	-1175.1774
450	450	-1482.8654	-1444.2725	-1450.187	38.592954	-1479.4012	-1437.574	-1437.565
451	451	-1253.8321	-1195.4733	-1201.4073	58.358753	-1235.1317	-1187.6424	-1187.6284
452	452	-1250.6423	-1243.905	-1249.7438	6.7372819	-1247.1161	-1235.1394	-1237.0042
453	453	-1419.0059	-1362.4338	-1368.3562	56.57204	-1400.3784	-1354.1809	-1354.8812
454	454	-1662.2776	-1613.4742	-1619.3992	48.803446	-1652.1058	-1606.1285	-1606.0102
455	455	-1339.2815	-1280.7865	-1286.4682	58.494995	-1320.644	-1274.1453	-1274.146
456	456	-1959.5302	-1934.898	-1940.5951	24.632169	-1941.404	-1928.1034	-1928.0991
457	457	-1623.2564	-1626.274	-1627.7228	-3.0176275	-1619.9324	-1608.8613	-1617.6747
458	458	-919.79971	-848.22305	-854.11855	71.57665	-900.49323	-840.21068	-840.15151
459	459	-1464.8392	-1425.6253	-1431.3301	39.213813	-1452.9835	-1419.0103	-1419.0094
460	460	-1287.928	-1246.8805	-1252.7761	41.047437	-1270.1348	-1239.0121	-1240.0208
461	461	-1411.8844	-1361.7589	-1367.4369	50.125441	-1393.3651	-1355.1666	-1355.166
462	462	-1517.3758	-1474.5163	-1480.4731	42.85947	-1499.3026	-1467.7654	-1467.7568
463	463	-971.12658	-936.43221	-942.3206	34.694362	-967.34045	-927.50108	-927.47486
464	464	-1417.1692	-1359.4382	-1365.3594	57.731012	-1398.511	-1352.5754	-1352.5642
465	465	-1171.2654	-1120.8467	-1126.7429	50.418722	-1150.9638	-1113.0814	-1113.0706
466	466	-2156.6222	-2131.2077	-2137.1307	25.414455	-2142.8288	-2124.4163	-2124.1476
467	467	-1766.7777	-1746.9083	-1752.7877	19.869383	-1755.9724	-1738.9338	-1740.4164
468	468	-1539.0447	-1504.3952	-1510.3233	34.649499	-1525.7658	-1497.5415	-1497.7146
469	469	-1549.6634	-1540.9169	-1546.3693	8.7464611	-1546.2459	-1532.8484	-1533.9046
470	470	-1222.9882	-1198.2047	-1203.8581	24.783488	-1219.3972	-1190.7432	-1191.2294
471	471	-1697.0355	-1680.8749	-1686.7263	16.160647	-1693.7491	-1672.4821	-1674.2851
472	472	-1558.4742	-1541.4597	-1549.6712	17.01448	-1555.1301	-1534.6621	-1534.6567
473	473	-1113.2024	-1071.0673	-1076.7421	42.135111	-1109.5501	-1064.0726	-1064.0722
474	474	-1268.8058	-1245.3135	-1251.2123	23.492258	-1265.2489	-1238.4132	-1238.4141
475	475	-1234.2209	-1220.8068	-1226.8411	13.414073	-1230.6695	-1209.1135	-1213.4512
476	476	-1100.393	-997.97767	-1003.8503	102.41534	-1080.5022	-990.90633	-990.90386
477	477	-1142.8776	-1133.7231	-1139.6142	9.1544658	-1139.2755	-1121.9428	-1126.2405
478	478	-1310.11	-1256.0401	-1261.8721	54.069853	-1291.3122	-1248.9653	-1248.647
479	479	-1480.9036	-1459.9566	-1465.8204	20.946998	-1477.474	-1453.2246	-1453.1859
480	480	-1599.4894	-1565.8588	-1571.3396	33.630679	-1586.5571	-1557.0977	-1559.3318
481	481	-1299.3536	-1252.571	-1258.4615	46.78265	-1280.138	-1244.97	-1244.938
482	482	-1340.9283	-1293.9651	-1299.6589	46.963139	-1322.6719	-1287.3278	-1287.3286
483	483	-1206.7306	-1156.1647	-1162.0513	50.565832	-1203.157	-1148.2359	-1149.0795
484	484	-1785.7439	-1755.6178	-1761.2982	30.126179	-1767.9359	-1749.288	-1749.2879
485	485	-1104.7418	-1034.6632	-1040.345	70.078507	-1085.7248	-1027.773	-1027.7729
486	486	-1490.9478	-1452.2248	-1458.1087	38.72306	-1471.9056	-1444.7545	-1444.736
487	487	-1313.4941	-1296.8788	-1301.5956	16.615325	-1309.983	-1288.901	-1289.5418
488	488	-1264.0162	-1179.0776	-1184.7614	84.938653	-1245.0187	-1172.3572	-1172.3574
489	489	-1622.4295	-1586.5802	-1592.484	35.849298	-1605.8832	-1579.1865	-1579.178
490	490	-1834.9912	-1802.3183	-1808.1983	32.672853	-1819.3333	-1795.0804	-1795.0768
491	491	-949.94919	-924.73416	-930.43692	25.215025	-946.16285	-915.19401	-917.38474
492	492	-1241.8421	-1169.3836	-1175.3194	72.458504	-1223.0234	-1161.456	-1161.4343
493	493	-725.86644	-691.9357	-697.74991	33.930736	-721.8188	-683.22233	-684.15881
494	494	-1507.809	-1462.3907	-1468.0822	45.418305	-1489.2215	-1455.8943	-1455.8937
495	495	-1583.2043	-1566.7872	-1573.572	16.417063	-1566.0119	-1560.3398	-1560.3172
496	496	-1787.8336	-1755.9021	-1761.7907	31.931514	-1766.7957	-1748.7359	-1748.584
497	497	-969.67544	-890.81789	-896.87892	78.857549	-950.25133	-882.82901	-882.46703
498	498	-1146.24	-1104.9581	-1110.8605	41.281908	-1142.6361	-1097.347	-1097.1774
499	499	-1339.6539	-1270.7303	-1276.4092	68.923606	-1321.5124	-1264.1378	-1264.1379
