No.	ID	loglik_NUll	loglik_RES	loglik_all	log_ratio	loglik_Max1	loglik_Max2	loglik_Max3
0	0	-771.97253	-760.51048	-764.02936	11.462042	-767.99152	-751.58484	-751.58738
1	1	-1147.2093	-1127.7835	-1131.5563	19.425883	-1143.5862	-1119.1119	-1119.1111
2	2	-762.75093	-761.45995	-765.0091	1.2909856	-758.77097	-750.9547	-752.46715
3	3	-793.96904	-783.19011	-786.71354	10.778929	-790.00825	-774.27624	-774.2765
4	4	-1045.4116	-1027.1998	-1030.7424	18.211823	-1041.7263	-1018.7585	-1018.7589
5	5	-744.57672	-746.89014	-748.78763	-2.3134128	-740.60639	-739.11306	-739.1127
6	6	-1651.1101	-1638.7471	-1642.2836	12.362941	-1647.7701	-1630.6241	-1630.725
7	7	-1418.7407	-1402.3968	-1406.2669	16.343806	-1415.2868	-1394.205	-1394.0653
8	8	-1047.364	-1036.3503	-1039.8923	11.013687	-1043.6772	-1027.8047	-1027.8042
9	9	-1214.2331	-1213.2444	-1216.9106	0.988731	-1210.6668	-1204.0729	-1204.0779
10	10	-1616.671	-1619.3308	-1620.8324	-2.6597883	-1613.3614	-1609.6991	-1613.0804
11	11	-765.34196	-758.34236	-762.38972	6.9995965	-761.34915	-747.49385	-747.50496
12	12	-1178.1523	-1158.3265	-1161.8877	19.825878	-1174.5859	-1150.0727	-1150.073
13	13	-1245.4795	-1241.7654	-1245.3166	3.7140907	-1241.9659	-1232.7213	-1233.3384
14	14	-1132.433	-1108.0443	-1111.5788	24.388716	-1128.7922	-1099.7111	-1099.7113
15	15	-970.74428	-965.70181	-969.33859	5.0424658	-967.00253	-955.85858	-955.65179
16	16	-1395.0259	-1387.5497	-1391.1101	7.4762366	-1391.5843	-1376.3268	-1379.2829
17	17	-1215.7393	-1213.0617	-1219.082	2.6776237	-1212.1976	-1203.0138	-1203.4578
18	18	-808.29034	-805.33613	-808.85527	2.9542108	-804.35391	-796.36176	-796.36081
19	19	-691.78136	-645.7638	-649.31587	46.017555	-687.65843	-636.7965	-636.79593
20	20	-1439.6671	-1439.1338	-1442.4916	0.53329236	-1436.1959	-1430.7663	-1430.7648
21	21	-1268.4078	-1269.6659	-1272.069	-1.258123	-1264.9147	-1261.6504	-1261.6504
22	22	-1119.82	-1113.5605	-1117.8301	6.2594484	-1116.1502	-1103.3839	-1103.366
23	23	-1215.7363	-1215.164	-1218.8186	0.5722571	-1212.2186	-1204.3409	-1205.8858
24	24	-1275.7268	-1277.2852	-1279.6468	-1.5583829	-1272.218	-1265.9953	-1268.7742
25	25	-927.64441	-923.77163	-927.47069	3.8727769	-923.861	-913.27406	-915.30698
26	26	-850.17885	-842.83283	-846.39147	7.3460195	-846.24995	-833.93641	-833.93676
27	27	-941.3359	-942.37642	-945.10588	-1.0405234	-937.57197	-932.93533	-933.50897
28	28	-1327.8058	-1330.7591	-1331.9661	-2.9533517	-1324.2836	-1319.8573	-1322.6253
29	29	-901.45048	-889.5748	-893.37261	11.875679	-897.60212	-877.67832	-880.07965
30	30	-1264.1125	-1249.7828	-1253.2117	14.329697	-1260.5564	-1236.9816	-1241.3116
31	31	-1256.2744	-1230.851	-1234.4033	25.423376	-1252.7832	-1222.7242	-1222.7244
32	32	-1242.2558	-1243.2848	-1246.7234	-1.029	-1238.7213	-1222.9581	-1232.8967
33	33	-890.78947	-861.82724	-865.3398	28.962237	-886.91558	-853.17714	-853.17638
34	34	-983.57893	-983.00105	-986.08601	0.57787503	-979.83479	-973.0367	-974.00449
35	35	-918.30151	-896.69425	-900.55369	21.607264	-914.51724	-887.36381	-887.36389
36	36	-1171.7731	-1164.8158	-1168.569	6.9573323	-1168.2168	-1154.5525	-1155.8838
37	37	-1036.5867	-1038.1503	-1040.5462	-1.5636495	-1032.8976	-1028.5417	-1028.5212
38	38	-1277.5873	-1263.712	-1267.4808	13.875239	-1274.0579	-1255.1172	-1255.1175
39	39	-1757.6006	-1756.8909	-1760.4496	0.70972605	-1754.333	-1744.9122	-1748.7717
40	40	-1437.376	-1428.5913	-1432.1049	8.7847555	-1433.9531	-1419.8862	-1420.3802
41	41	-979.29518	-963.91412	-967.7876	15.381061	-975.52455	-954.57973	-954.57035
42	42	-1031.1001	-1033.1065	-1035.1611	-2.006391	-1027.4126	-1024.3537	-1024.3182
43	43	-894.4667	-884.72695	-888.6457	9.7397507	-890.60656	-875.15995	-875.16085
44	44	-1725.1875	-1722.394	-1726.0661	2.793532	-1721.8956	-1714.2219	-1714.2131
45	45	-1630.2108	-1617.8884	-1621.1425	12.322368	-1626.8764	-1602.3334	-1609.8584
46	46	-1483.9617	-1478.7971	-1483.2745	5.1645286	-1480.5245	-1469.0333	-1468.3373
47	47	-1175.1387	-1176.1979	-1178.9317	-1.0592113	-1171.5647	-1164.2855	-1167.5714
48	48	-935.01824	-937.6918	-939.21254	-2.6735585	-931.25719	-929.65452	-929.60437
49	49	-722.16714	-699.95972	-703.51723	22.207424	-718.12031	-691.01554	-691.01529
50	50	-902.20204	-887.9154	-891.58542	14.286642	-898.39017	-875.25464	-878.37892
51	51	-1382.057	-1354.7634	-1358.3525	27.293622	-1378.5863	-1346.7044	-1346.7044
52	52	-1535.6081	-1537.3269	-1539.6248	-1.7188314	-1532.2619	-1529.3473	-1529.3391
53	53	-1307.1528	-1300.0168	-1303.7591	7.13595	-1303.6708	-1289.4191	-1291.5386
54	54	-1391.4068	-1391.8551	-1394.8408	-0.44826175	-1387.9083	-1382.0149	-1382.0196
55	55	-606.59303	-602.75611	-606.4125	3.8369135	-602.39537	-592.66232	-592.66312
56	56	-1922.8305	-1921.9049	-1925.4529	0.92559516	-1919.6743	-1913.7117	-1913.71
57	57	-1261.2419	-1251.7391	-1255.4518	9.5028596	-1257.7299	-1243.1839	-1243.1607
58	58	-1369.9737	-1363.7547	-1367.4712	6.2190128	-1366.4792	-1355.0052	-1355.0035
59	59	-1428.86	-1426.5113	-1430.0519	2.3487291	-1425.4206	-1416.3498	-1418.3764
60	60	-1121.2389	-1124.1904	-1125.433	-2.9515541	-1117.6101	-1112.777	-1114.3178
61	61	-753.91573	-732.72106	-736.30169	21.194675	-749.86776	-723.84591	-723.84565
62	62	-1332.9756	-1331.3779	-1337.4432	1.5977005	-1329.4926	-1320.1579	-1324.6404
63	63	-1378.6996	-1366.9224	-1370.4049	11.777225	-1375.2411	-1358.195	-1358.6905
64	64	-878.42006	-861.28733	-864.83452	17.132736	-874.57362	-852.58026	-852.58124
65	65	-1080.6264	-1074.6361	-1078.172	5.990208	-1076.9598	-1061.0822	-1066.0905
66	66	-1444.2929	-1439.2155	-1442.7775	5.0773931	-1440.87	-1430.3326	-1430.9724
67	67	-1213.2291	-1211.269	-1214.4054	1.9601156	-1209.6671	-1201.9215	-1201.8835
68	68	-1167.3917	-1160.9496	-1164.4743	6.4421058	-1163.8068	-1152.5028	-1152.5034
69	69	-1082.2665	-1074.1711	-1077.9866	8.0954463	-1078.6278	-1065.1538	-1065.1535
70	70	-1833.5681	-1806.5778	-1810.1133	26.990277	-1822.7288	-1798.8527	-1798.8537
71	71	-979.12629	-967.03455	-970.58149	12.091741	-975.38359	-958.44452	-958.44424
72	72	-1148.0568	-1149.9604	-1152.1984	-1.9035773	-1144.4846	-1141.955	-1141.9534
73	73	-1504.7058	-1503.3081	-1506.8624	1.3976948	-1501.2896	-1494.7433	-1495.0027
74	74	-1198.4763	-1200.7546	-1202.6805	-2.2782591	-1194.9329	-1193.4483	-1193.4423
75	75	-1007.2215	-990.78954	-994.33519	16.432013	-1003.513	-982.28077	-982.27946
76	76	-1286.7265	-1288.9531	-1290.9211	-2.2266038	-1283.2014	-1276.5979	-1281.3278
77	77	-1402.3867	-1398.2701	-1402.0743	4.1166188	-1398.937	-1389.4706	-1389.6718
78	78	-1175.8852	-1157.8063	-1161.5771	18.078831	-1172.2922	-1149.0554	-1149.0532
79	79	-858.8044	-856.66858	-860.21831	2.1358236	-854.96021	-847.79427	-847.7933
80	80	-1279.2941	-1260.5123	-1264.0636	18.781837	-1275.7839	-1252.2953	-1252.2955
81	81	-1119.5488	-1104.2882	-1110.1167	15.260582	-1115.9033	-1091.5069	-1094.4853
82	82	-1173.1335	-1150.3501	-1154.0752	22.783446	-1169.5539	-1141.7992	-1141.7898
83	83	-1529.592	-1525.0824	-1528.7977	4.5095895	-1526.2326	-1510.5206	-1516.676
84	84	-1198.6736	-1196.3162	-1199.6859	2.3574332	-1195.117	-1184.1234	-1187.8372
85	85	-951.74563	-943.66156	-947.53873	8.0840695	-947.99794	-933.88094	-934.31117
86	86	-850.70931	-850.8154	-853.99584	-0.10608928	-846.83985	-841.86553	-841.86771
87	87	-1279.2536	-1281.919	-1283.4521	-2.665418	-1275.7695	-1273.565	-1275.5612
88	88	-1230.6878	-1230.0333	-1233.5259	0.65453325	-1227.1151	-1220.7145	-1221.6452
89	89	-1074.3326	-1074.3719	-1077.5445	-0.03927039	-1070.6886	-1063.6534	-1065.7101
90	90	-1263.9602	-1260.2231	-1263.9452	3.7370644	-1260.4554	-1248.0491	-1252.0145
91	91	-1053.4577	-1051.597	-1055.1218	1.8606643	-1049.8175	-1041.6121	-1042.2007
92	92	-1353.4114	-1339.4728	-1342.974	13.938651	-1349.9322	-1329.4029	-1331.2624
93	93	-1143.7388	-1129.2039	-1132.4778	14.534826	-1140.1387	-1117.9962	-1120.8107
94	94	-1849.099	-1844.6309	-1848.1243	4.468083	-1845.8873	-1836.6023	-1836.6048
95	95	-894.35707	-890.12764	-893.86231	4.2294301	-890.52618	-877.53601	-880.23654
96	96	-892.90141	-875.89437	-879.46285	17.007046	-889.03932	-867.16951	-867.16883
97	97	-1520.7177	-1515.8949	-1519.8904	4.8228038	-1517.3059	-1503.9647	-1506.1842
98	98	-1118.7528	-1097.1452	-1100.6959	21.607562	-1115.127	-1088.8074	-1088.8073
99	99	-1457.9445	-1450.63	-1453.9217	7.3145127	-1454.4934	-1442.8274	-1442.8295
100	100	-1627.2935	-1623.9584	-1627.4956	3.3350199	-1623.9692	-1614.6974	-1615.8041
101	101	-555.67283	-539.66424	-543.96965	16.008586	-551.35083	-528.87657	-528.87568
102	102	-924.7027	-913.86527	-917.42874	10.837435	-920.89054	-905.16366	-905.1638
103	103	-621.0325	-611.97374	-615.55208	9.0587593	-616.86523	-602.76917	-602.76793
104	104	-1410.5398	-1394.5176	-1397.6538	16.022128	-1407.0805	-1382.3531	-1386.1951
105	105	-1668.7926	-1661.215	-1666.1173	7.5775609	-1665.4768	-1651.0325	-1651.1195
106	106	-1082.1205	-1056.802	-1060.3444	25.318459	-1078.4666	-1048.4506	-1048.4501
107	107	-1698.485	-1692.0922	-1695.789	6.3927333	-1695.1725	-1682.9186	-1684.0609
108	108	-1237.5767	-1238.7645	-1241.4718	-1.1877841	-1234.0346	-1229.8061	-1229.7946
109	109	-960.04969	-947.3074	-950.85478	12.742291	-956.2786	-938.67227	-938.67269
110	110	-1289.3365	-1290.4328	-1293.3093	-1.096291	-1285.8647	-1281.3753	-1281.3643
111	111	-926.85105	-905.25138	-908.78603	21.599665	-923.02586	-896.63588	-896.63746
112	112	-685.33215	-677.61313	-681.16211	7.7190149	-681.27638	-668.51329	-668.51256
113	113	-1223.9003	-1223.8478	-1227.8496	0.052527656	-1220.2888	-1211.984	-1212.9007
114	114	-1462.144	-1457.321	-1460.8661	4.8229846	-1458.7299	-1449.1104	-1449.1138
115	115	-863.7883	-845.76526	-849.68042	18.023039	-859.91235	-836.1584	-836.15671
116	116	-1076.4625	-1079.1318	-1080.6803	-2.6692249	-1072.8302	-1071.0346	-1070.2849
117	117	-906.50386	-887.31702	-890.86238	19.186846	-902.67767	-876.77759	-878.63447
118	118	-1368.387	-1366.7846	-1372.1694	1.6023922	-1364.8777	-1356.062	-1357.8354
119	119	-1350.5939	-1349.5536	-1353.2743	1.0403669	-1347.1609	-1340.8248	-1340.8127
120	120	-994.51518	-979.80268	-983.3147	14.712493	-990.77576	-970.14329	-971.19707
121	121	-1104.8854	-1096.3032	-1100.3654	8.582212	-1101.2419	-1083.3487	-1087.3424
122	122	-2121.0907	-2117.7595	-2123.4058	3.3312194	-2117.9969	-2107.6422	-2107.87
123	123	-803.96713	-781.29966	-784.83397	22.667472	-799.99669	-772.54252	-772.54234
124	124	-1371.7646	-1373.9959	-1375.9348	-2.2312854	-1368.2678	-1360.4024	-1364.5958
125	125	-1128.8931	-1111.6963	-1115.4046	17.196865	-1125.2682	-1103.1617	-1103.1511
126	126	-736.4286	-722.66177	-727.40527	13.766831	-732.39096	-711.66507	-711.52118
127	127	-720.63132	-701.34707	-705.54862	19.284248	-716.63458	-691.4408	-691.43773
128	128	-832.15167	-813.66667	-817.17647	18.484999	-828.22277	-804.88201	-804.88305
129	129	-1012.622	-1002.5866	-1006.7333	10.035318	-1008.8969	-990.54493	-992.93958
130	130	-993.86546	-976.86216	-980.39425	17.003299	-990.13647	-968.29884	-968.29916
131	131	-1182.0765	-1177.1801	-1181.0167	4.8963849	-1178.5054	-1168.1527	-1168.152
132	132	-1602.4923	-1604.0447	-1606.5197	-1.552407	-1599.1613	-1595.7085	-1595.1944
133	133	-1038.5135	-1033.4005	-1037.2515	5.1129613	-1034.7994	-1024.0394	-1024.0405
134	134	-1235.809	-1228.2364	-1231.7767	7.5726037	-1232.2627	-1219.8764	-1219.8769
135	135	-1024.2345	-1001.959	-1005.8213	22.275554	-1020.5062	-992.85907	-992.85573
136	136	-1381.9856	-1382.4464	-1386.1645	-0.46077868	-1378.4943	-1373.4421	-1372.7202
137	137	-837.54283	-813.16545	-816.73416	24.377372	-833.62309	-804.45495	-804.45486
138	138	-1088.1269	-1077.594	-1081.1558	10.53292	-1084.4486	-1069.0633	-1069.0639
139	139	-1886.7828	-1876.4357	-1879.9825	10.347111	-1883.608	-1868.5994	-1868.6
140	140	-1174.5678	-1167.4639	-1171.5017	7.1038647	-1170.9984	-1157.4608	-1157.7093
141	141	-945.02328	-929.4801	-933.01572	15.543184	-941.21495	-920.8233	-920.82351
142	142	-880.13625	-880.30784	-883.45913	-0.17159247	-876.27618	-870.82119	-871.10437
143	143	-1190.2392	-1187.7192	-1191.0954	2.5199813	-1186.6592	-1174.0701	-1179.1602
144	144	-1024.6379	-1022.3923	-1025.6956	2.2455801	-1020.9402	-1007.3798	-1013.7182
145	145	-819.50368	-791.26392	-794.77573	28.239762	-815.53588	-782.55414	-782.55339
146	146	-1003.4474	-1002.7672	-1006.3123	0.68013638	-999.7255	-991.69446	-994.01588
147	147	-1309.4039	-1295.3698	-1299.1791	14.034125	-1305.8743	-1286.4642	-1286.2377
148	148	-886.94021	-885.06775	-888.58776	1.8724628	-883.09725	-876.00084	-876.16198
149	149	-1478.9102	-1478.4101	-1481.9059	0.50017433	-1475.4929	-1469.1707	-1469.7603
150	150	-1015.4898	-1008.8408	-1012.3729	6.6490254	-1011.7881	-998.48369	-1000.224
151	151	-1063.7616	-1055.1956	-1058.9714	8.5659596	-1060.1011	-1045.2728	-1046.1142
152	152	-1164.6686	-1159.9102	-1163.4452	4.7584638	-1161.0814	-1151.4308	-1151.4315
153	153	-735.29689	-712.37755	-716.31878	22.919347	-731.23206	-700.86698	-701.85347
154	154	-799.12903	-788.36799	-791.91762	10.761033	-795.18711	-778.73306	-779.49286
155	155	-1631.6806	-1623.5831	-1626.8884	8.0975266	-1627.9073	-1614.2443	-1614.1919
156	156	-1056.4532	-1027.0445	-1030.8328	29.408732	-1052.7814	-1018.225	-1018.1674
157	157	-834.87919	-832.22639	-836.01083	2.6528005	-830.97805	-822.08129	-822.09926
158	158	-974.30411	-969.20735	-972.73609	5.096768	-970.55876	-960.52181	-960.52251
159	159	-1797.9665	-1800.4509	-1802.1368	-2.4843397	-1794.7543	-1789.9987	-1792.8815
160	160	-776.6901	-769.83654	-773.93973	6.8535631	-772.67653	-759.26528	-759.93557
161	161	-1132.919	-1123.2049	-1127.0193	9.7141444	-1129.3057	-1114.1618	-1114.1609
162	162	-762.42152	-738.45931	-741.98752	23.962215	-758.40625	-729.59135	-729.59473
163	163	-1199.8153	-1202.0795	-1204.009	-2.264184	-1196.2372	-1191.3186	-1194.1534
164	164	-1251.0884	-1251.8332	-1255.0002	-0.74485759	-1247.5586	-1241.7231	-1241.7225
165	165	-1155.3209	-1154.2618	-1153.5096	1.0591634	-1151.7254	-1133.6736	-1145.7072
166	166	-874.08042	-874.5227	-877.62401	-0.44227617	-870.2462	-864.7152	-865.40641
167	167	-1520.8674	-1523.2841	-1525.0415	-2.4166603	-1517.471	-1507.2008	-1515.392
168	168	-1528.6298	-1529.0024	-1532.2442	-0.37258952	-1525.2591	-1520.3518	-1520.0746
169	169	-1331.8592	-1321.3507	-1324.8646	10.508583	-1328.3675	-1313.0711	-1313.0688
170	170	-1029.5692	-1015.907	-1019.4565	13.66219	-1025.9014	-1007.4289	-1007.4292
171	171	-956.49219	-953.56907	-956.7918	2.923126	-952.68582	-945.31449	-945.31529
172	172	-1689.4529	-1674.3189	-1677.8427	15.133947	-1686.1699	-1666.3766	-1666.3766
173	173	-886.35852	-868.76047	-872.67913	17.598055	-882.4561	-858.87211	-859.33087
174	174	-1062.9491	-1027.0928	-1030.6352	35.856245	-1059.2457	-1018.7371	-1018.7372
175	175	-980.86344	-949.91512	-953.47262	30.948319	-977.10924	-941.45193	-941.45176
176	176	-1173.5443	-1162.1023	-1165.8871	11.442003	-1169.9473	-1152.7496	-1153.3158
177	177	-894.73956	-880.15449	-883.91711	14.585066	-890.90491	-868.46032	-870.57266
178	178	-1135.7607	-1138.7169	-1139.9526	-2.956177	-1132.1899	-1129.1465	-1130.337
179	179	-1335.4061	-1317.9459	-1321.5032	17.460197	-1331.8684	-1309.7352	-1309.7353
180	180	-1501.4147	-1503.646	-1505.5917	-2.2313133	-1497.9974	-1494.7743	-1495.0581
181	181	-1093.7639	-1092.3544	-1095.899	1.4095031	-1090.143	-1081.0838	-1083.7013
182	182	-912.23248	-912.70888	-915.77513	-0.47639648	-908.43026	-901.77761	-903.85369
183	183	-996.2573	-995.18876	-998.97754	1.068537	-992.52555	-981.27948	-985.38402
184	184	-1478.3863	-1472.0381	-1475.5585	6.3482778	-1474.9799	-1463.7919	-1463.7919
185	185	-1387.3526	-1377.224	-1380.7775	10.128611	-1383.8848	-1368.9909	-1368.9915
186	186	-1460.1685	-1461.3857	-1464.0624	-1.2172632	-1456.7518	-1453.2068	-1453.2076
187	187	-1152.4628	-1138.5787	-1142.3101	13.884027	-1148.8372	-1129.7917	-1129.7882
188	188	-1319.9628	-1314.908	-1318.5644	5.0548236	-1316.4427	-1302.7379	-1306.1471
189	189	-982.91744	-962.43713	-966.27697	20.480311	-979.15184	-953.15541	-953.15555
190	190	-1632.4789	-1635.0796	-1636.6593	-2.6007577	-1629.1263	-1619.3588	-1627.2621
191	191	-1080.7994	-1079.1573	-1082.7185	1.6421158	-1077.1377	-1068.879	-1070.5268
192	192	-1422.9384	-1419.1965	-1423.1837	3.7418476	-1419.476	-1409.9424	-1409.9351
193	193	-1002.9099	-995.4604	-999.31842	7.4495111	-999.17293	-986.16877	-986.1649
194	194	-1352.4192	-1344.5589	-1344.8008	7.8603354	-1348.8835	-1329.0186	-1336.2168
195	195	-1172.639	-1173.2203	-1176.5213	-0.58123187	-1169.0561	-1158.0453	-1164.4983
196	196	-1390.0763	-1385.4706	-1389.2434	4.6056462	-1386.5913	-1376.6601	-1376.6324
197	197	-1376.0958	-1378.7752	-1380.3086	-2.6794012	-1372.6194	-1369.1489	-1370.6713
198	198	-870.14367	-863.39666	-866.93484	6.7470111	-866.26588	-854.53155	-854.53072
199	199	-885.14225	-887.81228	-889.32061	-2.6700264	-881.31884	-880.55407	-882.038
200	200	-1141.8843	-1126.0209	-1129.8106	15.863402	-1138.3033	-1116.0159	-1117.1037
201	201	-1283.2429	-1285.7296	-1287.4501	-2.4867125	-1279.7496	-1276.6994	-1276.0001
202	202	-881.96535	-877.6482	-881.21261	4.3171469	-878.1226	-868.80618	-868.80627
203	203	-1030.7376	-1021.9728	-1025.5257	8.7647482	-1027.0408	-1013.3788	-1013.3782
204	204	-1034.2612	-1027.947	-1031.5063	6.3142708	-1030.5755	-1019.3258	-1019.3259
205	205	-1427.0199	-1419.2492	-1422.8187	7.7706212	-1423.5571	-1410.982	-1410.9822
206	206	-1443.0482	-1425.0259	-1429.2323	18.022373	-1428.5775	-1415.7925	-1415.7935
207	207	-1365.1163	-1365.4432	-1368.8895	-0.32692661	-1361.6324	-1354.9603	-1356.6531
208	208	-962.12227	-957.83016	-961.71927	4.2921024	-958.32514	-948.21213	-948.20823
209	209	-1204.047	-1197.8199	-1201.3612	6.2271264	-1200.4805	-1189.3997	-1189.3993
210	210	-1187.9379	-1169.5821	-1173.5251	18.355721	-1184.3461	-1160.5207	-1160.4965
211	211	-1057.6298	-1040.9583	-1045.1045	16.671553	-1053.94	-1031.0592	-1030.9826
212	212	-1094.5191	-1069.4105	-1072.9415	25.108609	-1090.8641	-1061.0438	-1061.0439
213	213	-829.74359	-813.48887	-817.03302	16.254721	-825.7916	-804.66722	-804.66783
214	214	-828.30141	-771.953	-775.49787	56.34841	-824.32266	-763.32509	-763.32405
215	215	-795.18003	-778.0554	-781.57131	17.124632	-791.18662	-769.1866	-769.18514
216	216	-978.30497	-970.7592	-974.64	7.5457702	-974.56998	-961.33338	-961.32202
217	217	-2053.3986	-2033.7845	-2037.3286	19.614071	-2042.2315	-2026.1388	-2026.1387
218	218	-1307.4005	-1307.82	-1310.5373	-0.4195223	-1303.8496	-1297.9001	-1299.0354
219	219	-1150.3437	-1143.243	-1146.7921	7.1006157	-1146.7382	-1134.7544	-1134.7552
220	220	-1038.9507	-1020.1913	-1023.7252	18.759382	-1035.2552	-1011.7116	-1011.711
221	221	-643.6928	-628.49781	-632.05627	15.194988	-639.54291	-619.35775	-619.35955
222	222	-963.79011	-962.72937	-966.45689	1.0607415	-960.04941	-951.77924	-953.18948
223	223	-1734.9915	-1732.8342	-1733.6425	2.1572811	-1731.7337	-1713.2642	-1724.7413
224	224	-1841.2667	-1841.0071	-1844.2853	0.25956398	-1838.0597	-1828.7267	-1832.939
225	225	-999.33601	-992.87479	-996.44373	6.4612216	-995.65582	-984.24644	-984.24602
226	226	-1819.317	-1819.858	-1823.387	-0.54100759	-1816.1033	-1804.9224	-1811.4687
227	227	-1867.3686	-1869.6188	-1871.5623	-2.2501145	-1864.1889	-1859.4737	-1861.6982
228	228	-1031.038	-1030.3565	-1035.217	0.6815115	-1027.3617	-1019.6187	-1023.49
229	229	-1346.1903	-1341.4301	-1345.224	4.760194	-1342.6622	-1330.8816	-1332.7069
230	230	-1183.3316	-1180.696	-1182.414	2.6356347	-1179.7402	-1166.3207	-1172.1408
231	231	-848.71389	-827.28463	-830.82495	21.429263	-844.77939	-818.54419	-818.54456
232	232	-1217.1454	-1208.8289	-1212.3939	8.3165351	-1213.561	-1200.4572	-1200.4574
233	233	-933.45254	-927.40616	-931.31007	6.0463771	-929.66996	-917.94989	-917.94793
234	234	-1524.7098	-1518.2292	-1521.7174	6.4806434	-1521.3253	-1510.0365	-1510.037
235	235	-1393.1017	-1380.9117	-1384.3059	12.190002	-1389.6065	-1370.8929	-1372.6897
236	236	-656.95539	-648.3976	-651.91102	8.5577861	-652.83508	-639.22275	-639.222
237	237	-1631.2532	-1631.3658	-1634.4697	-0.11265926	-1627.9242	-1621.8405	-1621.8424
238	238	-1540.8591	-1520.3468	-1524.0515	20.51235	-1537.4852	-1512.571	-1512.5648
239	239	-1127.0829	-1102.7408	-1106.2996	24.342074	-1123.4351	-1094.3984	-1094.3986
240	240	-1737.4755	-1738.9039	-1741.445	-1.4284065	-1729.0024	-1724.3298	-1724.8102
241	241	-1125.573	-1111.8068	-1115.3347	13.766224	-1121.9631	-1103.41	-1103.4108
242	242	-1226.231	-1228.6829	-1230.3984	-2.4519426	-1222.711	-1216.2371	-1220.717
243	243	-1917.0533	-1915.7778	-1919.0291	1.2755137	-1913.9083	-1906.2185	-1908.2417
244	244	-943.72018	-940.86952	-945.62102	2.8506597	-939.97386	-924.95177	-929.17167
245	245	-1019.9727	-1019.8491	-1023.1123	0.12356276	-1016.2993	-1010.0702	-1011.1344
246	246	-1397.4844	-1393.5502	-1397.115	3.9342693	-1394.0186	-1385.2372	-1385.2375
247	247	-927.64949	-924.27652	-927.84459	3.3729763	-923.85022	-914.46781	-915.47668
248	248	-1378.4431	-1372.0615	-1375.7623	6.3816612	-1374.9485	-1363.3562	-1363.738
249	249	-1242.5197	-1238.7284	-1242.2681	3.7913326	-1238.976	-1226.3913	-1230.2653
250	250	-838.07887	-830.61378	-834.16396	7.4650877	-834.18848	-821.75257	-821.75258
251	251	-970.13752	-965.83656	-969.9116	4.3009575	-966.38091	-952.61233	-957.56779
252	252	-1278.0927	-1264.1336	-1267.6706	13.959106	-1274.566	-1255.8421	-1255.8421
253	253	-1121.4258	-1124.1095	-1125.6158	-2.6836419	-1117.8501	-1116.3504	-1116.4152
254	254	-1728.2232	-1730.88	-1732.4303	-2.6568268	-1724.9287	-1719.2012	-1723.659
255	255	-1364.8011	-1352.0728	-1355.853	12.728358	-1361.3021	-1339.8875	-1343.5651
256	256	-1749.291	-1749.484	-1753.008	-0.19297752	-1746.0274	-1734.3357	-1740.0897
257	257	-1420.1471	-1408.3081	-1411.638	11.839004	-1416.6632	-1397.6473	-1400.0578
258	258	-855.58233	-821.87947	-825.43346	33.702869	-851.66199	-813.26479	-813.26335
259	259	-1213.4272	-1213.9243	-1217.604	-0.49707245	-1209.8685	-1203.1753	-1205.5015
260	260	-1207.4709	-1209.5514	-1211.6093	-2.0805059	-1203.8458	-1199.8935	-1202.3502
261	261	-2068.8974	-2065.8355	-2069.365	3.0618599	-2065.7569	-2057.2689	-2057.9754
262	262	-1428.7889	-1428.0415	-1431.7301	0.74742555	-1425.3507	-1415.8796	-1419.0251
263	263	-1125.7748	-1103.7842	-1107.5153	21.990526	-1122.1672	-1095.1583	-1095.1503
264	264	-1483.0421	-1464.6773	-1467.8561	18.364748	-1479.6247	-1453.474	-1456.6248
265	265	-1533.1271	-1509.6986	-1513.2225	23.428487	-1529.7272	-1501.678	-1501.6781
266	266	-1287.1322	-1281.8202	-1285.6658	5.3120409	-1283.6056	-1263.9451	-1273.435
267	267	-1077.0556	-1073.5317	-1077.1006	3.5238502	-1073.4213	-1063.8275	-1064.9631
268	268	-1280.4141	-1282.0086	-1284.3859	-1.594573	-1276.9071	-1270.7237	-1273.7391
269	269	-916.44474	-912.7411	-914.66207	3.7036349	-912.62466	-895.77406	-903.87791
270	270	-788.67662	-758.34747	-762.29379	30.329151	-784.6916	-748.75244	-748.75821
271	271	-1114.7148	-1115.6794	-1118.9239	-0.96463307	-1111.118	-1102.5128	-1104.7929
272	272	-1171.2082	-1165.2724	-1169.2405	5.9357319	-1167.6114	-1155.9297	-1157.437
273	273	-1470.1244	-1465.1548	-1468.891	4.9696069	-1466.7058	-1456.7745	-1456.7772
274	274	-1173.8773	-1173.0235	-1176.5529	0.85379406	-1170.329	-1164.5172	-1164.518
275	275	-964.32301	-956.87608	-959.52217	7.4469309	-960.567	-943.93294	-948.2073
276	276	-707.05553	-706.95971	-710.43704	0.095825935	-703.01124	-697.80188	-698.04366
277	277	-1269.1318	-1261.5735	-1265.3569	7.5582483	-1265.5772	-1252.7884	-1252.7803
278	278	-1193.3934	-1184.9317	-1188.7094	8.4617169	-1189.8459	-1176.1878	-1176.1893
279	279	-876.58328	-858.80043	-862.36522	17.782852	-872.69957	-850.06829	-850.07056
280	280	-1460.4108	-1443.0838	-1446.5356	17.327082	-1456.9544	-1431.7066	-1434.9581
281	281	-975.8586	-958.77472	-962.30878	17.083878	-972.10992	-950.19942	-950.19918
282	282	-1138.3781	-1137.1636	-1140.5785	1.2144449	-1134.7669	-1128.5398	-1128.5402
283	283	-1214.3424	-1206.1871	-1209.7598	8.1553734	-1210.7844	-1197.8063	-1197.8069
284	284	-1345.0554	-1329.9914	-1334.1692	15.064064	-1341.5413	-1320.7283	-1320.7153
285	285	-1623.5299	-1624.8554	-1627.3243	-1.3255251	-1620.1936	-1613.8239	-1616.0213
286	286	-1154.6406	-1147.2681	-1151.0851	7.3725382	-1151.059	-1138.2361	-1138.2242
287	287	-652.51207	-637.77617	-641.33228	14.735897	-648.40012	-628.67935	-628.67799
288	288	-1184.2468	-1171.5824	-1175.1269	12.664345	-1180.7152	-1163.2489	-1163.2494
289	289	-1426.3942	-1415.4357	-1418.9632	10.958493	-1422.9462	-1407.1741	-1407.1741
290	290	-844.41994	-817.71506	-821.2711	26.704877	-840.54323	-809.0578	-809.05971
291	291	-1000.7204	-986.39265	-989.94374	14.327786	-996.9824	-977.82121	-977.82187
292	292	-1625.1068	-1606.1029	-1609.6284	19.00395	-1621.7475	-1598.1006	-1598.1016
293	293	-1003.1378	-996.13853	-999.69834	6.9992946	-999.40788	-987.49003	-987.49012
294	294	-654.73929	-642.95045	-646.49969	11.788836	-650.62037	-633.42379	-633.86594
295	295	-1150.3659	-1149.945	-1154.0573	0.42087704	-1146.7879	-1136.3176	-1139.2303
296	296	-1371.1696	-1360.4449	-1364.1636	10.724731	-1367.6674	-1351.8517	-1351.8407
297	297	-1194.3324	-1197.0058	-1198.502	-2.6734741	-1190.7806	-1189.4847	-1189.9231
298	298	-1201.9759	-1182.692	-1186.2198	19.283849	-1198.4068	-1174.4237	-1174.4243
299	299	-1157.8151	-1155.0618	-1158.6001	2.7533338	-1154.2164	-1144.2353	-1146.545
300	300	-1583.2217	-1582.6712	-1586.2084	0.55045049	-1579.8692	-1566.4511	-1573.6509
301	301	-864.84208	-853.09404	-856.61533	11.748042	-860.98258	-844.30525	-844.3075
302	302	-1398.1272	-1400.6348	-1402.3589	-2.5076479	-1394.6856	-1386.8932	-1393.6016
303	303	-1151.9737	-1153.7824	-1155.7655	-1.8087538	-1148.4071	-1142.7827	-1143.8688
304	304	-1197.9584	-1200.6432	-1202.1425	-2.6848578	-1194.3988	-1191.5916	-1192.2954
305	305	-787.09272	-785.97279	-789.20382	1.1199346	-783.1008	-770.7951	-775.33136
306	306	-1302.8511	-1289.16	-1292.7287	13.691157	-1299.3075	-1280.9428	-1280.9415
307	307	-1664.2486	-1665.4057	-1668.2409	-1.1570671	-1660.923	-1649.8525	-1656.8552
308	308	-1291.5392	-1280.2224	-1283.8932	11.316749	-1288.0449	-1269.2515	-1271.2888
309	309	-787.42727	-761.89448	-765.43071	25.532796	-783.4807	-753.10781	-753.10875
310	310	-670.98109	-650.61642	-654.15511	20.364673	-666.87334	-641.60082	-641.60153
311	311	-1543.2575	-1543.4863	-1546.9421	-0.22874471	-1539.8677	-1532.273	-1535.0456
312	312	-902.42242	-895.99373	-899.55044	6.4286908	-898.59238	-887.25322	-887.25369
313	313	-1135.6237	-1130.6672	-1134.209	4.9565113	-1132.0167	-1122.1438	-1122.1439
314	314	-1283.9954	-1285.5423	-1287.9955	-1.5468722	-1280.5265	-1272.4846	-1277.306
315	315	-1051.0242	-1053.4677	-1055.2206	-2.4434546	-1047.364	-1041.7751	-1045.9061
316	316	-1033.0219	-1016.4492	-1020.24	16.572617	-1029.3063	-1007.4033	-1007.3973
317	317	-1255.2743	-1249.4575	-1253.0094	5.8168257	-1251.6934	-1241.0229	-1241.0223
318	318	-1183.1791	-1185.2479	-1187.3634	-2.0688594	-1179.6027	-1174.043	-1177.1129
319	319	-1766.2258	-1757.5977	-1761.2434	8.6280843	-1762.9668	-1748.3331	-1749.6967
320	320	-1376.1275	-1361.7579	-1365.4361	14.369656	-1372.6366	-1353.454	-1353.4543
321	321	-1035.9743	-1035.4249	-1038.8707	0.54942718	-1032.286	-1023.4319	-1025.8213
322	322	-1883.7385	-1872.4231	-1876.2452	11.315417	-1880.5303	-1863.8896	-1863.8904
323	323	-662.58204	-647.64354	-651.21186	14.938498	-658.43491	-638.51504	-638.5163
324	324	-1520.8292	-1523.0676	-1524.8261	-2.2383623	-1517.4468	-1510.0306	-1513.4482
325	325	-1229.9402	-1227.9055	-1231.452	2.0347161	-1226.4166	-1218.1957	-1219.4223
326	326	-1462.2572	-1463.4286	-1466.1846	-1.1714031	-1458.8379	-1451.7246	-1453.2236
327	327	-845.38407	-844.28516	-847.27099	1.0989095	-841.46273	-834.52368	-835.93057
328	328	-1477.8266	-1472.2109	-1476.1038	5.6156745	-1474.3578	-1460.487	-1463.3273
329	329	-989.70114	-979.5862	-983.50535	10.114936	-985.9526	-970.18703	-970.18701
330	330	-860.88381	-851.45259	-855.00373	9.431222	-856.99268	-842.43987	-842.61791
331	331	-1057.9627	-1039.9198	-1043.4462	18.042966	-1054.2814	-1031.483	-1031.4815
332	332	-618.85608	-609.12855	-612.66763	9.7275307	-614.64005	-599.55706	-599.8496
333	333	-1162.7626	-1158.142	-1161.6774	4.620618	-1159.182	-1145.9627	-1149.6374
334	334	-1360.3665	-1356.9036	-1361.2776	3.4628911	-1356.8905	-1345.0495	-1347.1764
335	335	-1084.1384	-1063.4447	-1067.0134	20.693751	-1080.4877	-1055.0464	-1055.0474
336	336	-997.41156	-987.24557	-991.05616	10.165986	-993.67689	-977.9947	-977.989
337	337	-1705.2127	-1697.5566	-1701.0942	7.6560747	-1701.9402	-1683.0659	-1689.5403
338	338	-1393.8837	-1389.6108	-1393.2988	4.2728974	-1390.4271	-1380.7773	-1381.0144
339	339	-847.71909	-820.58442	-824.10116	27.13467	-843.8131	-811.8857	-811.8849
340	340	-988.54194	-952.66924	-956.19736	35.872699	-984.74635	-944.17844	-944.17865
341	341	-1131.4175	-1126.3038	-1130.1127	5.1136976	-1127.8304	-1115.8727	-1117.2058
342	342	-916.32069	-894.36929	-897.93681	21.951392	-912.48241	-885.72351	-885.7239
343	343	-642.05604	-644.05006	-646.07016	-1.9940184	-637.90402	-632.99898	-634.14764
344	344	-2088.2638	-2085.712	-2089.561	2.5517651	-2085.1716	-2075.3126	-2076.6808
345	345	-821.00505	-823.49208	-825.15587	-2.4870289	-817.0636	-815.51854	-815.65678
346	346	-1207.5651	-1210.2377	-1211.7256	-2.6726108	-1204.0408	-1204.033	-1204.0189
347	347	-1183.6265	-1149.8223	-1153.3532	33.804197	-1180.0513	-1141.6231	-1141.6219
348	348	-732.08138	-722.72831	-726.2588	9.3530668	-728.0352	-713.48495	-713.72137
349	349	-991.7917	-990.49918	-994.42932	1.2925202	-988.0517	-981.05791	-981.0475
350	350	-1014.1259	-995.24756	-999.06472	18.878355	-1010.4262	-986.31764	-986.31498
351	351	-1094.7433	-1096.5549	-1098.7756	-1.811672	-1091.108	-1086.342	-1088.2553
352	352	-1580.3703	-1570.9785	-1574.5582	9.3918035	-1577.0653	-1562.3284	-1562.1342
353	353	-1564.6666	-1546.256	-1550.5268	18.41061	-1561.273	-1536.9025	-1536.8998
354	354	-1580.1815	-1582.8971	-1584.6944	-2.7156329	-1575.7107	-1573.7916	-1574.3348
355	355	-1744.7212	-1737.3786	-1741.0671	7.3425674	-1741.4506	-1728.6018	-1729.2734
356	356	-1036.2613	-1033.5345	-1037.258	2.7267804	-1032.5495	-1020.2518	-1022.6976
357	357	-567.59946	-552.81718	-556.35348	14.782282	-563.29822	-543.42965	-543.43156
358	358	-1075.1841	-1077.8558	-1079.341	-2.6716653	-1071.4991	-1070.0077	-1069.862
359	359	-1936.9608	-1931.8254	-1935.7406	5.1353703	-1929.6586	-1917.9102	-1920.7313
360	360	-1073.3875	-1071.3714	-1075.1462	2.0161177	-1069.702	-1059.1024	-1061.1212
361	361	-1216.7259	-1216.8951	-1220.5349	-0.16917771	-1213.1613	-1207.0057	-1207.0031
362	362	-1599.3338	-1590.8134	-1594.3939	8.5203491	-1596.0104	-1582.782	-1582.7818
363	363	-954.32432	-936.31918	-939.8898	18.005143	-950.54357	-927.74472	-927.74519
364	364	-1624.4486	-1627.0529	-1628.6272	-2.6043533	-1621.1512	-1617.915	-1618.838
365	365	-1708.9601	-1691.6647	-1695.2215	17.295355	-1705.6636	-1683.7435	-1683.7438
366	366	-1012.4975	-995.49115	-999.03931	17.006313	-1008.7701	-986.17456	-986.96114
367	367	-683.24876	-663.33175	-666.84346	19.917015	-679.16691	-654.28848	-654.29101
368	368	-1437.0989	-1439.111	-1441.2258	-2.0120855	-1433.6314	-1425.0673	-1431.1808
369	369	-1626.9333	-1621.3631	-1625.4099	5.570136	-1623.6323	-1609.5759	-1612.2447
370	370	-887.16665	-872.81148	-875.76953	14.35517	-883.29153	-860.11961	-864.07665
371	371	-1819.9157	-1820.7878	-1823.7986	-0.87210523	-1816.6906	-1810.9959	-1812.6574
372	372	-1091.7427	-1068.9023	-1072.6583	22.840334	-1088.0877	-1060.2246	-1060.2205
373	373	-1341.4297	-1328.4883	-1331.9781	12.941334	-1337.9095	-1320.1981	-1320.1975
374	374	-932.96883	-889.63793	-893.17709	43.330901	-929.1464	-881.13354	-881.13404
375	375	-1743.3221	-1741.4691	-1746.0441	1.8530033	-1740.0558	-1729.1382	-1731.6613
376	376	-1278.5047	-1279.946	-1282.3948	-1.4413791	-1274.9301	-1266.966	-1270.9679
377	377	-958.97063	-943.16715	-946.72025	15.803481	-955.16609	-934.52384	-934.52323
378	378	-1129.9606	-1131.6848	-1133.9615	-1.7241531	-1126.3623	-1119.8041	-1123.7512
379	379	-1307.3235	-1309.9806	-1311.4763	-2.657163	-1303.7901	-1294.5037	-1303.398
380	380	-1615.6671	-1616.7285	-1619.5249	-1.0613875	-1612.326	-1604.4075	-1607.3264
381	381	-1234.8892	-1194.4918	-1198.0332	40.397471	-1231.3474	-1186.3983	-1186.3981
382	382	-1071.9047	-1069.9493	-1073.4739	1.9554071	-1068.2429	-1057.015	-1061.2898
383	383	-1603.3072	-1604.6583	-1607.2524	-1.3510391	-1599.9783	-1593.0793	-1594.7498
384	384	-1671.5567	-1666.5576	-1670.1056	4.9991159	-1668.2373	-1656.9426	-1658.4343
385	385	-1305.2542	-1307.318	-1309.39	-2.063853	-1301.7242	-1299.6461	-1299.6696
386	386	-1107.1864	-1079.6524	-1083.1949	27.534001	-1103.5706	-1071.35	-1071.3503
387	387	-1151.3284	-1139.8169	-1143.3719	11.511503	-1147.7315	-1131.4085	-1131.4086
388	388	-1327.1872	-1328.994	-1331.2061	-1.806823	-1323.7205	-1318.877	-1318.8652
389	389	-1484.0472	-1477.2722	-1480.9697	6.7750083	-1480.6499	-1468.9651	-1468.965
390	390	-1661.7909	-1660.2921	-1663.8065	1.4988065	-1658.4912	-1644.9485	-1652.121
391	391	-1584.331	-1581.9447	-1585.5336	2.3862637	-1580.972	-1571.4261	-1573.6215
392	392	-1136.3344	-1129.5051	-1133.0697	6.8293234	-1132.7032	-1120.6824	-1121.0043
393	393	-1305.2231	-1295.1195	-1299.4551	10.103617	-1301.6777	-1285.1134	-1285.3896
394	394	-1126.6695	-1121.8428	-1125.3625	4.8266844	-1123.0643	-1112.3934	-1113.3012
395	395	-1022.4633	-1022.3335	-1025.59	0.12981109	-1018.7942	-1013.6458	-1013.6459
396	396	-1318.7029	-1313.5844	-1317.3475	5.118557	-1315.2156	-1304.8253	-1304.8233
397	397	-734.42651	-715.93783	-719.29833	18.48868	-730.38757	-704.742	-707.00842
398	398	-1617.7178	-1619.6366	-1621.7454	-1.9187726	-1614.3754	-1610.979	-1611.107
399	399	-1172.6171	-1167.9159	-1171.4467	4.7012384	-1169.0356	-1159.4341	-1159.4326
400	400	-1700.292	-1695.8528	-1699.433	4.4391846	-1696.9826	-1685.7805	-1687.7751
401	401	-1244.1149	-1238.3933	-1241.9197	5.7216239	-1240.5652	-1229.4591	-1229.9357
402	402	-1490.8026	-1493.0773	-1495.0094	-2.2747022	-1487.4166	-1478.6043	-1485.9089
403	403	-919.64212	-918.14651	-921.67565	1.4956016	-915.82448	-908.07173	-909.22386
404	404	-1214.5716	-1207.932	-1211.7238	6.6395792	-1211.0076	-1198.9714	-1198.9704
405	405	-1415.8948	-1417.0667	-1419.3852	-1.1719044	-1412.4462	-1408.9568	-1408.7794
406	406	-1094.0935	-1079.531	-1085.9279	14.562456	-1090.4497	-1070.7039	-1070.7097
407	407	-1033.8567	-1012.2929	-1015.8251	21.563844	-1030.1289	-1003.8133	-1003.8146
408	408	-1006.8828	-1009.1468	-1011.0893	-2.2640093	-1003.1855	-1000.5005	-1001.0999
409	409	-1173.2412	-1164.3538	-1167.9043	8.8873654	-1169.6637	-1155.9222	-1155.9222
410	410	-1331.531	-1324.8257	-1328.6085	6.7052944	-1328.0351	-1316.1732	-1316.173
411	411	-1244.7068	-1242.3188	-1246.1135	2.3879536	-1241.1479	-1233.041	-1233.0289
412	412	-1066.389	-1066.1199	-1069.5177	0.26908992	-1062.7259	-1053.8946	-1056.3254
413	413	-1091.6114	-1063.7408	-1067.2616	27.870644	-1087.9621	-1055.3649	-1055.3643
414	414	-1351.9066	-1352.591	-1355.6479	-0.68436087	-1348.4143	-1339.5788	-1344.1399
415	415	-1369.1819	-1360.5477	-1364.1018	8.6341376	-1365.7299	-1352.2934	-1352.2936
416	416	-953.69432	-942.65985	-946.68884	11.034468	-949.88704	-932.74007	-932.73218
417	417	-915.37075	-905.88555	-910.06831	9.4852022	-911.55577	-891.56744	-895.09453
418	418	-1992.753	-1987.8636	-1991.6627	4.8894919	-1989.6119	-1979.4212	-1979.4232
419	419	-1109.4165	-1104.3181	-1107.6272	5.0984396	-1105.8272	-1092.825	-1095.8292
420	420	-957.32554	-944.47646	-948.05053	12.849078	-953.54461	-935.83072	-935.8308
421	421	-1200.9472	-1192.6142	-1196.1693	8.3330086	-1197.3916	-1184.1986	-1184.1996
422	422	-1641.3245	-1644.304	-1645.5039	-2.9794955	-1638.0123	-1631.2689	-1634.4798
423	423	-925.18252	-926.01491	-928.77189	-0.83238442	-921.40962	-917.06363	-917.05931
424	424	-1459.4592	-1457.7097	-1461.1855	1.7495284	-1455.987	-1449.3178	-1449.3163
425	425	-1158.6081	-1156.1203	-1159.6497	2.4877494	-1155.0483	-1147.5809	-1147.5799
426	426	-834.00106	-833.63845	-836.95697	0.36261525	-830.05913	-823.27269	-824.60747
427	427	-1340.6416	-1328.2276	-1331.8148	12.41402	-1337.1522	-1317.3779	-1319.8569
428	428	-1037.5605	-1033.1122	-1036.6643	4.4482946	-1033.8569	-1020.8308	-1024.4758
429	429	-1130.5216	-1123.3654	-1126.9509	7.1561648	-1126.9118	-1114.8886	-1114.8875
430	430	-685.23202	-682.94807	-686.50005	2.2839554	-681.16176	-672.02054	-673.77862
431	431	-1305.0715	-1302.8987	-1306.9991	2.1728522	-1301.5636	-1293.5115	-1294.2711
432	432	-1784.9114	-1774.2762	-1778.1943	10.635266	-1781.6563	-1765.0911	-1765.031
433	433	-858.53142	-849.00502	-852.54138	9.5264034	-854.65147	-840.18116	-840.18074
434	434	-1623.1824	-1622.6921	-1626.1505	0.49030756	-1619.8713	-1612.4668	-1613.9414
435	435	-1196.7209	-1196.9057	-1200.5172	-0.18480799	-1193.1664	-1188.2312	-1188.2958
436	436	-1256.0648	-1257.0924	-1259.6692	-1.0276215	-1252.5264	-1249.1923	-1249.1919
437	437	-964.78517	-947.12991	-951.16583	17.65526	-961.04582	-936.78561	-936.7725
438	438	-928.08809	-916.48633	-921.07503	11.601759	-924.29614	-903.73162	-905.8013
439	439	-1633.9791	-1629.343	-1632.9785	4.6360315	-1630.6633	-1619.1107	-1621.2837
440	440	-1325.4569	-1305.5696	-1309.3259	19.887347	-1321.9563	-1295.4459	-1297.0005
441	441	-1549.7704	-1546.6564	-1550.1327	3.1140281	-1546.3706	-1532.9689	-1538.1777
442	442	-894.60233	-890.59991	-894.15421	4.0024173	-890.80097	-881.32327	-881.79426
443	443	-985.77776	-960.41288	-964.24979	25.364876	-982.05373	-951.22404	-951.20969
444	444	-1216.9673	-1218.3024	-1220.7854	-1.3351202	-1213.4451	-1209.971	-1209.96
445	445	-1466.4824	-1464.7685	-1470.488	1.7138853	-1463.0025	-1457.0091	-1457.5703
446	446	-1246.2335	-1249.3338	-1250.4122	-3.1002726	-1242.7205	-1238.7759	-1238.512
447	447	-818.01722	-798.80792	-802.36469	19.209302	-814.06102	-789.97909	-789.97921
448	448	-1086.3924	-1069.0604	-1072.6247	17.332021	-1082.7363	-1060.64	-1060.6393
449	449	-1210.7956	-1211.8866	-1214.581	-1.0910412	-1207.2574	-1201.6785	-1202.6475
450	450	-892.2233	-880.58959	-884.11454	11.633707	-888.36161	-871.80689	-871.80819
451	451	-759.55347	-736.20879	-739.76825	23.344677	-755.53714	-727.35616	-727.3572
452	452	-1311.0031	-1313.6145	-1315.1777	-2.6113925	-1307.5106	-1303.6416	-1304.4179
453	453	-1040.5675	-1004.327	-1007.8907	36.240503	-1036.856	-995.95243	-995.9538
454	454	-956.90491	-949.15686	-952.49506	7.7480538	-953.14806	-934.33886	-939.69646
455	455	-948.8801	-938.3086	-939.88916	10.571497	-945.08611	-919.35709	-929.60256
456	456	-1220.9908	-1216.9472	-1220.5253	4.0436986	-1217.4393	-1208.5113	-1208.5121
457	457	-801.83971	-790.17942	-794.15922	11.660289	-797.87187	-779.80068	-779.73691
458	458	-1151.0094	-1144.3485	-1147.8859	6.6609336	-1147.4359	-1134.3806	-1135.9017
459	459	-1142.7159	-1141.5396	-1145.1131	1.1762545	-1139.1424	-1132.8082	-1132.7802
460	460	-1014.5832	-1005.5485	-1009.1038	9.0346987	-1010.8933	-996.97657	-996.97521
461	461	-942.72055	-926.92697	-930.47997	15.793578	-938.93117	-918.3025	-918.30266
462	462	-717.15343	-701.02971	-704.59133	16.123719	-713.07058	-692.03395	-692.03388
463	463	-1363.1918	-1352.6276	-1356.382	10.564183	-1359.7083	-1344.2422	-1344.2427
464	464	-969.19788	-966.35062	-969.89632	2.847261	-965.45239	-957.61883	-957.6179
465	465	-640.48207	-622.75892	-626.85232	17.723149	-636.28425	-613.95056	-613.94927
466	466	-1304.3823	-1294.8091	-1298.9234	9.5732106	-1300.902	-1282.9243	-1285.215
467	467	-1315.4778	-1291.1149	-1294.6324	24.362954	-1311.9571	-1282.9508	-1282.9507
468	468	-1287.0397	-1280.0629	-1283.595	6.9767676	-1283.5296	-1271.1222	-1271.712
469	469	-1533.3625	-1513.4916	-1517.025	19.870914	-1529.9977	-1505.485	-1505.4834
470	470	-1199.3564	-1175.9858	-1179.5078	23.370569	-1195.761	-1167.0223	-1167.6792
471	471	-1464.6085	-1464.0693	-1468.8072	0.53916882	-1461.2132	-1453.9065	-1456.6127
472	472	-1877.7814	-1873.6821	-1876.3359	4.0993247	-1874.6032	-1859.7726	-1865.7171
473	473	-1717.8797	-1711.8756	-1715.6009	6.0040812	-1714.6219	-1699.0307	-1703.672
474	474	-856.49424	-857.84591	-860.31818	-1.3516677	-852.61586	-846.14443	-848.2855
475	475	-1269.8236	-1261.9029	-1265.7362	7.9206099	-1266.2824	-1249.6098	-1252.9285
476	476	-908.90961	-892.21551	-895.74822	16.694102	-905.07115	-883.51367	-883.51377
477	477	-1470.1023	-1466.1439	-1469.7896	3.9584163	-1466.6662	-1452.1143	-1456.0269
478	478	-1310.7474	-1303.8946	-1307.3828	6.8528146	-1307.2079	-1294.9311	-1295.5283
479	479	-1835.8692	-1827.7633	-1831.4775	8.1059312	-1832.6294	-1819.4241	-1819.4244
480	480	-1268.4043	-1270.9563	-1272.5828	-2.551974	-1264.9033	-1262.7008	-1262.6779
481	481	-1269.0443	-1271.7184	-1273.2262	-2.6740182	-1265.53	-1265.4285	-1265.1646
482	482	-1690.9819	-1693.7065	-1695.1609	-2.7245401	-1687.7022	-1683.7299	-1683.7026
483	483	-955.32382	-934.20425	-937.72077	21.119572	-951.54572	-923.90743	-925.59398
484	484	-1110.5981	-1106.425	-1109.9184	4.1730419	-1106.9428	-1095.09	-1095.087
485	485	-839.42272	-821.22689	-824.75965	18.195829	-835.50878	-812.46767	-812.46626
486	486	-1713.7552	-1703.6557	-1707.4586	10.099489	-1710.4444	-1695.9079	-1695.9087
487	487	-1100.8926	-1078.8878	-1082.4389	22.004835	-1097.2824	-1069.6446	-1070.5473
488	488	-1965.7892	-1962.2807	-1965.5077	3.5084275	-1962.624	-1953.5948	-1953.4125
489	489	-1371.7309	-1370.9119	-1374.4893	0.81895207	-1368.2663	-1361.5134	-1362.2734
490	490	-906.28848	-897.97353	-901.55012	8.3149507	-902.4546	-887.89713	-889.24389
491	491	-1704.6161	-1705.0935	-1708.2981	-0.47736052	-1701.3368	-1692.3405	-1696.9455
492	492	-1671.4506	-1669.8141	-1673.5863	1.6364695	-1668.1556	-1660.5928	-1661.5057
493	493	-1212.6761	-1211.9212	-1211.6502	0.75487018	-1209.1273	-1193.0688	-1202.2677
494	494	-1164.0722	-1135.2084	-1138.7541	28.863847	-1160.4711	-1126.9539	-1126.9538
495	495	-573.54248	-565.13154	-569.31953	8.4109431	-569.21949	-553.85777	-554.40311
496	496	-1760.3951	-1745.8668	-1749.4992	14.52834	-1757.1041	-1738.0449	-1738.0455
497	497	-1055.102	-1048.8135	-1052.6474	6.288494	-1051.4629	-1039.5839	-1039.571
498	498	-1359.0802	-1348.4837	-1351.9838	10.596496	-1355.5725	-1337.1212	-1340.2023
499	499	-732.4696	-716.20731	-720.40791	16.262291	-728.43506	-701.4179	-705.81512
