#chr	start	end	name	null_scale	alt_scale	alt_subscale	lnlratio	pval
0	0	200	1	0.91127	0.88228	1.78860	1.84493	0.02737
1	200	400	2	0.37717	0.37490	1.14261	0.03171	0.40059
2	400	600	3	0.48655	0.47048	1.81666	1.11292	0.06786
3	600	800	4	0.36151	0.34979	1.80439	0.81865	0.10035
4	800	1000	5	1.35594	1.31888	1.64068	1.93489	0.02458
5	1000	1200	6	1.30059	1.30059	1.00000	0.00000	0.50000
6	1200	1400	7	0.74667	0.74156	1.15971	0.07869	0.34579
7	1400	1600	8	1.23342	1.19229	1.80706	2.63188	0.01089
8	1600	1800	9	0.54544	0.53172	1.61239	0.73892	0.11206
9	1800	2000	10	1.08300	1.07415	1.19190	0.15516	0.28874
10	2000	2200	11	0.55087	0.55087	1.00000	0.00000	0.50000
11	2200	2400	12	0.55527	0.55527	1.00000	0.00000	0.50000
12	2400	2600	13	0.70728	0.66768	2.40770	4.11774	0.00205
13	2600	2800	14	0.71846	0.70278	1.52555	0.73350	0.11291
14	2800	3000	15	0.78355	0.77094	1.37978	0.43884	0.17442
15	3000	3200	16	0.49443	0.48807	1.30955	0.19131	0.26810
16	3200	3400	17	0.67966	0.65822	1.76582	1.39314	0.04754
17	3400	3600	18	0.49784	0.47813	1.97254	1.57587	0.03792
18	3600	3800	19	0.44520	0.42764	1.97629	1.41092	0.04649
19	3800	4000	20	0.91331	0.90616	1.18262	0.12561	0.30811
20	4000	4200	21	0.36025	0.36025	1.00000	0.00000	0.50000
21	4200	4400	22	0.99078	0.99078	1.00000	0.00000	1.00000
22	4400	4600	23	0.37768	0.37086	1.43870	0.27841	0.22777
23	4600	4800	24	0.27312	0.25774	2.42921	1.68595	0.03316
24	4800	5000	25	0.62554	0.62554	1.00000	0.00000	0.50000
25	5000	5200	26	0.76007	0.74607	1.44302	0.56332	0.14425
26	5200	5400	27	0.73547	0.72510	1.33537	0.32345	0.21061
27	5400	5600	28	0.71675	0.71675	1.00000	0.00000	0.50000
28	5600	5800	29	0.75723	0.74792	1.29253	0.25594	0.23716
29	5800	6000	30	1.07985	1.07413	1.12521	0.06959	0.35454
30	6000	6200	31	0.76265	0.75365	1.27990	0.23914	0.24460
31	6200	6400	32	0.69969	0.69260	1.24145	0.16566	0.28244
32	6400	6600	33	0.63965	0.61534	1.92991	1.81315	0.02844
33	6600	6800	34	0.56515	0.55741	1.32598	0.23984	0.24428
34	6800	7000	35	0.82406	0.79945	1.72131	1.51310	0.04097
35	7000	7200	36	0.95220	0.92250	1.74138	1.80795	0.02862
36	7200	7400	37	1.17918	1.14411	1.70915	2.03213	0.02190
37	7400	7600	38	0.43902	0.43902	1.00000	0.00000	1.00000
38	7600	7800	39	0.76611	0.75256	1.42187	0.51993	0.15393
39	7800	8000	40	0.50485	0.50361	1.05817	0.00720	0.45223
40	8000	8200	41	0.75799	0.75799	1.00000	0.00000	0.50000
41	8200	8400	42	0.48258	0.48069	1.09234	0.01797	0.42482
42	8400	8600	43	0.54562	0.53648	1.40485	0.34215	0.20405
43	8600	8800	44	0.76573	0.74261	1.72990	1.42237	0.04584
44	8800	9000	45	0.64982	0.64118	1.31607	0.26060	0.23516
45	9000	9200	46	0.44041	0.43194	1.46585	0.36697	0.19580
46	9200	9400	47	0.85617	0.85617	1.00000	0.00000	0.50000
47	9400	9600	48	0.51897	0.51897	1.00000	0.00000	0.50000
48	9600	9800	49	0.85822	0.85822	1.00000	0.00000	0.50000
49	9800	10000	50	1.23102	1.21273	1.34443	0.55753	0.14549
50	10000	10200	51	0.50056	0.49439	1.29625	0.17761	0.27559
51	10200	10400	52	0.95626	0.95130	1.12034	0.05764	0.36711
52	10400	10600	53	0.49585	0.49585	1.00000	0.00000	0.50000
53	10600	10800	54	0.40149	0.37668	2.56874	2.80263	0.00895
54	10800	11000	55	0.76733	0.76317	1.12762	0.05229	0.37320
55	11000	11200	56	0.57818	0.56611	1.50537	0.55347	0.14637
56	11200	11400	57	0.47319	0.44776	2.35640	2.57823	0.01158
57	11400	11600	58	0.57089	0.56765	1.13433	0.04209	0.38585
58	11600	11800	59	0.71064	0.68531	1.87588	1.82898	0.02790
59	11800	12000	60	0.70056	0.66840	2.14613	2.80400	0.00894
60	12000	12200	61	1.21386	1.21386	1.00000	0.00000	0.50000
61	12200	12400	62	0.51324	0.49905	1.67746	0.85532	0.09545
62	12400	12600	63	0.60535	0.60407	1.04970	0.00661	0.45424
63	12600	12800	64	1.17752	1.14819	1.58855	1.46509	0.04347
64	12800	13000	65	0.73524	0.71521	1.66885	1.15445	0.06432
65	13000	13200	66	0.36023	0.34369	2.14965	1.51813	0.04071
66	13200	13400	67	0.57379	0.55711	1.70238	1.01179	0.07744
67	13400	13600	68	0.73135	0.73035	1.03195	0.00324	0.46793
68	13600	13800	69	1.04419	1.02435	1.44927	0.80232	0.10262
69	13800	14000	70	0.91916	0.91916	1.00000	0.00000	0.50000
70	14000	14200	71	0.84598	0.84141	1.12566	0.05722	0.36757
71	14200	14400	72	0.80414	0.80196	1.06381	0.01380	0.43402
72	14400	14600	73	0.32195	0.30816	2.07439	1.19673	0.06092
73	14600	14800	74	0.85486	0.85471	1.00425	0.00006	0.49577
74	14800	15000	75	0.36137	0.34400	2.21010	1.61776	0.03603
75	15000	15200	76	0.51389	0.48914	2.19610	2.27078	0.01654
76	15200	15400	77	0.35113	0.32961	2.56980	2.38653	0.01445
77	15400	15600	78	0.50830	0.50734	1.04535	0.00460	0.46181
78	15600	15800	79	0.85689	0.85191	1.13599	0.06611	0.35807
79	15800	16000	80	1.02157	1.02157	1.00000	0.00000	1.00000
80	16000	16200	81	0.70848	0.70537	1.10314	0.03098	0.40171
81	16200	16400	82	0.86057	0.86052	1.00128	0.00001	0.49873
82	16400	16600	83	0.47205	0.45563	1.85665	1.18654	0.06172
83	16600	16800	84	0.36518	0.35244	1.86139	0.89780	0.09012
84	16800	17000	85	1.41357	1.41357	1.00000	0.00000	1.00000
85	17000	17200	86	0.54790	0.52573	2.00410	1.82459	0.02805
86	17200	17400	87	0.34523	0.32738	2.29817	1.75546	0.03048
87	17400	17600	88	0.94714	0.91756	1.76102	1.88232	0.02617
88	17600	17800	89	0.35808	0.34130	2.16955	1.55001	0.03915
89	17800	18000	90	0.79166	0.79166	1.00000	0.00000	0.50000
90	18000	18200	91	0.76479	0.75127	1.42117	0.51959	0.15401
91	18200	18400	92	0.59383	0.59205	1.07033	0.01247	0.43725
92	18400	18600	93	1.10117	1.04951	2.14013	4.44584	0.00143
93	18600	18800	94	1.61198	1.59009	1.31861	0.62087	0.13257
94	18800	19000	95	0.31987	0.31987	1.00000	0.00000	0.50000
95	19000	19200	96	0.79242	0.78115	1.33682	0.34740	0.20227
96	19200	19400	97	0.59963	0.59805	1.06207	0.01013	0.44342
97	19400	19600	98	0.72482	0.71031	1.47685	0.63199	0.13045
98	19600	19800	99	0.40127	0.39105	1.62100	0.56727	0.14340
99	19800	20000	100	0.69736	0.69736	1.00000	0.00000	0.50000
100	20000	20200	101	1.24352	1.23535	1.15327	0.11727	0.31409
101	20200	20400	102	1.32649	1.30284	1.41652	0.85586	0.09538
102	20400	20600	103	0.58133	0.58133	1.00000	0.00000	0.50000
103	20600	20800	104	0.86555	0.85117	1.39543	0.51594	0.15486
104	20800	21000	105	0.73212	0.73199	1.00399	0.00004	0.49634
105	21000	21200	106	0.72678	0.72678	1.00000	0.00000	0.50000
106	21200	21400	107	0.58758	0.58758	1.00000	0.00000	0.49999
107	21400	21600	108	0.74209	0.72360	1.60219	0.94958	0.08409
108	21600	21800	109	1.01954	1.00734	1.28106	0.31631	0.21320
109	21800	22000	110	0.70249	0.69618	1.21263	0.13207	0.30365
110	22000	22200	111	0.95590	0.95590	1.00000	0.00000	0.50000
111	22200	22400	112	0.53436	0.51086	2.09448	2.03360	0.02186
112	22400	22600	113	0.70069	0.68927	1.39103	0.41593	0.18087
113	22600	22800	114	0.46415	0.43804	2.41895	2.78206	0.00917
114	22800	23000	115	0.57384	0.57384	1.00000	0.00000	0.50000
115	23000	23200	116	0.53319	0.53319	1.00000	0.00000	0.49999
116	23200	23400	117	0.59879	0.59879	1.00000	0.00000	0.50000
117	23400	23600	118	0.30797	0.30797	1.00000	0.00000	0.50000
118	23600	23800	119	1.21208	1.21208	1.00000	0.00000	0.50000
119	23800	24000	120	0.90704	0.90704	1.00000	0.00000	0.50000
120	24000	24200	121	0.74273	0.70075	2.42171	4.30280	0.00168
121	24200	24400	122	1.00831	1.00831	1.00000	0.00000	0.50000
122	24400	24600	123	0.78239	0.76951	1.38830	0.45509	0.17003
123	24600	24800	124	0.51658	0.51106	1.25472	0.13617	0.30088
124	24800	25000	125	0.65344	0.63515	1.67782	1.06954	0.07179
125	25000	25200	126	0.69062	0.66416	1.94489	2.01817	0.02227
126	25200	25400	127	0.68495	0.68495	1.00000	0.00000	0.50000
127	25400	25600	128	0.88685	0.88685	1.00000	0.00000	0.50000
128	25600	25800	129	1.17911	1.16820	1.21188	0.21272	0.25712
129	25800	26000	130	0.45737	0.43008	2.51834	3.00284	0.00713
130	26000	26200	131	0.39418	0.37459	2.24873	1.91578	0.02515
131	26200	26400	132	1.00621	1.00329	1.06594	0.01818	0.42438
132	26400	26600	133	0.39432	0.39432	1.00000	0.00000	0.50000
133	26600	26800	134	0.64361	0.64361	1.00000	0.00000	0.50000
134	26800	27000	135	0.26948	0.26948	1.00000	0.00000	0.50000
135	27000	27200	136	0.41295	0.40754	1.31526	0.16352	0.28371
136	27200	27400	137	0.53207	0.51776	1.65627	0.81766	0.10048
137	27400	27600	138	1.33139	1.30767	1.41545	0.85858	0.09503
138	27600	27800	139	0.95286	0.95286	1.00000	0.00000	0.50000
139	27800	28000	140	1.28270	1.27116	1.21009	0.22435	0.25148
140	28000	28200	141	0.40732	0.37390	3.14372	4.75273	0.00102
141	28200	28400	142	0.62956	0.61043	1.75002	1.22186	0.05900
142	28400	28600	143	0.81675	0.81675	1.00000	0.00000	0.50000
143	28600	28800	144	0.62147	0.61114	1.39939	0.38318	0.19067
144	28800	29000	145	0.80178	0.80178	1.00000	0.00000	0.50000
145	29000	29200	146	0.65963	0.65060	1.32714	0.27457	0.22933
146	29200	29400	147	0.30197	0.30197	1.00000	0.00000	0.50000
147	29400	29600	148	0.63557	0.63557	1.00000	0.00000	0.50000
148	29600	29800	149	0.63952	0.62940	1.38284	0.35719	0.19900
149	29800	30000	150	0.57018	0.55812	1.50877	0.55898	0.14518
150	30000	30200	151	0.62282	0.59361	2.16092	2.62089	0.01103
151	30200	30400	152	0.92749	0.87876	2.30536	4.65385	0.00114
152	30400	30600	153	0.38518	0.38518	1.00000	0.00000	0.50000
153	30600	30800	154	0.48141	0.47938	1.09997	0.02160	0.41768
154	30800	31000	155	0.43862	0.43430	1.23740	0.10061	0.32687
155	31000	31200	156	0.75933	0.75933	1.00000	0.00000	1.00000
156	31200	31400	157	0.48969	0.46921	2.02843	1.69355	0.03285
157	31400	31600	158	0.98261	0.95396	1.70793	1.69697	0.03272
158	31600	31800	159	0.31254	0.30307	1.74807	0.61747	0.13322
159	31800	32000	160	0.61285	0.58821	1.99537	1.98128	0.02326
160	32000	32200	161	0.81109	0.81109	1.00000	0.00000	0.49999
161	32200	32400	162	0.63235	0.62727	1.19211	0.09528	0.33123
162	32400	32600	163	1.04474	1.04474	1.00000	0.00000	0.50000
163	32600	32800	164	0.53000	0.52543	1.20595	0.09217	0.33383
164	32800	33000	165	0.61336	0.59748	1.62447	0.85430	0.09558
165	33000	33200	166	0.28888	0.27814	1.92530	0.82284	0.09977
166	33200	33400	167	0.36104	0.33975	2.50467	2.38077	0.01455
167	33400	33600	168	1.28197	1.28197	1.00000	0.00000	0.49999
168	33600	33800	169	0.57326	0.56082	1.52312	0.58394	0.13992
169	33800	34000	170	0.74757	0.74757	1.00000	0.00000	0.50000
170	34000	34200	171	0.66124	0.66124	1.00000	0.00000	1.00000
171	34200	34400	172	0.89245	0.86962	1.61624	1.20508	0.06027
172	34400	34600	173	0.34846	0.34846	1.00000	0.00000	0.49999
173	34600	34800	174	0.56805	0.56499	1.12767	0.03877	0.39033
174	34800	35000	175	0.71166	0.69020	1.73058	1.30444	0.05313
175	35000	35200	176	0.84210	0.82215	1.56384	0.97622	0.08116
176	35200	35400	177	0.45719	0.43995	1.92777	1.31852	0.05220
177	35400	35600	178	0.90903	0.90160	1.19113	0.13630	0.30080
178	35600	35800	179	0.51211	0.50167	1.49148	0.46563	0.16727
179	35800	36000	180	0.80586	0.80586	1.00000	0.00000	1.00000
180	36000	36200	181	0.63233	0.62289	1.35468	0.31538	0.21354
181	36200	36400	182	0.35945	0.35945	1.00000	0.00000	0.50000
182	36400	36600	183	0.56697	0.55864	1.34963	0.26963	0.23137
183	36600	36800	184	1.11943	1.11943	1.00000	0.00000	0.49999
184	36800	37000	185	0.88882	0.88882	1.00000	0.00000	1.00000
185	37000	37200	186	0.74839	0.72819	1.65354	1.11477	0.06770
186	37200	37400	187	0.55037	0.52778	2.01597	1.85161	0.02715
187	37400	37600	188	0.98434	0.96614	1.43746	0.71354	0.11612
188	37600	37800	189	0.43245	0.43245	1.00000	0.00000	0.50000
189	37800	38000	190	0.55118	0.54241	1.38199	0.31195	0.21480
190	38000	38200	191	1.42011	1.40586	1.22966	0.29745	0.22027
191	38200	38400	192	0.44470	0.43174	1.71583	0.81042	0.10149
192	38400	38600	193	0.80226	0.77654	1.78107	1.68466	0.03321
193	38600	38800	194	0.80652	0.79080	1.46687	0.67269	0.12304
194	38800	39000	195	0.55230	0.53845	1.60935	0.73265	0.11304
195	39000	39200	196	0.56154	0.52467	2.66988	4.32382	0.00164
196	39200	39400	197	0.33179	0.31367	2.38916	1.90256	0.02555
197	39400	39600	198	0.65799	0.65799	1.00000	0.00000	0.50000
198	39600	39800	199	0.83397	0.83239	1.04437	0.00701	0.45287
199	39800	40000	200	0.55387	0.55387	1.00000	0.00000	0.50000
200	40000	40200	201	0.67136	0.67136	1.00000	0.00000	0.50000
201	40200	40400	202	0.98673	0.98673	1.00000	0.00000	1.00000
202	40400	40600	203	0.52758	0.51730	1.47074	0.43533	0.17539
203	40600	40800	204	0.76736	0.75945	1.24218	0.18786	0.26995
204	40800	41000	205	0.78538	0.78420	1.03522	0.00402	0.46427
205	41000	41200	206	0.68213	0.68213	1.00000	0.00000	0.50000
206	41200	41400	207	0.43827	0.40625	2.89255	4.15692	0.00197
207	41400	41600	208	1.23453	1.22833	1.11497	0.06985	0.35429
208	41600	41800	209	0.81609	0.79062	1.75659	1.62016	0.03592
209	41800	42000	210	0.67063	0.66147	1.32482	0.27242	0.23022
210	42000	42200	211	0.47304	0.47304	1.00000	0.00000	0.50000
211	42200	42400	212	0.26021	0.25275	1.70587	0.45530	0.16998
212	42400	42600	213	0.35395	0.34588	1.55773	0.40306	0.18463
213	42600	42800	214	0.90709	0.88508	1.58209	1.11336	0.06782
214	42800	43000	215	0.48064	0.44554	2.87341	4.51118	0.00133
215	43000	43200	216	1.26030	1.26030	1.00000	0.00000	0.50000
216	43200	43400	217	0.40960	0.40386	1.34000	0.18676	0.27054
217	43400	43600	218	0.36690	0.35044	2.12074	1.47179	0.04311
218	43600	43800	219	1.04582	1.04582	1.00000	0.00000	0.50000
219	43800	44000	220	0.30530	0.27685	3.45726	4.42975	0.00146
220	44000	44200	221	0.93548	0.92950	1.14924	0.08694	0.33834
221	44200	44400	222	0.49046	0.45939	2.61456	3.53578	0.00392
222	44400	44600	223	1.08971	1.08539	1.09188	0.03886	0.39021
223	44600	44800	224	0.44378	0.44027	1.18857	0.06653	0.35764
224	44800	45000	225	0.46966	0.45768	1.62108	0.66070	0.12517
225	45000	45200	226	1.00427	0.99086	1.31592	0.38894	0.18890
226	45200	45400	227	1.15157	1.15157	1.00000	0.00000	1.00000
227	45400	45600	228	0.42948	0.39639	3.00935	4.45312	0.00142
228	45600	45800	229	0.53690	0.53690	1.00000	0.00000	0.50000
229	45800	46000	230	0.66158	0.64837	1.47969	0.57441	0.14190
230	46000	46200	231	0.45562	0.45269	1.15317	0.04597	0.38086
231	46200	46400	232	0.73630	0.71728	1.61872	1.02767	0.07584
232	46400	46600	233	0.34187	0.34187	1.00000	0.00000	0.49999
233	46600	46800	234	0.50130	0.50130	1.00000	0.00000	0.50000
234	46800	47000	235	0.87163	0.87163	1.00000	0.00000	0.50000
235	47000	47200	236	0.42965	0.42524	1.24629	0.10714	0.32171
236	47200	47400	237	0.71955	0.70464	1.49431	0.64306	0.12838
237	47400	47600	238	0.71456	0.71457	1.00000	0.00000	0.50000
238	47600	47800	239	0.28442	0.28442	1.00000	0.00000	0.50000
239	47800	48000	240	0.48308	0.47644	1.32945	0.21024	0.25835
240	48000	48200	241	1.08400	1.08400	1.00000	0.00000	0.50000
241	48200	48400	242	0.33020	0.32125	1.66267	0.51959	0.15401
242	48400	48600	243	0.67467	0.64809	1.97457	2.10567	0.02008
243	48600	48800	244	0.50885	0.50754	1.06083	0.00785	0.45014
244	48800	49000	245	0.91668	0.90927	1.18947	0.13432	0.30212
245	49000	49200	246	0.58207	0.56141	1.87307	1.47503	0.04294
246	49200	49400	247	0.82299	0.80757	1.44605	0.62900	0.13102
247	49400	49600	248	0.32454	0.31507	1.71890	0.58393	0.13992
248	49600	49800	249	0.44337	0.44337	1.00000	0.00000	0.50000
249	49800	50000	250	1.51560	1.48620	1.44876	1.12689	0.06664
250	50000	50200	251	0.59282	0.57255	1.83506	1.36912	0.04899
251	50200	50400	252	0.94006	0.91528	1.62602	1.32356	0.05187
252	50400	50600	253	0.55345	0.54000	1.58646	0.69264	0.11960
253	50600	50800	254	0.54509	0.52206	2.04588	1.92222	0.02496
254	50800	51000	255	0.67603	0.65437	1.77865	1.42807	0.04551
255	51000	51200	256	0.87193	0.84313	1.79642	1.86877	0.02660
256	51200	51400	257	0.63699	0.63213	1.18068	0.08533	0.33976
257	51400	51600	258	0.38968	0.37402	2.00291	1.27790	0.05494
258	51600	51800	259	0.60142	0.60142	1.00000	0.00000	0.50000
259	51800	52000	260	0.35663	0.33523	2.52456	2.41426	0.01400
260	52000	52200	261	0.62062	0.62016	1.01717	0.00069	0.48515
261	52200	52400	262	0.66727	0.64904	1.67321	1.06017	0.07268
262	52400	52600	263	0.62448	0.60860	1.61541	0.83754	0.09779
263	52600	52800	264	0.48175	0.46576	1.81384	1.10663	0.06841
264	52800	53000	265	0.34781	0.33066	2.23805	1.65901	0.03426
265	53000	53200	266	0.75251	0.73860	1.43861	0.55259	0.14657
266	53200	53400	267	0.80903	0.80903	1.00000	0.00000	0.50000
267	53400	53600	268	0.52444	0.50964	1.69015	0.87829	0.09253
268	53600	53800	269	0.68698	0.68698	1.00000	0.00000	0.50000
269	53800	54000	270	0.58240	0.58240	1.00000	0.00000	1.00000
270	54000	54200	271	0.39420	0.38350	1.66609	0.62687	0.13142
271	54200	54400	272	1.18343	1.17365	1.18984	0.17412	0.27755
272	54400	54600	273	0.44108	0.43233	1.48039	0.38496	0.19012
273	54600	54800	274	0.63885	0.62946	1.34905	0.29365	0.22173
274	54800	55000	275	0.57330	0.55561	1.76836	1.15183	0.06453
275	55000	55200	276	0.56312	0.56312	1.00000	0.00000	0.50000
276	55200	55400	277	0.52705	0.51251	1.66648	0.83582	0.09802
277	55400	55600	278	0.58923	0.58715	1.08313	0.01740	0.42600
278	55600	55800	279	1.09469	1.09469	1.00000	0.00000	0.50000
279	55800	56000	280	0.91913	0.89180	1.71339	1.59952	0.03684
280	56000	56200	281	1.12021	1.09818	1.46131	0.89604	0.09034
281	56200	56400	282	0.75147	0.75147	1.00000	0.00000	1.00000
282	56400	56600	283	1.18096	1.18097	1.00000	0.00000	0.49994
283	56600	56800	284	0.51266	0.48440	2.40058	2.87044	0.00829
284	56800	57000	285	0.45667	0.44410	1.67211	0.74155	0.11165
285	57000	57200	286	0.84048	0.83982	1.01835	0.00106	0.48168
286	57200	57400	287	0.65817	0.65817	1.00000	0.00000	0.50000
287	57400	57600	288	0.65597	0.64290	1.47437	0.56441	0.14401
288	57600	57800	289	1.23474	1.23474	1.00000	0.00000	0.50000
289	57800	58000	290	0.59739	0.59739	1.00000	0.00000	0.50000
290	58000	58200	291	1.35816	1.31815	1.69238	2.27411	0.01648
291	58200	58400	292	0.99248	0.98854	1.09256	0.03572	0.39462
292	58400	58600	293	1.08125	1.07211	1.19604	0.17077	0.27947
293	58600	58800	294	0.48755	0.47120	1.82838	1.13389	0.06604
294	58800	59000	295	0.49852	0.48788	1.51896	0.50611	0.15719
295	59000	59200	296	1.47191	1.44851	1.36944	0.74861	0.11055
296	59200	59400	297	0.38948	0.38948	1.00000	0.00000	0.50000
297	59400	59600	298	0.70057	0.68913	1.38494	0.40176	0.18502
298	59600	59800	299	1.40144	1.38496	1.27196	0.39875	0.18592
299	59800	60000	300	0.98791	0.97972	1.19280	0.15226	0.29053
300	60000	60200	301	1.43526	1.43526	1.00000	0.00000	0.50000
301	60200	60400	302	0.95933	0.92357	1.91602	2.58199	0.01153
302	60400	60600	303	0.83075	0.81603	1.42235	0.57321	0.14215
303	60600	60800	304	0.65634	0.64756	1.31744	0.26139	0.23483
304	60800	61000	305	0.50305	0.50228	1.03631	0.00297	0.46928
305	61000	61200	306	0.77179	0.77179	1.00000	0.00000	0.50000
306	61200	61400	307	0.71415	0.71024	1.13017	0.04900	0.37713
307	61400	61600	308	0.44240	0.41524	2.55801	3.08689	0.00648
308	61600	61800	309	0.74481	0.73561	1.29203	0.25558	0.23732
309	61800	62000	310	0.64638	0.64638	1.00000	0.00000	0.50000
310	62000	62200	311	0.32537	0.30765	2.38252	1.89285	0.02585
311	62200	62400	312	0.60522	0.60326	1.07619	0.01458	0.43220
312	62400	62600	313	0.27633	0.27633	1.00000	0.00000	0.50000
313	62600	62800	314	0.77045	0.74807	1.70347	1.34834	0.05028
314	62800	63000	315	0.34062	0.34062	1.00000	0.00000	0.50000
315	63000	63200	316	0.17570	0.16955	1.87012	0.45499	0.17006
316	63200	63400	317	0.45763	0.45763	1.00000	0.00000	0.50000
317	63400	63600	318	0.95922	0.92970	1.73836	1.80119	0.02885
318	63600	63800	319	0.52469	0.51912	1.25257	0.13411	0.30227
319	63800	64000	320	1.37481	1.37344	1.02310	0.00314	0.46839
320	64000	64200	321	0.26203	0.23680	3.55940	4.09285	0.00211
321	64200	64400	322	0.44580	0.43686	1.49073	0.39858	0.18597
322	64400	64600	323	0.73538	0.73538	1.00000	0.00000	1.00000
323	64600	64800	324	0.63592	0.63592	1.00000	0.00000	0.50000
324	64800	65000	325	0.86430	0.85571	1.23330	0.19523	0.26603
325	65000	65200	326	1.07603	1.04680	1.65580	1.59624	0.03699
326	65200	65400	327	0.78792	0.78792	1.00000	0.00000	0.49999
327	65400	65600	328	0.40114	0.39983	1.07923	0.01068	0.44191
328	65600	65800	329	0.49378	0.48705	1.32674	0.20725	0.25985
329	65800	66000	330	0.72606	0.71769	1.27586	0.21334	0.25681
330	66000	66200	331	0.44885	0.44037	1.45437	0.35269	0.20049
331	66200	66400	332	0.75044	0.75044	1.00000	0.00000	0.50000
332	66400	66600	333	0.69127	0.68403	1.24888	0.17475	0.27720
333	66600	66800	334	0.68364	0.68117	1.08431	0.02086	0.41907
334	66800	67000	335	0.31925	0.31925	1.00000	0.00000	0.50000
335	67000	67200	336	0.87027	0.87027	1.00000	0.00000	0.50000
336	67200	67400	337	0.71702	0.71506	1.06468	0.01280	0.43644
337	67400	67600	338	0.80147	0.77271	1.86812	1.96563	0.02370
338	67600	67800	339	0.77126	0.77126	1.00000	0.00000	1.00000
339	67800	68000	340	1.55239	1.55109	1.01939	0.00213	0.47399
340	68000	68200	341	0.88207	0.86923	1.34507	0.41426	0.18135
341	68200	68400	342	0.96376	0.94450	1.47206	0.80505	0.10224
342	68400	68600	343	0.50794	0.50177	1.29408	0.17538	0.27684
343	68600	68800	344	0.86687	0.85279	1.38622	0.49537	0.15978
344	68800	69000	345	0.40348	0.39822	1.31276	0.16136	0.28499
345	69000	69200	346	0.97714	0.95357	1.57216	1.15938	0.06391
346	69200	69400	347	0.33475	0.30680	3.19081	3.96988	0.00242
347	69400	69600	348	0.32191	0.32191	1.00000	0.00000	1.00000
348	69600	69800	349	0.57508	0.57242	1.10991	0.02989	0.40342
349	69800	70000	350	0.82007	0.78954	1.90199	2.17702	0.01846
350	70000	70200	351	0.73676	0.70306	2.13816	2.98342	0.00729
351	70200	70400	352	0.52533	0.51532	1.45947	0.41846	0.18014
352	70400	70600	353	0.84258	0.81739	1.72886	1.53526	0.03986
353	70600	70800	354	0.69424	0.67766	1.57537	0.84022	0.09743
354	70800	71000	355	0.77631	0.77631	1.00000	0.00000	0.50000
355	71000	71200	356	0.75937	0.73136	1.89807	2.04183	0.02165
356	71200	71400	357	0.51084	0.50459	1.29900	0.18046	0.27400
357	71400	71600	358	0.79711	0.78469	1.36759	0.41615	0.18080
358	71600	71800	359	0.87749	0.83987	2.05102	3.06879	0.00662
359	71800	72000	360	0.94666	0.94666	1.00000	0.00000	0.50000
360	72000	72200	361	0.88278	0.88278	1.00000	0.00000	1.00000
361	72200	72400	362	0.54299	0.53398	1.40051	0.33689	0.20587
362	72400	72600	363	0.97004	0.97004	1.00000	0.00000	0.50000
363	72600	72800	364	0.80199	0.80009	1.05432	0.01009	0.44351
364	72800	73000	365	0.44620	0.44620	1.00000	0.00000	0.50000
365	73000	73200	366	0.42353	0.41393	1.55314	0.47740	0.16425
366	73200	73400	367	0.53565	0.52578	1.44480	0.39835	0.18604
367	73400	73600	368	0.57477	0.56694	1.32717	0.24186	0.24337
368	73600	73800	369	0.37466	0.36758	1.46080	0.30019	0.21922
369	73800	74000	370	0.73308	0.73308	1.00000	0.00000	0.50000
370	74000	74200	371	0.58355	0.58355	1.00000	0.00000	0.50000
371	74200	74400	372	0.85758	0.81964	2.07988	3.09285	0.00644
372	74400	74600	373	1.10949	1.09220	1.36896	0.58437	0.13983
373	74600	74800	374	0.41025	0.41025	1.00000	0.00000	0.50000
374	74800	75000	375	0.60435	0.59836	1.23555	0.13892	0.29906
375	75000	75200	376	0.75647	0.75234	1.12940	0.05364	0.37163
376	75200	75400	377	0.56412	0.55150	1.54119	0.61590	0.13353
377	75400	75600	378	0.56213	0.51821	3.02212	5.82318	0.00032
378	75600	75800	379	0.89628	0.89628	1.00000	0.00000	0.50000
379	75800	76000	380	0.78792	0.77921	1.26191	0.20909	0.25893
380	76000	76200	381	0.82854	0.79812	1.90082	2.19860	0.01800
381	76200	76400	382	0.40429	0.37317	3.00291	4.03360	0.00225
382	76400	76600	383	0.56987	0.55274	1.73376	1.07737	0.07107
383	76600	76800	384	0.69156	0.68385	1.26743	0.19901	0.26405
384	76800	77000	385	0.57861	0.56206	1.69397	0.97282	0.08153
385	77000	77200	386	1.28167	1.26952	1.21978	0.24594	0.24155
386	77200	77400	387	0.71786	0.71786	1.00000	0.00000	1.00000
387	77400	77600	388	0.49298	0.48228	1.52444	0.51312	0.15552
388	77600	77800	389	0.43151	0.41344	2.03545	1.51678	0.04078
389	77800	78000	390	0.45073	0.44716	1.18894	0.06667	0.35750
390	78000	78200	391	0.42090	0.41620	1.26724	0.12355	0.30956
391	78200	78400	392	0.50184	0.49609	1.27567	0.15670	0.28780
392	78400	78600	393	0.60669	0.60096	1.22351	0.12628	0.30764
393	78600	78800	394	1.03682	1.00616	1.70506	1.77972	0.02960
394	78800	79000	395	0.48747	0.48747	1.00000	0.00000	0.50000
395	79000	79200	396	0.81994	0.81994	1.00000	0.00000	0.50000
396	79200	79400	397	1.81832	1.79626	1.27738	0.54106	0.14911
397	79400	79600	398	0.74196	0.74196	1.00000	0.00000	0.50000
398	79600	79800	399	0.27291	0.27291	1.00000	0.00000	1.00000
399	79800	80000	400	0.78233	0.74429	2.21339	3.45728	0.00427
400	80000	80200	401	0.42328	0.41857	1.26622	0.12255	0.31027
401	80200	80400	402	0.62427	0.60914	1.58756	0.77982	0.10586
402	80400	80600	403	1.07143	1.05273	1.41163	0.69713	0.11884
403	80600	80800	404	0.56848	0.55100	1.74355	1.09663	0.06931
404	80800	81000	405	0.48210	0.46603	1.81983	1.11578	0.06761
405	81000	81200	406	1.04268	1.03260	1.22613	0.22091	0.25312
406	81200	81400	407	0.44212	0.41947	2.29768	2.25638	0.01682
407	81400	81600	408	0.19658	0.19658	1.00000	0.00000	0.49999
408	81600	81800	409	0.68270	0.68270	1.00000	0.00000	0.50000
409	81800	82000	410	0.77834	0.72677	2.66942	5.93217	0.00029
410	82000	82200	411	1.40819	1.40236	1.09543	0.05209	0.37343
411	82200	82400	412	0.76410	0.75010	1.43503	0.54451	0.14834
412	82400	82600	413	0.66173	0.65314	1.30902	0.25103	0.23930
413	82600	82800	414	0.40947	0.39464	1.89659	1.10468	0.06859
414	82800	83000	415	0.85974	0.84519	1.39999	0.52455	0.15286
415	83000	83200	416	0.30721	0.30673	1.03807	0.00174	0.47648
416	83200	83400	417	0.67083	0.64368	2.00050	2.17554	0.01849
417	83400	83600	418	0.30996	0.30996	1.00000	0.00000	0.49999
418	83600	83800	419	0.39084	0.37113	2.29161	1.99731	0.02282
419	83800	84000	420	1.17273	1.16238	1.20393	0.19449	0.26642
420	84000	84200	421	0.83241	0.83136	1.02950	0.00316	0.46834
421	84200	84400	422	0.57317	0.55567	1.74298	1.09208	0.06972
422	84400	84600	423	0.89314	0.88869	1.11666	0.04933	0.37672
423	84600	84800	424	0.33665	0.33665	1.00000	0.00000	0.50000
424	84800	85000	425	0.51127	0.50112	1.47796	0.44506	0.17272
425	85000	85200	426	0.68331	0.61608	3.59821	10.30161	0.00000
426	85200	85400	427	0.80115	0.78531	1.46945	0.67667	0.12235
427	85400	85600	428	0.66277	0.65929	1.12355	0.04249	0.38532
428	85600	85800	429	0.51803	0.51733	1.03166	0.00228	0.47309
429	85800	86000	430	0.72979	0.72979	1.00000	0.00000	0.50000
430	86000	86200	431	1.05516	1.04318	1.26962	0.29614	0.22077
431	86200	86400	432	0.23126	0.21385	2.96032	2.37315	0.01468
432	86400	86600	433	0.45038	0.42366	2.50369	2.96884	0.00741
433	86600	86800	434	0.47707	0.45007	2.43290	2.81525	0.00883
434	86800	87000	435	0.83853	0.81440	1.69984	1.44998	0.04429
435	87000	87200	436	0.58208	0.56014	1.92780	1.64612	0.03480
436	87200	87400	437	0.42858	0.41025	2.06162	1.56919	0.03823
437	87400	87600	438	1.19352	1.16464	1.56649	1.38315	0.04813
438	87600	87800	439	0.85676	0.83709	1.55129	0.94599	0.08449
439	87800	88000	440	0.72015	0.72015	1.00000	0.00000	0.50000
440	88000	88200	441	0.89824	0.89824	1.00000	0.00000	1.00000
441	88200	88400	442	0.29305	0.29210	1.07823	0.00784	0.45016
442	88400	88600	443	0.74568	0.74069	1.15827	0.07664	0.34771
443	88600	88800	444	0.58154	0.56890	1.52989	0.59547	0.13757
444	88800	89000	445	0.65905	0.65905	1.00000	0.00000	0.50000
445	89000	89200	446	0.61505	0.60499	1.39525	0.37673	0.19269
446	89200	89400	447	0.64440	0.58767	3.29227	8.25026	0.00002
447	89400	89600	448	0.27630	0.26478	2.04785	0.96770	0.08208
448	89600	89800	449	0.39993	0.37998	2.25768	1.93168	0.02468
449	89800	90000	450	0.51326	0.48955	2.15120	2.07611	0.02079
450	90000	90200	451	0.48256	0.48057	1.09730	0.01986	0.42101
451	90200	90400	452	0.68362	0.68109	1.08605	0.02171	0.41747
452	90400	90600	453	0.40425	0.40361	1.03771	0.00227	0.47316
453	90600	90800	454	0.34119	0.31931	2.64416	2.62635	0.01096
454	90800	91000	455	0.95748	0.95748	1.00000	0.00000	0.50000
455	91000	91200	456	0.28539	0.26557	2.79281	2.52307	0.01234
456	91200	91400	457	1.65105	1.65105	1.00000	0.00000	0.49999
457	91400	91600	458	0.84322	0.84322	1.00000	0.00000	0.50000
458	91600	91800	459	0.31373	0.31373	1.00000	0.00000	0.50000
459	91800	92000	460	1.14337	1.14337	1.00000	0.00000	0.50000
460	92000	92200	461	0.87065	0.87065	1.00000	0.00000	0.50000
461	92200	92400	462	0.41913	0.40971	1.54589	0.46866	0.16649
462	92400	92600	463	0.41147	0.38228	2.83965	3.69620	0.00328
463	92600	92800	464	0.68600	0.65069	2.28453	3.40310	0.00454
464	92800	93000	465	0.45656	0.45338	1.16561	0.05283	0.37257
465	93000	93200	466	0.91862	0.91862	1.00000	0.00000	1.00000
466	93200	93400	467	0.94724	0.94724	1.00000	0.00000	0.50000
467	93400	93600	468	0.21826	0.21826	1.00000	0.00000	0.49999
468	93600	93800	469	0.97679	0.94397	1.81480	2.19123	0.01816
469	93800	94000	470	1.29076	1.29076	1.00000	0.00000	0.50000
470	94000	94200	471	0.92427	0.89240	1.83476	2.14315	0.01921
471	94200	94400	472	1.01380	0.99224	1.50641	0.96785	0.08207
472	94400	94600	473	0.34271	0.32964	1.94638	1.01707	0.07690
473	94600	94800	474	0.85280	0.82342	1.82965	1.97782	0.02336
474	94800	95000	475	0.41116	0.41116	1.00000	0.00000	0.50000
475	95000	95200	476	0.85883	0.85883	1.00000	0.00000	0.50000
476	95200	95400	477	1.19967	1.18026	1.38068	0.65903	0.12547
477	95400	95600	478	0.35282	0.35282	1.00000	0.00000	0.50000
478	95600	95800	479	0.72774	0.72176	1.19382	0.11214	0.31790
479	95800	96000	480	0.56534	0.55745	1.33501	0.25167	0.23902
480	96000	96200	481	0.85867	0.82938	1.82841	1.97424	0.02346
481	96200	96400	482	0.40123	0.39687	1.26372	0.10447	0.32380
482	96400	96600	483	0.51220	0.50662	1.25888	0.14018	0.29824
483	96600	96800	484	0.43817	0.42339	1.83348	1.00171	0.07847
484	96800	97000	485	0.55981	0.54717	1.54300	0.61836	0.13305
485	97000	97200	486	0.61269	0.59250	1.80647	1.36374	0.04932
486	97200	97400	487	0.50837	0.50837	1.00000	0.00000	0.50000
487	97400	97600	488	0.41082	0.39588	1.90340	1.11564	0.06762
488	97600	97800	489	0.95255	0.95255	1.00000	0.00000	0.50000
489	97800	98000	490	0.50529	0.50427	1.04787	0.00509	0.45980
490	98000	98200	491	0.57375	0.56640	1.30474	0.21468	0.25615
491	98200	98400	492	0.39115	0.38027	1.68122	0.64798	0.12748
492	98400	98600	493	0.79621	0.78803	1.24224	0.18748	0.27015
493	98600	98800	494	0.39652	0.39542	1.06590	0.00734	0.45178
494	98800	99000	495	0.69224	0.68457	1.26526	0.19591	0.26567
495	99000	99200	496	0.90251	0.89943	1.08013	0.02456	0.41230
496	99200	99400	497	0.55828	0.55466	1.15453	0.05593	0.36902
497	99400	99600	498	0.45655	0.44839	1.43092	0.32285	0.21083
498	99600	99800	499	0.45400	0.45400	1.00000	0.00000	1.00000
499	99800	100000	500	0.49315	0.47716	1.79216	1.06515	0.07221
