#chr	start	end	name	null_scale	alt_scale	alt_subscale	lnlratio	pval
0	0	200	1	0.58227	0.57501	1.29752	0.20674	0.26011
1	200	400	2	0.62745	0.61633	1.42811	0.42661	0.17782
2	400	600	3	0.56688	0.56418	1.11179	0.03012	0.40307
3	600	800	4	0.55437	0.54535	1.39367	0.32801	0.20898
4	800	1000	5	0.60667	0.58116	2.04167	2.09671	0.02029
5	1000	1200	6	0.63474	0.62030	1.54478	0.69798	0.11870
6	1200	1400	7	0.51371	0.47502	2.94398	5.05962	0.00073
7	1400	1600	8	0.90679	0.87815	1.76065	1.76451	0.03015
8	1600	1800	9	0.63475	0.59493	2.60202	4.43966	0.00144
9	1800	2000	10	0.30207	0.29195	1.82821	0.70919	0.11683
10	2000	2200	11	0.69654	0.68449	1.41316	0.45395	0.17034
11	2200	2400	12	0.60402	0.57898	2.02783	2.06126	0.02116
12	2400	2600	13	0.68244	0.65407	2.01746	2.21835	0.01759
13	2600	2800	14	0.87858	0.83652	2.20283	3.86177	0.00273
14	2800	3000	15	0.68302	0.64644	2.34797	3.65056	0.00345
15	3000	3200	16	0.54337	0.52473	1.84093	1.30049	0.05340
16	3200	3400	17	0.44688	0.41937	2.57065	3.11127	0.00631
17	3400	3600	18	0.35629	0.32082	3.66507	5.81314	0.00033
18	3600	3800	19	0.48362	0.45334	2.59613	3.48269	0.00416
19	3800	4000	20	0.56950	0.52645	2.97411	5.62837	0.00040
20	4000	4200	21	0.83299	0.83159	1.03944	0.00557	0.45796
21	4200	4400	22	0.59617	0.56567	2.27777	2.94384	0.00762
22	4400	4600	23	0.65508	0.60970	2.77177	5.41492	0.00050
23	4600	4800	24	0.86781	0.85945	1.22852	0.18471	0.27166
24	4800	5000	25	0.46097	0.45299	1.41782	0.30761	0.21641
25	5000	5200	26	0.36223	0.34565	2.14049	1.50152	0.04155
26	5200	5400	27	0.63137	0.57072	3.53997	9.13919	0.00001
27	5400	5600	28	0.55268	0.51564	2.72366	4.46976	0.00140
28	5600	5800	29	0.70488	0.65896	2.65035	5.23034	0.00061
29	5800	6000	30	1.14506	1.13302	1.24668	0.27474	0.22927
30	6000	6200	31	1.17226	1.12669	1.94517	3.34637	0.00484
31	6200	6400	32	0.88707	0.88389	1.08346	0.02661	0.40878
32	6400	6600	33	0.67724	0.64997	1.99939	2.14216	0.01923
33	6600	6800	34	0.91120	0.86948	2.13125	3.56973	0.00377
34	6800	7000	35	0.51897	0.49505	2.14847	2.15777	0.01888
35	7000	7200	36	0.50474	0.44582	4.18785	10.46618	0.00000
36	7200	7400	37	1.03832	1.02152	1.38236	0.57605	0.14155
37	7400	7600	38	0.43616	0.41306	2.33537	2.32748	0.01548
38	7600	7800	39	0.36899	0.31957	4.72399	9.81681	0.00000
39	7800	8000	40	0.34485	0.30859	3.83453	6.13490	0.00023
40	8000	8200	41	0.57856	0.56638	1.51663	0.55991	0.14498
41	8200	8400	42	0.40768	0.39763	1.59937	0.53791	0.14982
42	8400	8600	43	0.51524	0.49316	2.06509	1.79733	0.02898
43	8600	8800	44	0.63446	0.62428	1.38307	0.35774	0.19881
44	8800	9000	45	0.50736	0.50736	1.00000	0.00000	0.50000
45	9000	9200	46	0.94838	0.93358	1.36991	0.50573	0.15728
46	9200	9400	47	0.69822	0.67209	1.91570	1.93850	0.02448
47	9400	9600	48	0.50192	0.45057	3.73011	8.21956	0.00003
48	9600	9800	49	0.30985	0.26344	5.29501	10.15481	0.00000
49	9800	10000	50	0.58323	0.52126	3.84361	10.13493	0.00000
50	10000	10200	51	0.97573	0.96676	1.21492	0.18300	0.27260
51	10200	10400	52	0.88601	0.86876	1.46180	0.71830	0.11534
52	10400	10600	53	0.62390	0.57914	2.85070	5.52042	0.00045
53	10600	10800	54	1.35029	1.32224	1.48879	1.17055	0.06300
54	10800	11000	55	1.29600	1.26513	1.56712	1.46090	0.04370
55	11000	11200	56	1.05249	1.01592	1.84416	2.46627	0.01318
56	11200	11400	57	0.54754	0.52543	2.00183	1.80537	0.02870
57	11400	11600	58	0.65035	0.61312	2.44264	3.95749	0.00245
58	11600	11800	59	1.02277	1.01541	1.17001	0.11953	0.31244
59	11800	12000	60	0.54695	0.51944	2.26446	2.65667	0.01058
60	12000	12200	61	0.31752	0.30362	2.09386	1.22234	0.05896
61	12200	12400	62	1.09148	1.08253	1.19205	0.16431	0.28324
62	12400	12600	63	0.79721	0.74966	2.51108	5.04160	0.00075
63	12600	12800	64	0.77439	0.73282	2.33769	4.12491	0.00204
64	12800	13000	65	0.36484	0.34336	2.49527	2.35788	0.01494
65	13000	13200	66	0.60571	0.57584	2.21952	2.78281	0.00916
66	13200	13400	67	0.48241	0.46074	2.12467	1.89582	0.02575
67	13400	13600	68	0.31989	0.26830	5.67045	11.62632	0.00000
68	13600	13800	69	0.92946	0.89240	1.98826	2.84114	0.00857
69	13800	14000	70	0.50624	0.43495	4.99445	14.20909	0.00000
70	14000	14200	71	0.45914	0.43252	2.45609	2.85776	0.00841
71	14200	14400	72	1.54708	1.53719	1.14750	0.13401	0.30233
72	14400	14600	73	0.43234	0.42348	1.49734	0.40573	0.18385
73	14600	14800	74	0.81055	0.81055	1.00000	0.00000	0.50000
74	14800	15000	75	1.15862	1.11762	1.84465	2.72879	0.00974
75	15000	15200	76	0.39472	0.37000	2.59420	2.84399	0.00854
76	15200	15400	77	0.84581	0.79312	2.56288	5.77886	0.00034
77	15400	15600	78	1.17113	1.15742	1.27916	0.35021	0.20132
78	15600	15800	79	0.29569	0.28039	2.30188	1.51079	0.04108
79	15800	16000	80	0.50251	0.47737	2.25146	2.39437	0.01432
80	16000	16200	81	0.37716	0.35115	2.77022	3.19072	0.00577
81	16200	16400	82	0.76080	0.73217	1.92122	2.11439	0.01987
82	16400	16600	83	0.49806	0.45470	3.28131	6.37857	0.00018
83	16600	16800	84	0.51574	0.48630	2.44408	3.10987	0.00632
84	16800	17000	85	0.52254	0.47417	3.44448	7.32894	0.00006
85	17000	17200	86	0.73288	0.68458	2.67958	5.66083	0.00038
86	17200	17400	87	1.47753	1.45465	1.36524	0.71359	0.11611
87	17400	17600	88	0.93350	0.87759	2.50241	5.87545	0.00030
88	17600	17800	89	0.63487	0.61077	1.93847	1.83135	0.02782
89	17800	18000	90	1.04225	1.01560	1.61736	1.39490	0.04743
90	18000	18200	91	0.49703	0.47251	2.23364	2.35310	0.01503
91	18200	18400	92	0.50204	0.49435	1.36789	0.25455	0.23777
92	18400	18600	93	0.52019	0.50081	1.92316	1.47185	0.04311
93	18600	18800	94	1.25347	1.22699	1.50412	1.15324	0.06442
94	18800	19000	95	0.67347	0.66563	1.27536	0.20652	0.26021
95	19000	19200	96	0.82186	0.78636	2.06713	2.93894	0.00767
96	19200	19400	97	0.58040	0.54986	2.31860	3.05941	0.00669
97	19400	19600	98	0.37000	0.34872	2.45431	2.28447	0.01628
98	19600	19800	99	0.60094	0.55210	3.11141	6.77632	0.00012
99	19800	20000	100	0.45045	0.42777	2.27483	2.21020	0.01776
100	20000	20200	101	0.72468	0.67694	2.71630	5.60762	0.00041
101	20200	20400	102	0.52409	0.49077	2.62401	3.86765	0.00271
102	20400	20600	103	0.33116	0.30783	2.83275	2.94049	0.00765
103	20600	20800	104	0.73169	0.70182	1.99714	2.33782	0.01530
104	20800	21000	105	0.49829	0.49150	1.32906	0.20943	0.25875
105	21000	21200	106	0.38333	0.34368	3.77786	6.58268	0.00014
106	21200	21400	107	0.76882	0.70827	3.04522	8.16993	0.00003
107	21400	21600	108	0.41476	0.38649	2.74683	3.49379	0.00410
108	21600	21800	109	0.79463	0.78269	1.35466	0.39321	0.18759
109	21800	22000	110	0.57411	0.55644	1.75366	1.11761	0.06745
110	22000	22200	111	0.76051	0.70349	2.92996	7.30603	0.00007
111	22200	22400	112	0.83078	0.81026	1.58820	1.03757	0.07486
112	22400	22600	113	0.67717	0.65921	1.64688	0.99678	0.07899
113	22600	22800	114	0.74273	0.73756	1.16525	0.08344	0.34145
114	22800	23000	115	1.70959	1.69931	1.13528	0.12540	0.30825
115	23000	23200	116	1.04854	1.03775	1.24086	0.24261	0.24303
116	23200	23400	117	0.57856	0.57856	1.00000	0.00000	0.49999
117	23400	23600	118	1.76456	1.73516	1.38323	0.96885	0.08196
118	23600	23800	119	0.86470	0.82726	2.05835	3.04674	0.00678
119	23800	24000	120	0.64680	0.62813	1.70270	1.09486	0.06947
120	24000	24200	121	0.66355	0.65530	1.29939	0.23797	0.24513
121	24200	24400	122	0.30413	0.29387	1.83955	0.72367	0.11448
122	24400	24600	123	0.74190	0.71254	1.98298	2.29652	0.01605
123	24600	24800	124	0.58201	0.54063	2.83784	5.13583	0.00068
124	24800	25000	125	0.25796	0.21315	6.07399	10.58092	0.00000
125	25000	25200	126	0.75322	0.73858	1.46445	0.60555	0.13556
126	25200	25400	127	0.34157	0.27811	6.58112	15.23422	0.00000
127	25400	25600	128	0.47325	0.47325	1.00000	0.00000	0.50000
128	25600	25800	129	0.38685	0.38480	1.12705	0.02589	0.41000
129	25800	26000	130	0.35723	0.32638	3.26963	4.55260	0.00127
130	26000	26200	131	0.24260	0.21147	4.54994	6.08969	0.00024
131	26200	26400	132	0.47800	0.42754	3.82424	8.31946	0.00002
132	26400	26600	133	0.69638	0.66012	2.30211	3.49680	0.00409
133	26600	26800	134	0.52615	0.49538	2.50394	3.30506	0.00507
134	26800	27000	135	0.88569	0.86639	1.52210	0.86959	0.09362
135	27000	27200	136	0.46655	0.42977	3.04175	4.92274	0.00085
136	27200	27400	137	1.07974	1.00956	2.64972	7.78720	0.00004
137	27400	27600	138	1.24331	1.21178	1.59605	1.55925	0.03870
138	27600	27800	139	0.64324	0.56251	4.45718	15.11458	0.00000
139	27800	28000	140	0.48101	0.46031	2.06760	1.77036	0.02994
140	28000	28200	141	0.32836	0.29846	3.41461	4.44054	0.00144
141	28200	28400	142	0.22005	0.17501	7.26991	12.11928	0.00000
142	28400	28600	143	0.61708	0.57706	2.65018	4.58340	0.00123
143	28600	28800	144	0.26988	0.22196	6.23836	11.67901	0.00000
144	28800	29000	145	0.74120	0.69321	2.62991	5.48046	0.00047
145	29000	29200	146	0.84504	0.82033	1.70803	1.47002	0.04320
146	29200	29400	147	0.90911	0.87776	1.83302	2.12432	0.01964
147	29400	29600	148	0.39276	0.35059	3.88923	6.93982	0.00010
148	29600	29800	149	0.94835	0.91928	1.73262	1.71338	0.03207
149	29800	30000	150	0.39449	0.34093	4.78591	10.66424	0.00000
150	30000	30200	151	0.82789	0.81232	1.45477	0.64825	0.12743
151	30200	30400	152	0.51442	0.48352	2.51415	3.33530	0.00490
152	30400	30600	153	0.39700	0.36276	3.25874	4.81523	0.00096
153	30600	30800	154	0.56284	0.56284	1.00000	0.00000	1.00000
154	30800	31000	155	0.71494	0.70370	1.37636	0.39038	0.18845
155	31000	31200	156	0.92313	0.89586	1.71394	1.59838	0.03689
156	31200	31400	157	0.58815	0.56964	1.77210	1.17042	0.06301
157	31400	31600	158	0.42590	0.38901	3.27185	5.46373	0.00047
158	31600	31800	159	0.82267	0.81119	1.33617	0.35905	0.19839
159	31800	32000	160	0.88127	0.84893	1.88685	2.31066	0.01579
160	32000	32200	161	0.91732	0.87650	2.09461	3.42565	0.00443
161	32200	32400	162	0.80763	0.80664	1.02874	0.00278	0.47029
162	32400	32600	163	0.46459	0.41983	3.57986	6.95818	0.00010
163	32600	32800	164	0.95542	0.93847	1.42108	0.62533	0.13171
164	32800	33000	165	0.62243	0.59382	2.14523	2.57432	0.01163
165	33000	33200	166	1.00957	0.94692	2.54722	6.72268	0.00012
166	33200	33400	167	0.96058	0.92030	2.02700	3.17382	0.00588
167	33400	33600	168	0.55635	0.52038	2.63446	4.21638	0.00184
168	33600	33800	169	1.58303	1.53290	1.75067	2.91888	0.00784
169	33800	34000	170	0.28833	0.25418	4.23509	6.24891	0.00020
170	34000	34200	171	1.36342	1.35756	1.09843	0.05524	0.36980
171	34200	34400	172	1.25246	1.25246	1.00000	0.00000	0.50000
172	34400	34600	173	1.06569	1.05465	1.24575	0.25283	0.23851
173	34600	34800	174	0.51559	0.49096	2.19472	2.26536	0.01665
174	34800	35000	175	0.36457	0.34338	2.49148	2.35399	0.01501
175	35000	35200	176	0.82628	0.81920	1.20219	0.13606	0.30095
176	35200	35400	177	0.45756	0.44534	1.64970	0.70474	0.11757
177	35400	35600	178	0.95987	0.93482	1.62552	1.32259	0.05193
178	35600	35800	179	0.52111	0.49693	2.16225	2.18822	0.01822
179	35800	36000	180	1.04911	1.01278	1.83237	2.40266	0.01419
180	36000	36200	181	0.34090	0.30368	3.96125	6.37115	0.00018
181	36200	36400	182	1.07029	1.03739	1.73427	1.94768	0.02421
182	36400	36600	183	0.59787	0.56819	2.25681	2.89691	0.00804
183	36600	36800	184	0.66038	0.64162	1.69432	1.10482	0.06858
184	36800	37000	185	0.81818	0.78719	1.92596	2.28989	0.01618
185	37000	37200	186	0.61624	0.56331	3.22984	7.42332	0.00006
186	37200	37400	187	0.73768	0.67575	3.16276	8.64478	0.00002
187	37400	37600	188	0.30219	0.27803	3.08418	3.35568	0.00479
188	37600	37800	189	0.91325	0.90039	1.33793	0.39884	0.18590
189	37800	38000	190	0.86934	0.84166	1.77497	1.72670	0.03156
190	38000	38200	191	0.79051	0.77763	1.38359	0.44668	0.17228
191	38200	38400	192	0.38058	0.34594	3.40581	5.29293	0.00057
192	38400	38600	193	0.49770	0.48700	1.52431	0.51326	0.15549
193	38600	38800	194	1.13819	1.13819	1.00000	0.00000	0.49999
194	38800	39000	195	0.76995	0.75707	1.39973	0.47840	0.16400
195	39000	39200	196	0.66276	0.63121	2.18747	2.91924	0.00784
196	39200	39400	197	0.65180	0.61169	2.56144	4.35991	0.00157
197	39400	39600	198	0.76213	0.76213	1.00000	0.00000	0.50000
198	39600	39800	199	0.53873	0.53393	1.21209	0.09893	0.32822
199	39800	40000	200	0.76587	0.74658	1.60584	0.99674	0.07899
200	40000	40200	201	0.62655	0.55194	4.23912	13.70321	0.00000
201	40200	40400	202	0.61818	0.56750	3.13710	6.77954	0.00012
202	40400	40600	203	0.52093	0.51111	1.45395	0.41059	0.18242
203	40600	40800	204	0.55211	0.54867	1.14774	0.05159	0.37403
204	40800	41000	205	0.77792	0.71635	3.04457	8.17431	0.00003
205	41000	41200	206	0.74467	0.73028	1.46313	0.60148	0.13636
206	41200	41400	207	0.55668	0.54907	1.32594	0.24080	0.24385
207	41400	41600	208	0.97301	0.96368	1.22339	0.19776	0.26471
208	41600	41800	209	0.70860	0.64363	3.41161	9.61474	0.00001
209	41800	42000	210	0.55822	0.52634	2.43553	3.37186	0.00470
210	42000	42200	211	0.56870	0.55658	1.51501	0.56998	0.14283
211	42200	42400	212	0.62285	0.58809	2.40999	3.56603	0.00379
212	42400	42600	213	1.03041	1.00232	1.66169	1.54076	0.03959
213	42600	42800	214	0.54988	0.51210	2.76503	4.58395	0.00123
214	42800	43000	215	1.45178	1.44241	1.14854	0.12921	0.30560
215	43000	43200	216	0.55610	0.52868	2.22655	2.56772	0.01172
216	43200	43400	217	0.84785	0.83323	1.40789	0.54047	0.14924
217	43400	43600	218	0.47350	0.45681	1.86367	1.19781	0.06084
218	43600	43800	219	0.33974	0.31026	3.27245	4.17961	0.00192
219	43800	44000	220	1.79522	1.76361	1.40272	1.08655	0.07022
220	44000	44200	221	0.51658	0.51125	1.24699	0.12921	0.30560
221	44200	44400	222	0.26334	0.22399	5.24319	8.51986	0.00002
222	44400	44600	223	0.53469	0.49603	2.86078	4.84839	0.00092
223	44600	44800	224	0.75590	0.72785	1.89811	2.03477	0.02183
224	44800	45000	225	0.72590	0.69608	2.01041	2.38558	0.01447
225	45000	45200	226	0.52020	0.49573	2.17714	2.22655	0.01742
226	45200	45400	227	0.42526	0.41107	1.83082	0.99562	0.07911
227	45400	45600	228	0.28890	0.26931	2.74608	2.44859	0.01345
228	45600	45800	229	0.71647	0.70128	1.50878	0.69770	0.11875
229	45800	46000	230	0.65592	0.62779	2.06535	2.35297	0.01503
230	46000	46200	231	0.89902	0.89050	1.22535	0.18351	0.27232
231	46200	46400	232	0.18991	0.15154	7.18045	10.00301	0.00000
232	46400	46600	233	0.52953	0.48922	2.96330	5.20067	0.00063
233	46600	46800	234	1.26091	1.23528	1.47722	1.06181	0.07252
234	46800	47000	235	0.43573	0.42204	1.77446	0.90279	0.08952
235	47000	47200	236	0.41702	0.39833	2.12076	1.67705	0.03352
236	47200	47400	237	1.16481	1.12980	1.71133	2.03494	0.02183
237	47400	47600	238	0.50578	0.47633	2.48655	3.22087	0.00557
238	47600	47800	239	0.39575	0.39575	1.00000	0.00000	0.50000
239	47800	48000	240	0.70678	0.68346	1.80960	1.51313	0.04096
240	48000	48200	241	0.64214	0.60041	2.66623	4.96369	0.00081
241	48200	48400	242	0.57871	0.56168	1.71709	1.04227	0.07440
242	48400	48600	243	0.72345	0.70833	1.50641	0.69328	0.11949
243	48600	48800	244	1.16538	1.12103	1.91548	3.20121	0.00570
244	48800	49000	245	1.06250	1.04196	1.46184	0.83906	0.09759
245	49000	49200	246	0.80689	0.78148	1.75531	1.61316	0.03623
246	49200	49400	247	0.45780	0.44502	1.68772	0.76411	0.10819
247	49400	49600	248	0.24997	0.24208	1.78448	0.52609	0.15250
248	49600	49800	249	0.55940	0.50837	3.39711	7.58670	0.00005
249	49800	50000	250	0.76904	0.75575	1.41140	0.49923	0.15884
250	50000	50200	251	1.01088	0.99759	1.30858	0.37376	0.19363
251	50200	50400	252	1.00630	0.95431	2.28768	4.92628	0.00085
252	50400	50600	253	0.82463	0.79414	1.89213	2.17380	0.01853
253	50600	50800	254	0.73222	0.68935	2.46992	4.49058	0.00136
254	50800	51000	255	0.46117	0.43446	2.47911	2.90526	0.00797
255	51000	51200	256	0.69326	0.68592	1.25289	0.18016	0.27417
256	51200	51400	257	1.05622	1.03541	1.46117	0.83580	0.09802
257	51400	51600	258	0.62128	0.59134	2.21275	2.76628	0.00933
258	51600	51800	259	0.81359	0.78849	1.74540	1.53515	0.03987
259	51800	52000	260	0.65843	0.57780	4.37147	14.76771	0.00000
260	52000	52200	261	0.84315	0.82857	1.40839	0.53609	0.15023
261	52200	52400	262	0.76555	0.75644	1.28296	0.24277	0.24296
262	52400	52600	263	0.53790	0.50058	2.77156	4.58959	0.00122
263	52600	52800	264	1.02665	0.97585	2.21318	4.56510	0.00126
264	52800	53000	265	0.58951	0.56845	1.88512	1.54233	0.03952
265	53000	53200	266	0.37239	0.33259	3.88843	6.82418	0.00011
266	53200	53400	267	1.11182	1.04874	2.40826	6.25812	0.00020
267	53400	53600	268	0.64896	0.61919	2.13743	2.58150	0.01154
268	53600	53800	269	0.74689	0.73253	1.46774	0.61214	0.13426
269	53800	54000	270	0.49252	0.45273	3.09526	5.46070	0.00048
270	54000	54200	271	0.43213	0.38044	4.26823	9.43370	0.00001
271	54200	54400	272	0.44779	0.42573	2.24098	2.13699	0.01935
272	54400	54600	273	0.39198	0.34671	4.14773	8.02584	0.00003
273	54600	54800	274	0.51726	0.50060	1.78973	1.07267	0.07150
274	54800	55000	275	0.70380	0.69689	1.23314	0.15379	0.28958
275	55000	55200	276	0.44835	0.42810	2.12452	1.71597	0.03197
276	55200	55400	277	0.43690	0.37595	4.92409	12.29403	0.00000
277	55400	55600	278	0.86285	0.79989	2.85711	7.76134	0.00004
278	55600	55800	279	0.20858	0.19023	3.32887	2.80361	0.00894
279	55800	56000	280	0.39401	0.38826	1.35457	0.20022	0.26343
280	56000	56200	281	0.62617	0.58182	2.83951	5.49479	0.00046
281	56200	56400	282	0.44399	0.42136	2.28174	2.21803	0.01759
282	56400	56600	283	0.40372	0.39349	1.61621	0.56111	0.14472
283	56600	56800	284	0.57873	0.56647	1.51063	0.56310	0.14429
284	56800	57000	285	0.94558	0.90589	2.02148	3.15009	0.00604
285	57000	57200	286	0.60215	0.57181	2.25629	2.88152	0.00818
286	57200	57400	287	0.93747	0.89293	2.16280	3.91435	0.00257
287	57400	57600	288	0.95628	0.89812	2.54485	6.11196	0.00024
288	57600	57800	289	1.12426	1.12426	1.00000	0.00000	1.00000
289	57800	58000	290	0.47676	0.45577	2.10035	1.84484	0.02737
290	58000	58200	291	0.93851	0.92365	1.37106	0.50685	0.15701
291	58200	58400	292	1.35972	1.34816	1.19685	0.21038	0.25828
292	58400	58600	293	0.79264	0.77490	1.53637	0.83206	0.09852
293	58600	58800	294	0.60545	0.57562	2.23343	2.82033	0.00877
294	58800	59000	295	0.98472	0.95107	1.82399	2.22566	0.01744
295	59000	59200	296	1.03095	1.02262	1.18978	0.14868	0.29277
296	59200	59400	297	0.38318	0.35318	3.02912	4.08506	0.00213
297	59400	59600	298	0.33322	0.30558	3.18132	3.93972	0.00250
298	59600	59800	299	0.28882	0.26455	3.20894	3.54865	0.00386
299	59800	60000	300	0.51720	0.46911	3.46230	7.35103	0.00006
300	60000	60200	301	0.58654	0.51582	4.31820	12.31929	0.00000
301	60200	60400	302	1.47410	1.44686	1.42773	0.98952	0.07975
302	60400	60600	303	1.16803	1.11725	2.06079	4.05425	0.00220
303	60600	60800	304	0.65427	0.63087	1.87177	1.66103	0.03418
304	60800	61000	305	0.38658	0.38658	1.00000	0.00000	1.00000
305	61000	61200	306	0.29397	0.26994	3.13329	3.43499	0.00438
306	61200	61400	307	1.24856	1.21629	1.61568	1.66298	0.03410
307	61400	61600	308	0.74974	0.71620	2.11349	2.89921	0.00802
308	61600	61800	309	0.48143	0.45131	2.59275	3.47272	0.00420
309	61800	62000	310	0.55560	0.51397	2.95064	5.47025	0.00047
310	62000	62200	311	0.56019	0.54241	1.77379	1.15818	0.06401
311	62200	62400	312	0.93994	0.90031	2.03104	3.18888	0.00578
312	62400	62600	313	0.27653	0.22265	6.87368	13.53854	0.00000
313	62600	62800	314	0.60107	0.58534	1.63371	0.87167	0.09336
314	62800	63000	315	0.47600	0.45438	2.13017	1.90538	0.02546
315	63000	63200	316	0.56501	0.51337	3.39959	7.36279	0.00006
316	63200	63400	317	0.82987	0.82356	1.17945	0.10780	0.32121
317	63400	63600	318	1.08449	1.04012	1.99253	3.38196	0.00465
318	63600	63800	319	0.87478	0.82778	2.34653	4.68706	0.00110
319	63800	64000	320	0.50909	0.49381	1.73486	0.95981	0.08295
320	64000	64200	321	1.20576	1.17806	1.53880	1.27923	0.05485
321	64200	64400	322	0.99712	0.95956	1.91679	2.72921	0.00974
322	64400	64600	323	0.79293	0.74832	2.41175	4.65771	0.00114
323	64600	64800	324	0.46980	0.43903	2.67367	3.66765	0.00338
324	64800	65000	325	1.47886	1.45104	1.44609	1.04058	0.07456
325	65000	65200	326	0.60567	0.56921	2.51702	3.91813	0.00256
326	65200	65400	327	0.38306	0.37139	1.74996	0.74098	0.11173
327	65400	65600	328	0.81239	0.77349	2.18977	3.49313	0.00411
328	65600	65800	329	1.17701	1.14840	1.58391	1.36766	0.04908
329	65800	66000	330	0.63159	0.61184	1.76357	1.26347	0.05596
330	66000	66200	331	1.04528	1.03496	1.22777	0.22451	0.25140
331	66200	66400	332	0.57628	0.54979	2.14271	2.35332	0.01502
332	66400	66600	333	1.13202	1.09152	1.86108	2.69894	0.01008
333	66600	66800	334	0.55421	0.50478	3.35262	6.97243	0.00009
334	66800	67000	335	0.92576	0.88971	1.95430	2.71779	0.00987
335	67000	67200	336	1.45942	1.45942	1.00000	0.00000	0.50000
336	67200	67400	337	0.86112	0.85595	1.14027	0.06987	0.35427
337	67400	67600	338	0.37334	0.36156	1.78096	0.78455	0.10517
338	67600	67800	339	0.82120	0.79991	1.62291	1.12475	0.06683
339	67800	68000	340	0.50092	0.47621	2.23534	2.35907	0.01492
340	68000	68200	341	0.40375	0.40306	1.04044	0.00261	0.47118
341	68200	68400	342	1.01490	1.00729	1.17385	0.12590	0.30790
342	68400	68600	343	0.68146	0.66828	1.46287	0.54202	0.14890
343	68600	68800	344	0.52370	0.45842	4.44836	11.95263	0.00000
344	68800	69000	345	0.89847	0.86562	1.88842	2.31397	0.01573
345	69000	69200	346	0.42657	0.36027	5.47036	14.37537	0.00000
346	69200	69400	347	0.64618	0.61216	2.31513	3.28791	0.00517
347	69400	69600	348	0.54291	0.52464	1.82430	1.26558	0.05581
348	69600	69800	349	0.59214	0.59214	1.00000	0.00000	1.00000
349	69800	70000	350	0.79336	0.76228	1.97204	2.37534	0.01464
350	70000	70200	351	0.95163	0.93603	1.38191	0.53070	0.15145
351	70200	70400	352	0.88285	0.83672	2.29891	4.35243	0.00159
352	70400	70600	353	0.43459	0.40643	2.65721	3.30400	0.00508
353	70600	70800	354	0.28507	0.24306	5.16817	8.55352	0.00002
354	70800	71000	355	0.81224	0.77759	2.04045	2.85064	0.00848
355	71000	71200	356	0.13978	0.12292	4.32809	3.21583	0.00561
356	71200	71400	357	0.36111	0.31984	4.10617	7.25645	0.00007
357	71400	71600	358	0.31800	0.30401	2.10555	1.24073	0.05760
358	71600	71800	359	0.85678	0.83086	1.73717	1.57133	0.03813
359	71800	72000	360	0.38816	0.35769	3.03223	4.07940	0.00214
360	72000	72200	361	0.59106	0.54610	2.96096	5.89255	0.00030
361	72200	72400	362	0.85908	0.82026	2.11972	3.33064	0.00493
362	72400	72600	363	0.47772	0.43395	3.40855	6.72518	0.00012
363	72600	72800	364	0.44397	0.43485	1.50642	0.41744	0.18043
364	72800	73000	365	0.37268	0.36092	1.78133	0.78447	0.10518
365	73000	73200	366	0.46118	0.38748	5.64581	16.51992	0.00000
366	73200	73400	367	0.35366	0.32435	3.17567	4.03322	0.00225
367	73400	73600	368	0.41795	0.38948	2.74473	3.48932	0.00412
368	73600	73800	369	0.73977	0.70056	2.31684	3.79776	0.00293
369	73800	74000	370	0.82269	0.81137	1.32483	0.33984	0.20485
370	74000	74200	371	0.26671	0.24101	3.55638	4.08168	0.00214
371	74200	74400	372	0.72498	0.70398	1.69735	1.22065	0.05909
372	74400	74600	373	0.51508	0.46689	3.46662	7.38653	0.00006
373	74600	74800	374	0.56569	0.53832	2.21559	2.54119	0.01209
374	74800	75000	375	0.49180	0.47167	2.02056	1.67597	0.03356
375	75000	75200	376	0.51057	0.48997	2.00714	1.64675	0.03478
376	75200	75400	377	0.81031	0.75499	2.72788	6.51808	0.00015
377	75400	75600	378	0.29681	0.29582	1.07968	0.00814	0.44924
378	75600	75800	379	0.54839	0.53029	1.80761	1.22715	0.05860
379	75800	76000	380	0.65544	0.60710	2.87624	5.97888	0.00027
380	76000	76200	381	1.01611	0.99417	1.51493	0.99213	0.07947
381	76200	76400	382	0.38876	0.34925	3.71987	6.46394	0.00016
382	76400	76600	383	0.68583	0.65983	1.93654	1.99546	0.02287
383	76600	76800	384	0.42628	0.42185	1.25026	0.11029	0.31930
384	76800	77000	385	0.75109	0.72198	1.95516	2.21013	0.01776
385	77000	77200	386	0.62419	0.61852	1.21554	0.11861	0.31311
386	77200	77400	387	0.71421	0.68824	1.89770	1.88701	0.02603
387	77400	77600	388	0.38653	0.37548	1.69935	0.67196	0.12317
388	77600	77800	389	0.93276	0.91139	1.54795	1.01110	0.07751
389	77800	78000	390	0.76065	0.74236	1.57872	0.92927	0.08640
390	78000	78200	391	0.56243	0.52125	2.87511	5.25447	0.00059
391	78200	78400	392	0.76653	0.75292	1.42402	0.52417	0.15294
392	78400	78600	393	0.34682	0.32543	2.58078	2.50943	0.01254
393	78600	78800	394	0.34756	0.31150	3.82011	6.10749	0.00024
394	78800	79000	395	0.71978	0.69880	1.71021	1.25324	0.05669
395	79000	79200	396	0.76718	0.73917	1.90033	2.04906	0.02147
396	79200	79400	397	0.46274	0.43157	2.71096	3.75313	0.00307
397	79400	79600	398	0.67532	0.66004	1.55004	0.71651	0.11564
398	79600	79800	399	0.35284	0.34982	1.20542	0.06190	0.36247
399	79800	80000	400	0.74830	0.71991	1.92724	2.13075	0.01949
400	80000	80200	401	1.38995	1.34579	1.75149	2.68420	0.01025
401	80200	80400	402	1.18340	1.15900	1.48263	1.01762	0.07685
402	80400	80600	403	0.86709	0.82909	2.07389	3.15439	0.00601
403	80600	80800	404	0.87345	0.83997	1.93641	2.48529	0.01289
404	80800	81000	405	0.59363	0.56243	2.33075	3.07847	0.00654
405	81000	81200	406	1.11544	1.09964	1.33140	0.46405	0.16768
406	81200	81400	407	0.54338	0.51990	2.07212	1.97931	0.02332
407	81400	81600	408	0.64196	0.61912	1.86583	1.64647	0.03479
408	81600	81800	409	0.88082	0.87683	1.10537	0.04123	0.38699
409	81800	82000	410	1.18357	1.08560	3.12329	12.87877	0.00000
410	82000	82200	411	0.65761	0.65384	1.13757	0.05105	0.37466
411	82200	82400	412	0.65032	0.61660	2.29283	3.23118	0.00551
412	82400	82600	413	1.14363	1.05788	2.90964	10.59630	0.00000
413	82600	82800	414	0.98212	0.94368	1.95850	2.90264	0.00799
414	82800	83000	415	0.91369	0.88178	1.84411	2.15982	0.01884
415	83000	83200	416	0.76811	0.74989	1.57317	0.91819	0.08769
416	83200	83400	417	0.83442	0.80173	1.97272	2.49552	0.01274
417	83400	83600	418	1.22851	1.19176	1.72291	2.20631	0.01784
418	83600	83800	419	0.46075	0.43903	2.17468	1.99750	0.02282
419	83800	84000	420	1.48157	1.44429	1.58601	1.79488	0.02907
420	84000	84200	421	0.39289	0.38220	1.66879	0.63038	0.13075
421	84200	84400	422	0.67227	0.63998	2.19127	2.92749	0.00777
422	84400	84600	423	0.62855	0.57673	3.13735	7.27453	0.00007
423	84600	84800	424	0.41048	0.36188	4.22142	8.71960	0.00001
424	84800	85000	425	0.33219	0.31869	2.01932	1.11905	0.06732
425	85000	85200	426	0.81785	0.76816	2.53065	5.39750	0.00051
426	85200	85400	427	0.66195	0.61005	3.02778	6.89921	0.00010
427	85400	85600	428	0.48126	0.45249	2.50913	3.07153	0.00660
428	85600	85800	429	0.90307	0.90307	1.00000	0.00000	0.50000
429	85800	86000	430	0.75317	0.72392	1.94603	2.18263	0.01834
430	86000	86200	431	1.09976	1.07603	1.51071	1.04779	0.07386
431	86200	86400	432	0.78835	0.75237	2.12145	3.12257	0.00623
432	86400	86600	433	0.40842	0.40308	1.31439	0.16292	0.28406
433	86600	86800	434	0.57765	0.54163	2.57832	4.05347	0.00220
434	86800	87000	435	0.76908	0.73589	2.06906	2.74982	0.00951
435	87000	87200	436	0.83878	0.80334	2.03857	2.80082	0.00897
436	87200	87400	437	0.41937	0.39076	2.74844	3.49168	0.00411
437	87400	87600	438	0.74032	0.74032	1.00000	0.00000	1.00000
438	87600	87800	439	1.23992	1.21744	1.42275	0.82828	0.09903
439	87800	88000	440	0.96584	0.95038	1.38159	0.52617	0.15248
440	88000	88200	441	0.19783	0.16952	5.03768	5.98902	0.00027
441	88200	88400	442	0.50938	0.47990	2.46668	3.17211	0.00589
442	88400	88600	443	1.39516	1.35440	1.68924	2.26406	0.01667
443	88600	88800	444	0.42149	0.40294	2.10048	1.63792	0.03515
444	88800	89000	445	0.57976	0.55265	2.16750	2.42109	0.01389
445	89000	89200	446	0.49853	0.48296	1.76504	1.01504	0.07711
446	89200	89400	447	0.25764	0.24555	2.18064	1.11903	0.06732
447	89400	89600	448	0.57741	0.52773	3.24519	7.18670	0.00007
448	89600	89800	449	0.40296	0.37857	2.54761	2.75475	0.00946
449	89800	90000	450	1.41851	1.35618	2.06788	4.86139	0.00091
450	90000	90200	451	0.41298	0.40778	1.30350	0.15337	0.28984
451	90200	90400	452	0.53900	0.50154	2.78460	4.64316	0.00115
452	90400	90600	453	0.51956	0.49996	1.92907	1.48016	0.04267
453	90600	90800	454	0.50877	0.47874	2.49706	3.23123	0.00551
454	90800	91000	455	0.43464	0.41145	2.35820	2.36959	0.01474
455	91000	91200	456	1.04041	0.99898	1.96607	3.07631	0.00656
456	91200	91400	457	0.43103	0.42653	1.25153	0.11106	0.31872
457	91400	91600	458	0.78470	0.76312	1.66188	1.23859	0.05775
458	91600	91800	459	0.61532	0.57638	2.61517	4.49059	0.00136
459	91800	92000	460	0.63651	0.59217	2.78381	5.31009	0.00056
460	92000	92200	461	0.67950	0.66267	1.59866	0.89018	0.09105
461	92200	92400	462	0.35515	0.35515	1.00000	0.00000	0.50000
462	92400	92600	463	0.84485	0.83450	1.29158	0.28273	0.22603
463	92600	92800	464	0.67775	0.67775	1.00000	0.00000	0.50000
464	92800	93000	465	0.71002	0.68924	1.70841	1.24813	0.05706
465	93000	93200	466	0.73174	0.68920	2.45240	4.54344	0.00129
466	93200	93400	467	1.04743	1.01720	1.69382	1.75948	0.03034
467	93400	93600	468	0.44115	0.40046	3.44812	6.34845	0.00018
468	93600	93800	469	0.96688	0.90572	2.60782	6.68119	0.00013
469	93800	94000	470	0.33712	0.31130	2.99812	3.28715	0.00517
470	94000	94200	471	0.61100	0.53366	4.50350	14.61248	0.00000
471	94200	94400	472	0.76141	0.71891	2.39119	4.32546	0.00163
472	94400	94600	473	0.39408	0.33646	5.15634	12.18607	0.00000
473	94600	94800	474	0.62935	0.57496	3.26164	7.68871	0.00004
474	94800	95000	475	0.59544	0.57397	1.88734	1.54362	0.03945
475	95000	95200	476	1.21368	1.20052	1.25317	0.30372	0.21788
476	95200	95400	477	0.57368	0.57368	1.00000	0.00000	1.00000
477	95400	95600	478	1.42055	1.35939	2.03128	4.63084	0.00117
478	95600	95800	479	0.27602	0.27396	1.18008	0.03608	0.39410
479	95800	96000	480	1.20543	1.19135	1.27278	0.35035	0.20127
480	96000	96200	481	0.89959	0.87260	1.73015	1.65565	0.03440
481	96200	96400	482	0.56654	0.53015	2.63546	4.21511	0.00185
482	96400	96600	483	0.57035	0.54834	1.95603	1.71009	0.03220
483	96600	96800	484	1.49260	1.47639	1.25078	0.36851	0.19531
484	96800	97000	485	1.48015	1.48015	1.00000	0.00000	0.50000
485	97000	97200	486	1.05282	1.02257	1.68892	1.73992	0.03106
486	97200	97400	487	0.90875	0.90875	1.00000	0.00000	1.00000
487	97400	97600	488	0.64933	0.61933	2.14718	2.60065	0.01129
488	97600	97800	489	0.31663	0.27176	5.00731	9.06532	0.00001
489	97800	98000	490	1.00412	0.99182	1.28766	0.32555	0.20986
490	98000	98200	491	0.34433	0.31747	3.03495	3.67644	0.00335
491	98200	98400	492	0.77443	0.73482	2.27180	3.67636	0.00335
492	98400	98600	493	0.82262	0.79255	1.88951	2.16951	0.01862
493	98600	98800	494	1.39876	1.36208	1.61671	1.83832	0.02759
494	98800	99000	495	0.50135	0.47240	2.45795	3.14979	0.00604
495	99000	99200	496	0.88336	0.84541	2.06114	3.11552	0.00628
496	99200	99400	497	0.77806	0.75207	1.81399	1.78947	0.02926
497	99400	99600	498	0.26123	0.22124	5.37024	8.68870	0.00002
498	99600	99800	499	0.43802	0.42634	1.65495	0.63800	0.12932
499	99800	100000	500	0.13584	0.11879	4.46364	3.32357	0.00497
