#chr	start	end	name	null_scale	alt_scale	alt_subscale	lnlratio	pval
0	0	200	1	0.71471	0.71471	1.00000	0.00000	0.50000
1	200	400	2	0.81730	0.81730	1.00000	0.00000	0.50000
2	400	600	3	0.74052	0.74052	1.00000	0.00000	0.50000
3	600	800	4	1.46944	1.46945	1.00000	0.00000	0.49999
4	800	1000	5	1.07505	1.07505	1.00000	0.00000	1.00000
5	1000	1200	6	1.17490	1.17489	1.00000	0.00000	0.49995
6	1200	1400	7	0.61568	0.60513	1.41282	0.40359	0.18448
7	1400	1600	8	0.94933	0.94933	1.00000	0.00000	1.00000
8	1600	1800	9	1.41416	1.40029	1.22562	0.28882	0.22362
9	1800	2000	10	0.94193	0.94193	1.00000	0.00000	0.50000
10	2000	2200	11	1.36302	1.36302	1.00000	0.00000	0.50000
11	2200	2400	12	0.98201	0.98201	1.00000	0.00000	0.50000
12	2400	2600	13	0.97946	0.97946	1.00000	0.00000	0.50000
13	2600	2800	14	1.30628	1.30628	1.00000	0.00000	0.49999
14	2800	3000	15	0.73438	0.73438	1.00000	0.00000	0.50000
15	3000	3200	16	0.96152	0.96152	1.00000	0.00000	0.50000
16	3200	3400	17	1.06659	1.06659	1.00000	0.00000	0.50000
17	3400	3600	18	1.23177	1.23176	1.00000	0.00000	0.49997
18	3600	3800	19	1.03847	1.03847	1.00000	0.00000	0.50000
19	3800	4000	20	0.59451	0.59451	1.00000	0.00000	1.00000
20	4000	4200	21	1.67575	1.67575	1.00000	0.00000	0.50000
21	4200	4400	22	0.71030	0.69964	1.35388	0.35286	0.20043
22	4400	4600	23	0.86739	0.86739	1.00000	0.00000	0.50000
23	4600	4800	24	1.14594	1.13935	1.13289	0.08035	0.34426
24	4800	5000	25	0.36249	0.36249	1.00000	0.00000	0.50000
25	5000	5200	26	1.12723	1.12723	1.00000	0.00000	0.50000
26	5200	5400	27	0.67044	0.67044	1.00000	0.00000	0.50000
27	5400	5600	28	0.50386	0.50386	1.00000	0.00000	0.49999
28	5600	5800	29	0.86670	0.86670	1.00000	0.00000	0.50000
29	5800	6000	30	1.62698	1.61770	1.12929	0.11202	0.31799
30	6000	6200	31	0.87443	0.87443	1.00000	0.00000	0.50000
31	6200	6400	32	0.79335	0.79335	1.00000	0.00000	0.50000
32	6400	6600	33	1.08710	1.08710	1.00000	0.00000	0.50000
33	6600	6800	34	0.71592	0.71592	1.00000	0.00000	0.50000
34	6800	7000	35	0.71850	0.71850	1.00000	0.00000	0.50000
35	7000	7200	36	1.33261	1.33261	1.00000	0.00000	1.00000
36	7200	7400	37	1.43799	1.43798	1.00000	0.00000	0.49997
37	7400	7600	38	0.72281	0.72131	1.04969	0.00770	0.45061
38	7600	7800	39	0.74413	0.74413	1.00000	0.00000	0.50000
39	7800	8000	40	1.02264	1.02264	1.00000	0.00000	0.49999
40	8000	8200	41	0.50657	0.50657	1.00000	0.00000	0.50000
41	8200	8400	42	0.98492	0.98492	1.00000	0.00000	0.50000
42	8400	8600	43	0.64927	0.64927	1.00000	0.00000	0.50000
43	8600	8800	44	0.81086	0.81086	1.00000	0.00000	0.50000
44	8800	9000	45	0.74682	0.74682	1.00000	0.00000	1.00000
45	9000	9200	46	1.21960	1.21960	1.00000	0.00000	0.49999
46	9200	9400	47	0.78417	0.78417	1.00000	0.00000	0.50000
47	9400	9600	48	0.86895	0.86895	1.00000	0.00000	0.50000
48	9600	9800	49	0.71353	0.71353	1.00000	0.00000	0.50000
49	9800	10000	50	0.86318	0.86318	1.00000	0.00000	0.50000
50	10000	10200	51	1.16319	1.16319	1.00000	0.00000	1.00000
51	10200	10400	52	0.90297	0.90297	1.00000	0.00000	0.50000
52	10400	10600	53	0.84356	0.84356	1.00000	0.00000	0.50000
53	10600	10800	54	0.97995	0.97995	1.00000	0.00000	0.50000
54	10800	11000	55	0.83332	0.83332	1.00000	0.00000	0.50000
55	11000	11200	56	0.66563	0.66563	1.00000	0.00000	0.50000
56	11200	11400	57	1.17246	1.17245	1.00000	0.00000	0.49996
57	11400	11600	58	1.00952	1.00952	1.00000	0.00000	0.49999
58	11600	11800	59	0.92546	0.92367	1.04521	0.00809	0.44938
59	11800	12000	60	1.33789	1.33789	1.00000	0.00000	0.49999
60	12000	12200	61	0.68457	0.68457	1.00000	0.00000	0.50000
61	12200	12400	62	0.76728	0.76728	1.00000	0.00000	0.50000
62	12400	12600	63	0.76123	0.76123	1.00000	0.00000	0.50000
63	12600	12800	64	1.27627	1.27627	1.00000	0.00000	0.50000
64	12800	13000	65	0.84578	0.84578	1.00000	0.00000	0.50000
65	13000	13200	66	0.69333	0.69333	1.00000	0.00000	0.50000
66	13200	13400	67	1.21700	1.21699	1.00000	0.00000	0.49995
67	13400	13600	68	0.96100	0.96100	1.00000	0.00000	0.50000
68	13600	13800	69	1.09597	1.09597	1.00000	0.00000	0.50000
69	13800	14000	70	1.31960	1.31960	1.00000	0.00000	0.50000
70	14000	14200	71	1.29677	1.29677	1.00000	0.00000	0.50000
71	14200	14400	72	0.99648	0.99648	1.00000	0.00000	0.49999
72	14400	14600	73	0.83353	0.83353	1.00000	0.00000	0.50000
73	14600	14800	74	1.96694	1.96694	1.00000	0.00000	0.49999
74	14800	15000	75	0.55716	0.55716	1.00000	0.00000	0.50000
75	15000	15200	76	0.78393	0.78393	1.00000	0.00000	0.50000
76	15200	15400	77	0.89850	0.89850	1.00000	0.00000	0.50000
77	15400	15600	78	1.23702	1.23702	1.00000	0.00000	1.00000
78	15600	15800	79	0.85610	0.85610	1.00000	0.00000	0.50000
79	15800	16000	80	1.14430	1.14430	1.00000	0.00000	0.50000
80	16000	16200	81	0.88574	0.88574	1.00000	0.00000	0.50000
81	16200	16400	82	0.77647	0.77647	1.00000	0.00000	0.50000
82	16400	16600	83	1.14450	1.14451	1.00000	0.00000	0.49993
83	16600	16800	84	1.29657	1.29657	1.00000	0.00000	0.50000
84	16800	17000	85	0.85788	0.85788	1.00000	0.00000	0.50000
85	17000	17200	86	0.84282	0.84282	1.00000	0.00000	0.50000
86	17200	17400	87	0.79786	0.79786	1.00000	0.00000	0.50000
87	17400	17600	88	0.94150	0.94150	1.00000	0.00000	1.00000
88	17600	17800	89	0.59746	0.59746	1.00000	0.00000	1.00000
89	17800	18000	90	0.88935	0.88935	1.00000	0.00000	0.50000
90	18000	18200	91	1.36396	1.36396	1.00000	0.00000	0.50000
91	18200	18400	92	1.42269	1.42269	1.00000	0.00000	0.49999
92	18400	18600	93	1.04615	1.04615	1.00000	0.00000	0.50000
93	18600	18800	94	0.70678	0.70678	1.00000	0.00000	0.50000
94	18800	19000	95	1.16128	1.16110	1.00347	0.00005	0.49595
95	19000	19200	96	0.70435	0.70435	1.00000	0.00000	0.50000
96	19200	19400	97	0.78154	0.78154	1.00000	0.00000	1.00000
97	19400	19600	98	0.99000	0.99000	1.00000	0.00000	1.00000
98	19600	19800	99	0.96710	0.96710	1.00000	0.00000	0.50000
99	19800	20000	100	0.99391	0.99391	1.00000	0.00000	0.50000
100	20000	20200	101	1.30976	1.30976	1.00000	0.00000	0.50000
101	20200	20400	102	1.20890	1.20890	1.00000	0.00000	1.00000
102	20400	20600	103	0.88345	0.88345	1.00000	0.00000	1.00000
103	20600	20800	104	1.54009	1.54009	1.00000	0.00000	1.00000
104	20800	21000	105	0.97017	0.97017	1.00000	0.00000	0.50000
105	21000	21200	106	0.72787	0.72787	1.00000	0.00000	0.50000
106	21200	21400	107	1.02494	1.02257	1.05283	0.01191	0.43868
107	21400	21600	108	0.93225	0.93225	1.00000	0.00000	0.50000
108	21600	21800	109	1.64741	1.64741	1.00000	0.00000	0.50000
109	21800	22000	110	0.88214	0.88214	1.00000	0.00000	0.50000
110	22000	22200	111	1.00996	1.00996	1.00000	0.00000	0.50000
111	22200	22400	112	1.04360	1.04360	1.00000	0.00000	0.50000
112	22400	22600	113	0.89678	0.89678	1.00000	0.00000	0.50000
113	22600	22800	114	0.71621	0.71621	1.00000	0.00000	0.50000
114	22800	23000	115	0.57946	0.57946	1.00000	0.00000	0.50000
115	23000	23200	116	0.58275	0.58275	1.00000	0.00000	0.50000
116	23200	23400	117	0.84449	0.84449	1.00000	0.00000	0.50000
117	23400	23600	118	0.96440	0.96440	1.00000	0.00000	0.50000
118	23600	23800	119	0.99181	0.96813	1.57452	1.16778	0.06322
119	23800	24000	120	0.67884	0.67884	1.00000	0.00000	0.50000
120	24000	24200	121	0.66551	0.66551	1.00000	0.00000	0.50000
121	24200	24400	122	1.85384	1.85384	1.00000	0.00000	1.00000
122	24400	24600	123	0.47791	0.47791	1.00000	0.00000	0.50000
123	24600	24800	124	0.93394	0.93394	1.00000	0.00000	0.50000
124	24800	25000	125	0.75598	0.75598	1.00000	0.00000	0.50000
125	25000	25200	126	0.83566	0.83566	1.00000	0.00000	0.50000
126	25200	25400	127	0.91143	0.91143	1.00000	0.00000	0.50000
127	25400	25600	128	0.68913	0.68913	1.00000	0.00000	0.50000
128	25600	25800	129	0.97900	0.97900	1.00000	0.00000	0.50000
129	25800	26000	130	0.39987	0.39987	1.00000	0.00000	0.50000
130	26000	26200	131	0.78621	0.78621	1.00000	0.00000	0.50000
131	26200	26400	132	0.76197	0.76197	1.00000	0.00000	0.50000
132	26400	26600	133	1.02297	1.02296	1.00000	0.00000	0.49998
133	26600	26800	134	1.01561	1.01561	1.00000	0.00000	0.49998
134	26800	27000	135	0.77101	0.77101	1.00000	0.00000	0.50000
135	27000	27200	136	0.65406	0.65406	1.00000	0.00000	0.50000
136	27200	27400	137	0.97819	0.97819	1.00000	0.00000	0.50000
137	27400	27600	138	1.05913	1.05913	1.00000	0.00000	1.00000
138	27600	27800	139	1.18298	1.18297	1.00000	0.00000	0.49996
139	27800	28000	140	0.82474	0.82475	1.00000	0.00000	0.50000
140	28000	28200	141	0.99224	0.97864	1.32179	0.40068	0.18534
141	28200	28400	142	0.71022	0.71022	1.00000	0.00000	1.00000
142	28400	28600	143	0.73677	0.73677	1.00000	0.00000	0.50000
143	28600	28800	144	0.51111	0.51112	1.00000	0.00000	0.50000
144	28800	29000	145	1.02937	1.02937	1.00000	0.00000	0.50000
145	29000	29200	146	0.43928	0.43928	1.00000	0.00000	0.50000
146	29200	29400	147	1.06595	1.06595	1.00000	0.00000	0.50000
147	29400	29600	148	0.97956	0.97956	1.00000	0.00000	1.00000
148	29600	29800	149	1.06162	1.06162	1.00000	0.00000	0.50000
149	29800	30000	150	1.03604	1.03604	1.00000	0.00000	0.50000
150	30000	30200	151	0.69606	0.69606	1.00000	0.00000	0.50000
151	30200	30400	152	0.60692	0.60692	1.00000	0.00000	0.50000
152	30400	30600	153	0.70500	0.70500	1.00000	0.00000	0.50000
153	30600	30800	154	1.15549	1.15549	1.00000	0.00000	0.50000
154	30800	31000	155	0.96487	0.96487	1.00000	0.00000	0.50000
155	31000	31200	156	1.37742	1.37741	1.00000	0.00000	0.49996
156	31200	31400	157	0.70904	0.70903	1.00000	0.00000	1.00000
157	31400	31600	158	0.70091	0.70091	1.00000	0.00000	0.50000
158	31600	31800	159	0.89983	0.89983	1.00000	0.00000	1.00000
159	31800	32000	160	0.77385	0.77385	1.00000	0.00000	0.50000
160	32000	32200	161	0.71795	0.71795	1.00000	0.00000	0.50000
161	32200	32400	162	0.73051	0.73051	1.00000	0.00000	1.00000
162	32400	32600	163	0.95853	0.95853	1.00000	0.00000	0.50000
163	32600	32800	164	1.26836	1.26836	1.00000	0.00000	0.50000
164	32800	33000	165	0.68293	0.68293	1.00000	0.00000	0.50000
165	33000	33200	166	0.59018	0.59018	1.00000	0.00000	0.50000
166	33200	33400	167	0.84798	0.84724	1.02049	0.00131	0.47957
167	33400	33600	168	1.35141	1.35141	1.00000	0.00000	0.50000
168	33600	33800	169	0.92703	0.92703	1.00000	0.00000	0.50000
169	33800	34000	170	0.50433	0.50433	1.00000	0.00000	0.50000
170	34000	34200	171	0.73393	0.73393	1.00000	0.00000	0.50000
171	34200	34400	172	0.62633	0.62633	1.00000	0.00000	0.50000
172	34400	34600	173	1.06705	1.06705	1.00000	0.00000	0.50000
173	34600	34800	174	1.01962	1.01963	1.00000	0.00000	0.49998
174	34800	35000	175	1.17718	1.17718	1.00000	0.00000	0.50000
175	35000	35200	176	1.01352	1.01352	1.00000	0.00000	0.50000
176	35200	35400	177	0.55929	0.55929	1.00000	0.00000	0.50000
177	35400	35600	178	1.07749	1.07749	1.00000	0.00000	0.49998
178	35600	35800	179	1.13839	1.13839	1.00000	0.00000	1.00000
179	35800	36000	180	1.27584	1.27584	1.00000	0.00000	0.50000
180	36000	36200	181	0.81017	0.81017	1.00000	0.00000	0.50000
181	36200	36400	182	0.64913	0.64913	1.00000	0.00000	0.50000
182	36400	36600	183	1.31839	1.31493	1.05867	0.01886	0.42301
183	36600	36800	184	0.90318	0.90318	1.00000	0.00000	0.50000
184	36800	37000	185	1.21163	1.21163	1.00000	0.00000	0.50000
185	37000	37200	186	0.96136	0.96136	1.00000	0.00000	0.50000
186	37200	37400	187	0.73010	0.72938	1.02333	0.00150	0.47817
187	37400	37600	188	0.45059	0.45059	1.00000	0.00000	0.49999
188	37600	37800	189	1.04329	1.04329	1.00000	0.00000	0.50000
189	37800	38000	190	1.02736	1.02611	1.02823	0.00360	0.46618
190	38000	38200	191	0.72599	0.72565	1.01084	0.00032	0.48991
191	38200	38400	192	1.07401	1.07392	1.00182	0.00001	0.49803
192	38400	38600	193	0.65983	0.65983	1.00000	0.00000	0.50000
193	38600	38800	194	0.56755	0.56755	1.00000	0.00000	0.50000
194	38800	39000	195	1.43917	1.43917	1.00000	0.00000	1.00000
195	39000	39200	196	0.78682	0.78682	1.00000	0.00000	0.50000
196	39200	39400	197	1.56019	1.56019	1.00000	0.00000	0.50000
197	39400	39600	198	0.69158	0.69159	1.00000	0.00000	0.50000
198	39600	39800	199	0.66733	0.66733	1.00000	0.00000	0.50000
199	39800	40000	200	0.75381	0.75381	1.00000	0.00000	0.50000
200	40000	40200	201	0.71315	0.71315	1.00000	0.00000	0.50000
201	40200	40400	202	1.41753	1.41753	1.00000	0.00000	1.00000
202	40400	40600	203	1.42043	1.39703	1.38084	0.78332	0.10535
203	40600	40800	204	1.44989	1.44988	1.00000	0.00000	0.49998
204	40800	41000	205	0.74680	0.74680	1.00000	0.00000	0.50000
205	41000	41200	206	1.02085	1.01439	1.14900	0.09467	0.33173
206	41200	41400	207	1.01503	1.01503	1.00000	0.00000	0.50000
207	41400	41600	208	0.58364	0.58364	1.00000	0.00000	1.00000
208	41600	41800	209	0.90475	0.90453	1.00555	0.00010	0.49440
209	41800	42000	210	1.59067	1.59067	1.00000	0.00000	0.49999
210	42000	42200	211	0.70664	0.70664	1.00000	0.00000	0.50000
211	42200	42400	212	0.84722	0.84722	1.00000	0.00000	0.50000
212	42400	42600	213	0.62890	0.62890	1.00000	0.00000	0.50000
213	42600	42800	214	0.95325	0.95325	1.00000	0.00000	1.00000
214	42800	43000	215	0.92444	0.91243	1.31374	0.35333	0.20028
215	43000	43200	216	1.18633	1.17684	1.18625	0.16528	0.28267
216	43200	43400	217	0.77372	0.77372	1.00000	0.00000	0.50000
217	43400	43600	218	0.89300	0.89300	1.00000	0.00000	0.50000
218	43600	43800	219	0.89424	0.89424	1.00000	0.00000	0.50000
219	43800	44000	220	1.07473	1.07473	1.00000	0.00000	1.00000
220	44000	44200	221	1.07359	1.07359	1.00000	0.00000	0.50000
221	44200	44400	222	1.30694	1.29749	1.16618	0.14719	0.29371
222	44400	44600	223	0.75759	0.75760	1.00000	0.00000	0.50000
223	44600	44800	224	0.67560	0.67560	1.00000	0.00000	0.50000
224	44800	45000	225	1.39326	1.39326	1.00000	0.00000	0.49998
225	45000	45200	226	1.41744	1.41743	1.00000	0.00000	0.49999
226	45200	45400	227	0.59561	0.59561	1.00000	0.00000	0.50000
227	45400	45600	228	1.20573	1.20573	1.00000	0.00000	1.00000
228	45600	45800	229	1.02151	1.02152	1.00000	0.00000	0.49995
229	45800	46000	230	1.08251	1.08251	1.00000	0.00000	0.49999
230	46000	46200	231	0.98355	0.98355	1.00000	0.00000	0.50000
231	46200	46400	232	1.26390	1.24776	1.29786	0.43864	0.17447
232	46400	46600	233	1.70251	1.70251	1.00000	0.00000	0.49999
233	46600	46800	234	0.81881	0.81881	1.00000	0.00000	0.50000
234	46800	47000	235	0.71939	0.71939	1.00000	0.00000	0.50000
235	47000	47200	236	1.28227	1.28227	1.00000	0.00000	0.49999
236	47200	47400	237	0.77735	0.77735	1.00000	0.00000	0.50000
237	47400	47600	238	1.63604	1.62637	1.13364	0.11900	0.31283
238	47600	47800	239	1.19154	1.19154	1.00000	0.00000	0.49999
239	47800	48000	240	1.60681	1.60681	1.00000	0.00000	0.50000
240	48000	48200	241	0.60197	0.60197	1.00000	0.00000	0.50000
241	48200	48400	242	0.97159	0.97159	1.00000	0.00000	0.50000
242	48400	48600	243	0.51938	0.51938	1.00000	0.00000	1.00000
243	48600	48800	244	0.53820	0.53820	1.00000	0.00000	0.50000
244	48800	49000	245	1.45591	1.45591	1.00000	0.00000	1.00000
245	49000	49200	246	1.35814	1.35814	1.00000	0.00000	0.50000
246	49200	49400	247	1.00895	1.00895	1.00000	0.00000	0.50000
247	49400	49600	248	1.71648	1.71648	1.00000	0.00000	0.50000
248	49600	49800	249	1.09257	1.09257	1.00000	0.00000	0.50000
249	49800	50000	250	1.09509	1.09509	1.00000	0.00000	0.49999
250	50000	50200	251	1.21860	1.20555	1.24704	0.29491	0.22124
251	50200	50400	252	0.97540	0.97540	1.00000	0.00000	0.50000
252	50400	50600	253	0.70412	0.70412	1.00000	0.00000	0.50000
253	50600	50800	254	0.91478	0.91478	1.00000	0.00000	0.50000
254	50800	51000	255	0.96699	0.96699	1.00000	0.00000	0.50000
255	51000	51200	256	1.07137	1.07137	1.00000	0.00000	1.00000
256	51200	51400	257	1.51710	1.51710	1.00000	0.00000	0.50000
257	51400	51600	258	1.36288	1.36288	1.00000	0.00000	0.49998
258	51600	51800	259	0.96476	0.96476	1.00000	0.00000	1.00000
259	51800	52000	260	0.95449	0.95449	1.00000	0.00000	0.50000
260	52000	52200	261	1.00405	1.00405	1.00000	0.00000	0.50000
261	52200	52400	262	0.86009	0.86009	1.00000	0.00000	0.50000
262	52400	52600	263	0.65091	0.65091	1.00000	0.00000	0.50000
263	52600	52800	264	0.62201	0.62201	1.00000	0.00000	0.50000
264	52800	53000	265	0.87081	0.87081	1.00000	0.00000	0.49999
265	53000	53200	266	0.76902	0.76902	1.00000	0.00000	0.50000
266	53200	53400	267	1.37632	1.37632	1.00000	0.00000	0.50000
267	53400	53600	268	0.51072	0.51072	1.00000	0.00000	0.50000
268	53600	53800	269	0.72138	0.72138	1.00000	0.00000	0.50000
269	53800	54000	270	1.18879	1.18879	1.00000	0.00000	0.49998
270	54000	54200	271	1.03780	1.03780	1.00000	0.00000	0.50000
271	54200	54400	272	0.78771	0.78771	1.00000	0.00000	0.50000
272	54400	54600	273	0.89263	0.88900	1.09465	0.03377	0.39748
273	54600	54800	274	1.09619	1.09619	1.00000	0.00000	1.00000
274	54800	55000	275	0.72459	0.72459	1.00000	0.00000	0.50000
275	55000	55200	276	0.98368	0.98368	1.00000	0.00000	1.00000
276	55200	55400	277	0.98963	0.98963	1.00000	0.00000	0.50000
277	55400	55600	278	0.75518	0.75518	1.00000	0.00000	0.50000
278	55600	55800	279	0.83219	0.83219	1.00000	0.00000	0.50000
279	55800	56000	280	0.91829	0.91829	1.00000	0.00000	0.50000
280	56000	56200	281	0.63093	0.63093	1.00000	0.00000	0.50000
281	56200	56400	282	0.73351	0.73351	1.00000	0.00000	0.50000
282	56400	56600	283	0.80956	0.80804	1.04392	0.00685	0.45340
283	56600	56800	284	0.76275	0.76275	1.00000	0.00000	0.50000
284	56800	57000	285	1.04226	1.04226	1.00000	0.00000	0.50000
285	57000	57200	286	0.77437	0.77437	1.00000	0.00000	0.50000
286	57200	57400	287	1.09658	1.09658	1.00000	0.00000	1.00000
287	57400	57600	288	0.79883	0.79883	1.00000	0.00000	0.50000
288	57600	57800	289	0.48176	0.48176	1.00000	0.00000	1.00000
289	57800	58000	290	0.94393	0.94394	1.00000	0.00000	0.50000
290	58000	58200	291	0.87999	0.87999	1.00000	0.00000	0.50000
291	58200	58400	292	1.01494	1.01494	1.00000	0.00000	0.50000
292	58400	58600	293	0.74783	0.74783	1.00000	0.00000	1.00000
293	58600	58800	294	0.86780	0.86780	1.00000	0.00000	0.50000
294	58800	59000	295	0.59531	0.59532	1.00000	0.00000	0.50000
295	59000	59200	296	1.06501	1.06501	1.00000	0.00000	0.50000
296	59200	59400	297	1.25146	1.25146	1.00000	0.00000	0.50000
297	59400	59600	298	0.76681	0.76681	1.00000	0.00000	0.50000
298	59600	59800	299	0.87985	0.87557	1.11332	0.04678	0.37985
299	59800	60000	300	1.17418	1.17418	1.00000	0.00000	0.50000
300	60000	60200	301	0.62612	0.62612	1.00000	0.00000	0.50000
301	60200	60400	302	1.14990	1.14990	1.00000	0.00000	0.50000
302	60400	60600	303	1.09544	1.09544	1.00000	0.00000	0.50000
303	60600	60800	304	1.00536	1.00536	1.00000	0.00000	1.00000
304	60800	61000	305	0.60800	0.60800	1.00000	0.00000	1.00000
305	61000	61200	306	0.77854	0.77854	1.00000	0.00000	0.50000
306	61200	61400	307	0.89448	0.89448	1.00000	0.00000	0.50000
307	61400	61600	308	0.75271	0.74791	1.14987	0.07008	0.35406
308	61600	61800	309	0.94159	0.94159	1.00000	0.00000	0.50000
309	61800	62000	310	0.76896	0.76896	1.00000	0.00000	1.00000
310	62000	62200	311	0.68348	0.68348	1.00000	0.00000	0.50000
311	62200	62400	312	1.03115	1.03115	1.00000	0.00000	0.50000
312	62400	62600	313	0.59992	0.59992	1.00000	0.00000	0.50000
313	62600	62800	314	0.92487	0.92278	1.05135	0.01011	0.44347
314	62800	63000	315	1.28486	1.28486	1.00000	0.00000	0.49999
315	63000	63200	316	0.91575	0.91441	1.03394	0.00461	0.46175
316	63200	63400	317	0.51757	0.51757	1.00000	0.00000	0.50000
317	63400	63600	318	1.11889	1.11888	1.00000	0.00000	0.49998
318	63600	63800	319	0.91610	0.91610	1.00000	0.00000	0.50000
319	63800	64000	320	1.07965	1.07965	1.00000	0.00000	0.49999
320	64000	64200	321	0.84432	0.84432	1.00000	0.00000	0.50000
321	64200	64400	322	0.80235	0.80235	1.00000	0.00000	1.00000
322	64400	64600	323	0.88218	0.88218	1.00000	0.00000	0.50000
323	64600	64800	324	1.22108	1.22108	1.00000	0.00000	0.50000
324	64800	65000	325	1.19788	1.19788	1.00000	0.00000	0.50000
325	65000	65200	326	0.81802	0.81802	1.00000	0.00000	0.50000
326	65200	65400	327	1.61072	1.61072	1.00000	0.00000	1.00000
327	65400	65600	328	1.05313	1.05313	1.00000	0.00000	0.50000
328	65600	65800	329	0.88116	0.88116	1.00000	0.00000	0.50000
329	65800	66000	330	0.75024	0.75024	1.00000	0.00000	1.00000
330	66000	66200	331	0.85898	0.85898	1.00000	0.00000	0.50000
331	66200	66400	332	0.82144	0.82144	1.00000	0.00000	0.50000
332	66400	66600	333	1.22286	1.22286	1.00000	0.00000	1.00000
333	66600	66800	334	0.94681	0.94681	1.00000	0.00000	0.50000
334	66800	67000	335	1.06807	1.06807	1.00000	0.00000	0.50000
335	67000	67200	336	1.22306	1.21571	1.13912	0.09849	0.32858
336	67200	67400	337	0.59727	0.59727	1.00000	0.00000	0.50000
337	67400	67600	338	0.82973	0.82973	1.00000	0.00000	0.50000
338	67600	67800	339	1.83539	1.83539	1.00000	0.00000	0.49998
339	67800	68000	340	0.66428	0.66428	1.00000	0.00000	0.50000
340	68000	68200	341	1.06524	1.06524	1.00000	0.00000	0.50000
341	68200	68400	342	0.79403	0.79403	1.00000	0.00000	0.50000
342	68400	68600	343	0.90088	0.90088	1.00000	0.00000	0.50000
343	68600	68800	344	0.70085	0.70085	1.00000	0.00000	0.50000
344	68800	69000	345	1.62840	1.61638	1.16909	0.18597	0.27097
345	69000	69200	346	0.60269	0.60269	1.00000	0.00000	0.50000
346	69200	69400	347	1.49368	1.49369	1.00000	0.00000	0.49998
347	69400	69600	348	1.30676	1.30676	1.00000	0.00000	0.50000
348	69600	69800	349	1.16564	1.16564	1.00000	0.00000	0.50000
349	69800	70000	350	0.79301	0.79301	1.00000	0.00000	1.00000
350	70000	70200	351	1.07552	1.07552	1.00000	0.00000	1.00000
351	70200	70400	352	1.70855	1.69772	1.14204	0.13937	0.29877
352	70400	70600	353	1.12721	1.12721	1.00000	0.00000	0.50000
353	70600	70800	354	1.42144	1.42144	1.00000	0.00000	0.50000
354	70800	71000	355	1.31764	1.31764	1.00000	0.00000	0.50000
355	71000	71200	356	0.84678	0.84678	1.00000	0.00000	0.50000
356	71200	71400	357	0.92440	0.92440	1.00000	0.00000	0.50000
357	71400	71600	358	0.76501	0.75161	1.41572	0.50786	0.15677
358	71600	71800	359	1.11166	1.11166	1.00000	0.00000	0.50000
359	71800	72000	360	0.77394	0.77394	1.00000	0.00000	0.50000
360	72000	72200	361	0.71003	0.71003	1.00000	0.00000	0.50000
361	72200	72400	362	0.77172	0.77172	1.00000	0.00000	0.50000
362	72400	72600	363	0.71956	0.71956	1.00000	0.00000	0.50000
363	72600	72800	364	0.67661	0.67661	1.00000	0.00000	0.50000
364	72800	73000	365	0.89332	0.89332	1.00000	0.00000	0.50000
365	73000	73200	366	0.77669	0.77669	1.00000	0.00000	0.50000
366	73200	73400	367	0.95619	0.95619	1.00000	0.00000	0.50000
367	73400	73600	368	1.07369	1.07374	1.00000	0.00000	1.00000
368	73600	73800	369	0.94803	0.94803	1.00000	0.00000	1.00000
369	73800	74000	370	1.51382	1.51382	1.00000	0.00000	0.49998
370	74000	74200	371	1.06391	1.06391	1.00000	0.00000	1.00000
371	74200	74400	372	0.90977	0.90977	1.00000	0.00000	1.00000
372	74400	74600	373	0.98768	0.98768	1.00000	0.00000	0.50000
373	74600	74800	374	0.83909	0.83909	1.00000	0.00000	0.50000
374	74800	75000	375	0.79358	0.79358	1.00000	0.00000	0.50000
375	75000	75200	376	0.78315	0.78315	1.00000	0.00000	0.50000
376	75200	75400	377	0.83397	0.83397	1.00000	0.00000	0.50000
377	75400	75600	378	0.66357	0.66357	1.00000	0.00000	1.00000
378	75600	75800	379	0.77793	0.77793	1.00000	0.00000	0.50000
379	75800	76000	380	0.49062	0.49062	1.00000	0.00000	0.50000
380	76000	76200	381	0.76364	0.76364	1.00000	0.00000	0.50000
381	76200	76400	382	0.66933	0.66933	1.00000	0.00000	0.50000
382	76400	76600	383	0.67722	0.66994	1.25491	0.18226	0.27300
383	76600	76800	384	0.76366	0.76366	1.00000	0.00000	1.00000
384	76800	77000	385	0.99472	0.99472	1.00000	0.00000	0.50000
385	77000	77200	386	0.98713	0.98713	1.00000	0.00000	0.50000
386	77200	77400	387	1.11532	1.11532	1.00000	0.00000	0.49998
387	77400	77600	388	1.04785	1.04785	1.00000	0.00000	0.50000
388	77600	77800	389	0.50556	0.50556	1.00000	0.00000	0.50000
389	77800	78000	390	1.25810	1.25810	1.00000	0.00000	0.50000
390	78000	78200	391	1.04239	1.04239	1.00000	0.00000	0.50000
391	78200	78400	392	0.52937	0.52937	1.00000	0.00000	0.50000
392	78400	78600	393	0.87429	0.87429	1.00000	0.00000	1.00000
393	78600	78800	394	0.80178	0.80178	1.00000	0.00000	0.50000
394	78800	79000	395	0.64819	0.64819	1.00000	0.00000	0.49999
395	79000	79200	396	0.83289	0.83289	1.00000	0.00000	0.50000
396	79200	79400	397	0.67915	0.66162	1.62561	0.94976	0.08407
397	79400	79600	398	0.69364	0.69364	1.00000	0.00000	0.50000
398	79600	79800	399	1.04894	1.04894	1.00000	0.00000	0.50000
399	79800	80000	400	0.81783	0.81784	1.00000	0.00000	0.50000
400	80000	80200	401	1.07404	1.07404	1.00000	0.00000	0.50000
401	80200	80400	402	0.77491	0.76595	1.27242	0.22710	0.25017
402	80400	80600	403	0.35649	0.35649	1.00000	0.00000	0.50000
403	80600	80800	404	1.27876	1.27876	1.00000	0.00000	0.50000
404	80800	81000	405	0.54769	0.54769	1.00000	0.00000	0.50000
405	81000	81200	406	0.88782	0.88782	1.00000	0.00000	0.50000
406	81200	81400	407	0.83601	0.83602	1.00000	0.00000	0.50000
407	81400	81600	408	0.73456	0.73429	1.00857	0.00020	0.49203
408	81600	81800	409	2.01095	2.01095	1.00000	0.00000	0.50000
409	81800	82000	410	1.16160	1.16160	1.00000	0.00000	0.49999
410	82000	82200	411	1.00913	1.00913	1.00000	0.00000	1.00000
411	82200	82400	412	0.84566	0.84566	1.00000	0.00000	0.50000
412	82400	82600	413	0.59898	0.59898	1.00000	0.00000	0.50000
413	82600	82800	414	1.53220	1.53220	1.00000	0.00000	0.50000
414	82800	83000	415	0.89342	0.89342	1.00000	0.00000	0.50000
415	83000	83200	416	1.73862	1.73862	1.00000	0.00000	1.00000
416	83200	83400	417	1.19915	1.19915	1.00000	0.00000	0.50000
417	83400	83600	418	1.14636	1.14636	1.00000	0.00000	1.00000
418	83600	83800	419	1.19799	1.19799	1.00000	0.00000	0.50000
419	83800	84000	420	0.91765	0.91765	1.00000	0.00000	1.00000
420	84000	84200	421	0.82562	0.82562	1.00000	0.00000	0.50000
421	84200	84400	422	0.70352	0.70352	1.00000	0.00000	1.00000
422	84400	84600	423	1.55408	1.55408	1.00000	0.00000	0.50000
423	84600	84800	424	0.71856	0.71856	1.00000	0.00000	0.50000
424	84800	85000	425	0.91293	0.91293	1.00000	0.00000	1.00000
425	85000	85200	426	0.96058	0.96058	1.00000	0.00000	0.50000
426	85200	85400	427	1.07384	1.07362	1.00456	0.00008	0.49498
427	85400	85600	428	1.33305	1.33305	1.00000	0.00000	0.50000
428	85600	85800	429	1.42510	1.42511	1.00000	0.00000	0.49999
429	85800	86000	430	1.06689	1.06689	1.00000	0.00000	1.00000
430	86000	86200	431	0.87487	0.87487	1.00000	0.00000	0.50000
431	86200	86400	432	1.17511	1.17511	1.00000	0.00000	0.50000
432	86400	86600	433	0.78751	0.78751	1.00000	0.00000	1.00000
433	86600	86800	434	0.82321	0.82252	1.01977	0.00117	0.48073
434	86800	87000	435	0.93915	0.93915	1.00000	0.00000	0.50000
435	87000	87200	436	1.01121	1.01121	1.00000	0.00000	0.50000
436	87200	87400	437	1.04066	1.04066	1.00000	0.00000	1.00000
437	87400	87600	438	0.78200	0.78200	1.00000	0.00000	1.00000
438	87600	87800	439	0.80074	0.79856	1.06190	0.01293	0.43613
439	87800	88000	440	0.60767	0.60767	1.00000	0.00000	0.50000
440	88000	88200	441	0.76070	0.76070	1.00000	0.00000	0.49999
441	88200	88400	442	1.10062	1.10062	1.00000	0.00000	0.50000
442	88400	88600	443	0.94373	0.94373	1.00000	0.00000	0.50000
443	88600	88800	444	0.88538	0.88538	1.00000	0.00000	0.50000
444	88800	89000	445	0.87721	0.87721	1.00000	0.00000	0.50000
445	89000	89200	446	1.14820	1.14820	1.00000	0.00000	0.50000
446	89200	89400	447	0.74173	0.74173	1.00000	0.00000	0.50000
447	89400	89600	448	0.83646	0.83646	1.00000	0.00000	0.50000
448	89600	89800	449	1.30825	1.30825	1.00000	0.00000	0.50000
449	89800	90000	450	0.44853	0.44853	1.00000	0.00000	0.50000
450	90000	90200	451	0.83492	0.83492	1.00000	0.00000	0.50000
451	90200	90400	452	0.91348	0.91348	1.00000	0.00000	0.50000
452	90400	90600	453	0.76168	0.76168	1.00000	0.00000	1.00000
453	90600	90800	454	0.74952	0.74952	1.00000	0.00000	0.50000
454	90800	91000	455	1.22052	1.22053	1.00000	0.00000	0.49999
455	91000	91200	456	1.08582	1.08582	1.00000	0.00000	1.00000
456	91200	91400	457	0.73580	0.73580	1.00000	0.00000	0.50000
457	91400	91600	458	1.53696	1.53696	1.00000	0.00000	0.49999
458	91600	91800	459	1.50236	1.50236	1.00000	0.00000	1.00000
459	91800	92000	460	0.73274	0.73274	1.00000	0.00000	0.50000
460	92000	92200	461	0.91359	0.91359	1.00000	0.00000	0.50000
461	92200	92400	462	0.62375	0.62375	1.00000	0.00000	0.50000
462	92400	92600	463	0.50103	0.50103	1.00000	0.00000	0.50000
463	92600	92800	464	1.07105	1.07105	1.00000	0.00000	0.50000
464	92800	93000	465	0.50880	0.50880	1.00000	0.00000	0.50000
465	93000	93200	466	1.03149	1.03149	1.00000	0.00000	0.50000
466	93200	93400	467	1.36766	1.36766	1.00000	0.00000	0.50000
467	93400	93600	468	0.60240	0.60240	1.00000	0.00000	0.50000
468	93600	93800	469	0.98134	0.98134	1.00000	0.00000	0.49999
469	93800	94000	470	1.09698	1.09697	1.00000	0.00000	0.49996
470	94000	94200	471	0.56313	0.56313	1.00000	0.00000	0.50000
471	94200	94400	472	1.11540	1.11540	1.00000	0.00000	1.00000
472	94400	94600	473	0.71482	0.71482	1.00000	0.00000	0.50000
473	94600	94800	474	0.49576	0.49576	1.00000	0.00000	0.50000
474	94800	95000	475	1.04707	1.04707	1.00000	0.00000	0.50000
475	95000	95200	476	0.99322	0.99322	1.00000	0.00000	1.00000
476	95200	95400	477	1.82050	1.82050	1.00000	0.00000	0.50000
477	95400	95600	478	0.95036	0.94544	1.12111	0.05789	0.36683
478	95600	95800	479	0.70679	0.70679	1.00000	0.00000	0.50000
479	95800	96000	480	0.91841	0.91841	1.00000	0.00000	0.50000
480	96000	96200	481	0.93912	0.93913	1.00000	0.00000	0.50000
481	96200	96400	482	0.86777	0.86777	1.00000	0.00000	0.50000
482	96400	96600	483	0.60686	0.60686	1.00000	0.00000	0.50000
483	96600	96800	484	1.07778	1.07778	1.00000	0.00000	0.50000
484	96800	97000	485	0.97884	0.97884	1.00000	0.00000	0.50000
485	97000	97200	486	0.87355	0.87355	1.00000	0.00000	0.50000
486	97200	97400	487	0.52965	0.52965	1.00000	0.00000	0.50000
487	97400	97600	488	0.97099	0.97099	1.00000	0.00000	0.50000
488	97600	97800	489	0.85866	0.85866	1.00000	0.00000	0.50000
489	97800	98000	490	1.02473	1.02473	1.00000	0.00000	0.49999
490	98000	98200	491	0.62986	0.62986	1.00000	0.00000	0.50000
491	98200	98400	492	0.91030	0.91030	1.00000	0.00000	0.50000
492	98400	98600	493	1.06548	1.06548	1.00000	0.00000	0.49999
493	98600	98800	494	1.02802	1.02802	1.00000	0.00000	0.50000
494	98800	99000	495	0.93034	0.93034	1.00000	0.00000	1.00000
495	99000	99200	496	0.66942	0.66942	1.00000	0.00000	0.50000
496	99200	99400	497	0.87072	0.87072	1.00000	0.00000	0.50000
497	99400	99600	498	1.22837	1.22837	1.00000	0.00000	0.50000
498	99600	99800	499	1.15335	1.15335	1.00000	0.00000	0.50000
499	99800	100000	500	0.92688	0.92688	1.00000	0.00000	0.50000
