#chr	start	end	name	null_scale	alt_scale	alt_subscale	lnlratio	pval
0	0	200	1	0.32367	0.31454	1.69253	0.55328	0.14642
1	200	400	2	0.61146	0.59622	1.59986	0.80376	0.10242
2	400	600	3	0.32837	0.32837	1.00000	0.00000	0.50000
3	600	800	4	0.34506	0.34506	1.00000	0.00000	1.00000
4	800	1000	5	0.56076	0.55237	1.35969	0.28241	0.22616
5	1000	1200	6	0.32001	0.32001	1.00000	0.00000	0.50000
6	1200	1400	7	1.13307	1.13307	1.00000	0.00000	0.50000
7	1400	1600	8	0.90596	0.89261	1.34880	0.41946	0.17985
8	1600	1800	9	0.54881	0.53579	1.57328	0.63109	0.13062
9	1800	2000	10	0.72573	0.72512	1.01963	0.00106	0.48168
10	2000	2200	11	1.15014	1.15014	1.00000	0.00000	0.50000
11	2200	2400	12	0.32064	0.30183	2.49883	2.07313	0.02086
12	2400	2600	13	0.68633	0.68333	1.10295	0.03083	0.40194
13	2600	2800	14	0.74171	0.72726	1.46530	0.60581	0.13551
14	2800	3000	15	0.60696	0.60096	1.23483	0.13815	0.29957
15	3000	3200	16	0.50692	0.47720	2.48513	3.20929	0.00565
16	3200	3400	17	0.90086	0.90087	1.00000	0.00000	0.50000
17	3400	3600	18	0.70789	0.65864	2.76734	5.99384	0.00027
18	3600	3800	19	0.35696	0.35696	1.00000	0.00000	1.00000
19	3800	4000	20	0.24208	0.22492	2.83355	2.21505	0.01766
20	4000	4200	21	0.91199	0.90911	1.07250	0.01984	0.42106
21	4200	4400	22	0.77769	0.77389	1.11472	0.04261	0.38517
22	4400	4600	23	0.59602	0.58514	1.43800	0.44334	0.17319
23	4600	4800	24	0.74605	0.74074	1.16940	0.08728	0.33804
24	4800	5000	25	0.76361	0.76361	1.00000	0.00000	0.50000
25	5000	5200	26	0.45291	0.43517	1.96314	1.38412	0.04808
26	5200	5400	27	0.37362	0.36232	1.74140	0.73049	0.11339
27	5400	5600	28	0.47707	0.47707	1.00000	0.00000	0.50000
28	5600	5800	29	0.80781	0.80085	1.20504	0.13929	0.29882
29	5800	6000	30	0.41976	0.40531	1.84756	1.02440	0.07616
30	6000	6200	31	0.73499	0.72508	1.32230	0.30028	0.21918
31	6200	6400	32	0.76796	0.74907	1.59249	0.96570	0.08230
32	6400	6600	33	0.73762	0.72329	1.46273	0.60220	0.13622
33	6600	6800	34	0.40732	0.37838	2.81820	3.59844	0.00365
34	6800	7000	35	0.50295	0.48755	1.75118	0.98967	0.07973
35	7000	7200	36	0.45575	0.45226	1.18375	0.06331	0.36098
36	7200	7400	37	0.67294	0.64533	2.00572	2.16894	0.01864
37	7400	7600	38	0.54791	0.53915	1.38029	0.30934	0.21577
38	7600	7800	39	0.77334	0.77334	1.00000	0.00000	0.50000
39	7800	8000	40	1.26670	1.26527	1.02622	0.00373	0.46557
40	8000	8200	41	0.95502	0.95502	1.00000	0.00000	0.50000
41	8200	8400	42	0.48063	0.46924	1.57709	0.57751	0.14125
42	8400	8600	43	0.53622	0.53607	1.00670	0.00009	0.49474
43	8600	8800	44	0.40414	0.37961	2.56035	2.78798	0.00910
44	8800	9000	45	1.18766	1.16504	1.44302	0.89315	0.09069
45	9000	9200	46	1.11376	1.09623	1.36730	0.57917	0.14091
46	9200	9400	47	0.95030	0.92088	1.75111	1.84865	0.02725
47	9400	9600	48	0.67615	0.66371	1.44251	0.50542	0.15735
48	9600	9800	49	0.47840	0.47145	1.35030	0.23273	0.24754
49	9800	10000	50	0.27646	0.27457	1.16609	0.03148	0.40095
50	10000	10200	51	0.43101	0.42639	1.25669	0.11490	0.31584
51	10200	10400	52	0.87871	0.87871	1.00000	0.00000	0.50000
52	10400	10600	53	1.07975	1.07975	1.00000	0.00000	0.49999
53	10600	10800	54	0.80461	0.80461	1.00000	0.00000	0.50000
54	10800	11000	55	0.89926	0.88688	1.32399	0.36943	0.19501
55	11000	11200	56	0.20284	0.19316	2.20709	0.92282	0.08715
56	11200	11400	57	1.47019	1.47019	1.00000	0.00000	0.50000
57	11400	11600	58	0.77181	0.75830	1.41902	0.51494	0.15509
58	11600	11800	59	0.86344	0.84336	1.55343	0.93253	0.08602
59	11800	12000	60	0.91999	0.91999	1.00000	0.00000	1.00000
60	12000	12200	61	0.61614	0.59651	1.77932	1.30064	0.05339
61	12200	12400	62	0.29653	0.27287	3.07653	3.34950	0.00482
62	12400	12600	63	0.82170	0.79109	1.91229	2.24199	0.01711
63	12600	12800	64	0.87508	0.87508	1.00000	0.00000	0.50000
64	12800	13000	65	0.40664	0.40146	1.30553	0.14950	0.29225
65	13000	13200	66	0.59020	0.59020	1.00000	0.00000	0.49999
66	13200	13400	67	0.94948	0.91968	1.75514	1.85594	0.02701
67	13400	13600	68	0.72125	0.70213	1.63838	1.06456	0.07226
68	13600	13800	69	0.68472	0.66805	1.58425	0.85239	0.09583
69	13800	14000	70	0.59492	0.58822	1.26889	0.17493	0.27709
70	14000	14200	71	1.34894	1.30636	1.75715	2.59033	0.01142
71	14200	14400	72	0.50168	0.50168	1.00000	0.00000	0.50000
72	14400	14600	73	0.67219	0.67131	1.03179	0.00283	0.47003
73	14600	14800	74	0.99173	0.98810	1.08590	0.03117	0.40142
74	14800	15000	75	0.70494	0.70494	1.00000	0.00000	0.50000
75	15000	15200	76	0.52534	0.51992	1.24903	0.13127	0.30419
76	15200	15400	77	0.78421	0.78421	1.00000	0.00000	0.50000
77	15400	15600	78	0.90506	0.90245	1.06597	0.01644	0.42806
78	15600	15800	79	0.66795	0.65974	1.29145	0.22733	0.25006
79	15800	16000	80	0.40727	0.40727	1.00000	0.00000	0.50000
80	16000	16200	81	0.74521	0.73538	1.31354	0.28690	0.22438
81	16200	16400	82	0.59708	0.57645	1.85827	1.48644	0.04234
82	16400	16600	83	0.67274	0.66303	1.34594	0.29979	0.21937
83	16600	16800	84	1.05224	1.05117	1.02345	0.00250	0.47182
84	16800	17000	85	0.69378	0.69160	1.07384	0.01644	0.42806
85	17000	17200	86	0.48076	0.45919	2.12182	1.88838	0.02598
86	17200	17400	87	0.40454	0.40345	1.06444	0.00701	0.45287
87	17400	17600	88	0.79141	0.79141	1.00000	0.00000	0.50000
88	17600	17800	89	0.70127	0.70127	1.00000	0.00000	0.50000
89	17800	18000	90	0.60163	0.59988	1.06879	0.01183	0.43889
90	18000	18200	91	0.76966	0.76966	1.00000	0.00000	0.50000
91	18200	18400	92	0.58095	0.55892	1.93745	1.66619	0.03396
92	18400	18600	93	0.87778	0.87778	1.00000	0.00000	0.50000
93	18600	18800	94	0.61288	0.61288	1.00000	0.00000	0.50000
94	18800	19000	95	1.35480	1.35106	1.06170	0.02116	0.41850
95	19000	19200	96	0.42993	0.41111	2.08809	1.61564	0.03612
96	19200	19400	97	0.41067	0.38725	2.44661	2.55837	0.01185
97	19400	19600	98	1.01174	1.01174	1.00000	0.00000	1.00000
98	19600	19800	99	0.61933	0.60452	1.57606	0.75878	0.10899
99	19800	20000	100	0.92969	0.90863	1.54226	0.99032	0.07966
100	20000	20200	101	1.12881	1.10227	1.56194	1.28512	0.05445
101	20200	20400	102	0.16384	0.15704	2.04425	0.57817	0.14111
102	20400	20600	103	0.44481	0.44101	1.20423	0.07619	0.34814
103	20600	20800	104	0.22164	0.22164	1.00000	0.00000	0.50000
104	20800	21000	105	0.88559	0.86272	1.62149	1.22205	0.05898
105	21000	21200	106	1.15825	1.14166	1.33473	0.49797	0.15915
106	21200	21400	107	0.58345	0.58345	1.00000	0.00000	0.49999
107	21400	21600	108	1.18103	1.17185	1.18015	0.15203	0.29068
108	21600	21800	109	0.72916	0.72916	1.00000	0.00000	0.50000
109	21800	22000	110	0.46976	0.45590	1.72151	0.83100	0.09867
110	22000	22200	111	0.79497	0.79198	1.08758	0.02568	0.41036
111	22200	22400	112	0.44156	0.40525	3.13148	5.13911	0.00067
112	22400	22600	113	0.26273	0.26021	1.23188	0.05763	0.36712
113	22600	22800	114	0.66991	0.65276	1.62479	0.95098	0.08393
114	22800	23000	115	0.98739	0.98739	1.00000	0.00000	0.50000
115	23000	23200	116	0.39619	0.36622	2.95708	3.94143	0.00250
116	23200	23400	117	0.59264	0.57586	1.68790	0.98175	0.08057
117	23400	23600	118	0.42693	0.42693	1.00000	0.00000	0.50000
118	23600	23800	119	0.84142	0.81710	1.69543	1.43588	0.04507
119	23800	24000	120	0.85362	0.84383	1.26775	0.24443	0.24222
120	24000	24200	121	0.49609	0.49609	1.00000	0.00000	0.50000
121	24200	24400	122	0.58777	0.55120	2.59803	4.11923	0.00205
122	24400	24600	123	1.67203	1.62342	1.67200	2.57977	0.01156
123	24600	24800	124	0.34163	0.32837	1.95619	1.03039	0.07557
124	24800	25000	125	0.86226	0.85765	1.12654	0.05807	0.36663
125	25000	25200	126	0.60353	0.58378	1.79757	1.34315	0.05061
126	25200	25400	127	0.28712	0.27181	2.35311	1.58345	0.03757
127	25400	25600	128	0.28865	0.28731	1.11096	0.01527	0.43065
128	25600	25800	129	0.36815	0.35627	1.79710	0.80831	0.10178
129	25800	26000	130	0.50965	0.48503	2.21367	2.28231	0.01632
130	26000	26200	131	0.49995	0.48463	1.75138	0.99112	0.07958
131	26200	26400	132	0.67226	0.65438	1.64413	0.99200	0.07948
132	26400	26600	133	1.12758	1.12758	1.00000	0.00000	1.00000
133	26600	26800	134	0.52936	0.51460	1.69360	0.88891	0.09121
134	26800	27000	135	0.74875	0.73468	1.44522	0.56637	0.14360
135	27000	27200	136	0.51428	0.50893	1.24967	0.13168	0.30391
136	27200	27400	137	0.85799	0.82983	1.80406	1.89783	0.02569
137	27400	27600	138	0.37112	0.35952	1.76936	0.76842	0.10754
138	27600	27800	139	0.56578	0.56578	1.00000	0.00000	1.00000
139	27800	28000	140	1.44481	1.44013	1.07458	0.03218	0.39987
140	28000	28200	141	0.67786	0.67007	1.27312	0.20379	0.26160
141	28200	28400	142	0.45776	0.44528	1.66083	0.72214	0.11472
142	28400	28600	143	0.40742	0.40668	1.04333	0.00336	0.46731
143	28600	28800	144	0.67124	0.65892	1.44118	0.50332	0.15785
144	28800	29000	145	0.54800	0.54383	1.18120	0.07406	0.35017
145	29000	29200	146	0.35618	0.35244	1.25213	0.08791	0.33750
146	29200	29400	147	0.50780	0.50780	1.00000	0.00000	1.00000
147	29400	29600	148	0.76344	0.73788	1.81840	1.67661	0.03354
148	29600	29800	149	0.41522	0.41494	1.01657	0.00043	0.48831
149	29800	30000	150	0.95808	0.94786	1.25179	0.24162	0.24348
150	30000	30200	151	0.53695	0.53696	1.00000	0.00000	0.50000
151	30200	30400	152	0.57182	0.57182	1.00000	0.00000	0.50000
152	30400	30600	153	0.66883	0.65534	1.48684	0.58764	0.13916
153	30600	30800	154	0.28073	0.26494	2.42826	1.68489	0.03320
154	30800	31000	155	0.34848	0.34848	1.00000	0.00000	1.00000
155	31000	31200	156	1.18913	1.18591	1.06133	0.01793	0.42490
156	31200	31400	157	0.55225	0.53861	1.60303	0.72345	0.11451
157	31400	31600	158	0.38321	0.36719	2.04112	1.34067	0.05077
158	31600	31800	159	0.49917	0.49917	1.00000	0.00000	0.50000
159	31800	32000	160	1.31907	1.31907	1.00000	0.00000	0.50000
160	32000	32200	161	0.31222	0.30749	1.36553	0.16724	0.28152
161	32200	32400	162	0.63002	0.61490	1.58451	0.77533	0.10652
162	32400	32600	163	0.30982	0.30480	1.39367	0.18926	0.26920
163	32600	32800	164	0.67472	0.67222	1.08712	0.02228	0.41640
164	32800	33000	165	0.74970	0.73048	1.61810	1.02734	0.07587
165	33000	33200	166	0.65231	0.65231	1.00000	0.00000	0.50000
166	33200	33400	167	0.42590	0.42590	1.00000	0.00000	0.50000
167	33400	33600	168	0.99050	0.98631	1.09985	0.04208	0.38587
168	33600	33800	169	1.05896	1.05896	1.00000	0.00000	1.00000
169	33800	34000	170	0.82312	0.81344	1.27664	0.24348	0.24264
170	34000	34200	171	0.55406	0.55406	1.00000	0.00000	0.50000
171	34200	34400	172	0.46385	0.46385	1.00000	0.00000	0.50000
172	34400	34600	173	1.19981	1.19981	1.00000	0.00000	1.00000
173	34600	34800	174	0.40414	0.38493	2.19698	1.80190	0.02882
174	34800	35000	175	0.53680	0.51019	2.24226	2.47077	0.01311
175	35000	35200	176	0.49366	0.48732	1.30907	0.19100	0.26827
176	35200	35400	177	0.64846	0.64846	1.00000	0.00000	0.49999
177	35400	35600	178	0.41958	0.40983	1.56557	0.49334	0.16028
178	35600	35800	179	0.69269	0.69269	1.00000	0.00000	0.50000
179	35800	36000	180	0.79308	0.77829	1.44310	0.58453	0.13980
180	36000	36200	181	0.97763	0.96320	1.35285	0.46761	0.16676
181	36200	36400	182	0.61485	0.60418	1.41615	0.40786	0.18322
182	36400	36600	183	0.44573	0.44573	1.00000	0.00000	0.50000
183	36600	36800	184	0.50806	0.50806	1.00000	0.00000	0.50000
184	36800	37000	185	0.98536	0.98536	1.00000	0.00000	0.50000
185	37000	37200	186	0.88178	0.86582	1.43327	0.60680	0.13531
186	37200	37400	187	0.96619	0.96619	1.00000	0.00000	0.50000
187	37400	37600	188	0.63263	0.61455	1.69459	1.10553	0.06851
188	37600	37800	189	0.81108	0.80908	1.05627	0.01079	0.44162
189	37800	38000	190	0.47883	0.45829	2.06365	1.76754	0.03004
190	38000	38200	191	1.10426	1.09647	1.16455	0.12295	0.30999
191	38200	38400	192	0.58787	0.58787	1.00000	0.00000	0.50000
192	38400	38600	193	0.90758	0.85817	2.34602	4.79672	0.00098
193	38600	38800	194	0.50476	0.48928	1.75210	0.99177	0.07951
194	38800	39000	195	0.80806	0.77146	2.11478	3.10547	0.00635
195	39000	39200	196	0.65588	0.65588	1.00000	0.00000	0.50000
196	39200	39400	197	0.86340	0.86340	1.00000	0.00000	0.50000
197	39400	39600	198	0.88429	0.86659	1.47739	0.75630	0.10937
198	39600	39800	199	0.39647	0.39103	1.33027	0.17709	0.27588
199	39800	40000	200	0.43372	0.43372	1.00000	0.00000	0.50000
200	40000	40200	201	0.65953	0.65100	1.30725	0.24822	0.24053
201	40200	40400	202	0.77443	0.77041	1.12280	0.04783	0.37855
202	40400	40600	203	0.40217	0.39662	1.33347	0.17996	0.27427
203	40600	40800	204	0.54191	0.51419	2.28395	2.65098	0.01065
204	40800	41000	205	0.54474	0.54474	1.00000	0.00000	0.50000
205	41000	41200	206	0.88653	0.87434	1.32253	0.36504	0.19643
206	41200	41400	207	0.94212	0.92629	1.39536	0.56247	0.14443
207	41400	41600	208	0.85936	0.85887	1.01323	0.00055	0.48680
208	41600	41800	209	0.47057	0.46797	1.13254	0.03471	0.39610
209	41800	42000	210	0.69963	0.69963	1.00000	0.00000	0.50000
210	42000	42200	211	0.66687	0.64824	1.67395	1.06142	0.07256
211	42200	42400	212	0.54271	0.52440	1.82783	1.27479	0.05516
212	42400	42600	213	0.58770	0.58591	1.07224	0.01294	0.43611
213	42600	42800	214	0.34750	0.34750	1.00000	0.00000	0.50000
214	42800	43000	215	0.33906	0.31218	3.06971	3.75334	0.00307
215	43000	43200	216	0.32422	0.31533	1.67535	0.53409	0.15068
216	43200	43400	217	0.49949	0.49323	1.30606	0.18761	0.27009
217	43400	43600	218	1.57894	1.56337	1.22818	0.31798	0.21259
218	43600	43800	219	0.78685	0.76932	1.53147	0.81869	0.10034
219	43800	44000	220	0.64422	0.64422	1.00000	0.00000	0.50000
220	44000	44200	221	0.53776	0.51869	1.86668	1.35117	0.05010
221	44200	44400	222	0.22486	0.21154	2.51301	1.49924	0.04167
222	44400	44600	223	0.49844	0.49715	1.06100	0.00789	0.45001
223	44600	44800	224	1.25453	1.25453	1.00000	0.00000	0.49999
224	44800	45000	225	1.36908	1.36680	1.03843	0.00853	0.44805
225	45000	45200	226	0.53537	0.53537	1.00000	0.00000	0.50000
226	45200	45400	227	1.35235	1.35234	1.00000	0.00000	0.49999
227	45400	45600	228	1.45089	1.45091	1.00000	0.00000	0.49993
228	45600	45800	229	0.55426	0.53057	2.06647	1.96572	0.02370
229	45800	46000	230	0.83603	0.83044	1.15715	0.08544	0.33967
230	46000	46200	231	0.65641	0.64773	1.31850	0.26299	0.23415
231	46200	46400	232	0.36850	0.34723	2.47008	2.31860	0.01564
232	46400	46600	233	0.70834	0.70167	1.22350	0.14453	0.29541
233	46600	46800	234	0.45764	0.44505	1.67039	0.73726	0.11232
234	46800	47000	235	1.01566	1.00723	1.19521	0.15557	0.28849
235	47000	47200	236	0.86255	0.84826	1.39355	0.51040	0.15617
236	47200	47400	237	0.23503	0.23139	1.37426	0.12998	0.30507
237	47400	47600	238	1.12862	1.09558	1.70562	1.90967	0.02533
238	47600	47800	239	1.03847	1.03847	1.00000	0.00000	1.00000
239	47800	48000	240	0.61132	0.60094	1.40427	0.39000	0.18857
240	48000	48200	241	1.29578	1.28986	1.10548	0.05952	0.36504
241	48200	48400	242	0.64065	0.64065	1.00000	0.00000	0.50000
242	48400	48600	243	0.76558	0.76558	1.00000	0.00000	0.50000
243	48600	48800	244	1.52936	1.51064	1.28336	0.47094	0.16590
244	48800	49000	245	0.47866	0.45260	2.36929	2.66462	0.01049
245	49000	49200	246	0.55393	0.55393	1.00000	0.00000	0.50000
246	49200	49400	247	0.89656	0.89656	1.00000	0.00000	0.50000
247	49400	49600	248	0.45990	0.45990	1.00000	0.00000	1.00000
248	49600	49800	249	0.85652	0.85652	1.00000	0.00000	0.50000
249	49800	50000	250	0.72163	0.72109	1.01755	0.00085	0.48360
250	50000	50200	251	0.38282	0.38282	1.00000	0.00000	0.50000
251	50200	50400	252	0.49232	0.48579	1.31785	0.19774	0.26471
252	50400	50600	253	0.74190	0.72507	1.54481	0.79294	0.10396
253	50600	50800	254	0.64390	0.62896	1.55515	0.71661	0.11562
254	50800	51000	255	1.20407	1.19885	1.09841	0.04810	0.37822
255	51000	51200	256	0.83043	0.83043	1.00000	0.00000	0.50000
256	51200	51400	257	1.26575	1.25984	1.10682	0.06082	0.36363
257	51400	51600	258	0.87129	0.87129	1.00000	0.00000	0.50000
258	51600	51800	259	0.37632	0.35989	2.08467	1.41165	0.04645
259	51800	52000	260	0.71676	0.71038	1.21032	0.12996	0.30509
260	52000	52200	261	0.69795	0.69601	1.06579	0.01320	0.43546
261	52200	52400	262	1.60304	1.60243	1.00870	0.00044	0.48816
262	52400	52600	263	0.92231	0.92231	1.00000	0.00000	1.00000
263	52600	52800	264	0.61575	0.60756	1.31712	0.23654	0.24579
264	52800	53000	265	0.98829	0.97124	1.40549	0.60276	0.13611
265	53000	53200	266	0.96284	0.93890	1.59179	1.20884	0.05999
266	53200	53400	267	0.76067	0.76055	1.00357	0.00003	0.49667
267	53400	53600	268	0.60027	0.58437	1.64054	0.88530	0.09165
268	53600	53800	269	0.79937	0.79937	1.00000	0.00000	0.50000
269	53800	54000	270	0.43589	0.42707	1.48972	0.39708	0.18642
270	54000	54200	271	0.32085	0.31610	1.36122	0.16431	0.28324
271	54200	54400	272	0.62636	0.62532	1.03934	0.00417	0.46361
272	54400	54600	273	0.66547	0.66547	1.00000	0.00000	0.50000
273	54600	54800	274	0.98860	0.98860	1.00000	0.00000	1.00000
274	54800	55000	275	0.69076	0.68782	1.09994	0.03015	0.40301
275	55000	55200	276	0.48915	0.48726	1.09168	0.01775	0.42527
276	55200	55400	277	0.27688	0.26837	1.75511	0.51425	0.15526
277	55400	55600	278	0.75998	0.75383	1.19102	0.11207	0.31795
278	55600	55800	279	0.71234	0.68076	2.10672	2.67758	0.01033
279	55800	56000	280	0.38798	0.36784	2.31032	2.02677	0.02204
280	56000	56200	281	0.92583	0.91462	1.28736	0.30310	0.21811
281	56200	56400	282	0.50148	0.50148	1.00000	0.00000	0.50000
282	56400	56600	283	0.62168	0.61654	1.19521	0.09764	0.32928
283	56600	56800	284	0.70990	0.69358	1.55877	0.80535	0.10220
284	56800	57000	285	0.83117	0.83076	1.01170	0.00043	0.48832
285	57000	57200	286	1.14394	1.12234	1.44387	0.84200	0.09720
286	57200	57400	287	0.64361	0.63387	1.36422	0.32999	0.20828
287	57400	57600	288	0.23618	0.23243	1.38886	0.13846	0.29937
288	57600	57800	289	0.70221	0.69965	1.08586	0.02159	0.41769
289	57800	58000	290	0.91130	0.89036	1.54735	1.00239	0.07840
290	58000	58200	291	0.39137	0.39137	1.00000	0.00000	0.50000
291	58200	58400	292	0.50681	0.50111	1.26895	0.14994	0.29198
292	58400	58600	293	1.07317	1.03951	1.75319	2.09337	0.02037
293	58600	58800	294	0.51173	0.51087	1.04015	0.00362	0.46610
294	58800	59000	295	0.23691	0.23322	1.37764	0.13186	0.30379
295	59000	59200	296	0.66339	0.65051	1.46536	0.54753	0.14768
296	59200	59400	297	0.83559	0.81646	1.55004	0.89297	0.09071
297	59400	59600	298	0.70587	0.70587	1.00000	0.00000	0.50000
298	59600	59800	299	0.71286	0.70180	1.36648	0.37254	0.19402
299	59800	60000	300	0.66467	0.66467	1.00000	0.00000	1.00000
300	60000	60200	301	1.07069	1.05426	1.36698	0.53910	0.14955
301	60200	60400	302	0.40490	0.40491	1.00000	0.00000	0.50000
302	60400	60600	303	0.91726	0.91726	1.00000	0.00000	0.50000
303	60600	60800	304	0.67460	0.65711	1.62507	0.95097	0.08393
304	60800	61000	305	0.69406	0.68897	1.17418	0.08468	0.34034
305	61000	61200	306	0.32180	0.28957	3.66276	5.29503	0.00057
306	61200	61400	307	0.78510	0.77720	1.23627	0.17898	0.27482
307	61400	61600	308	1.14922	1.14922	1.00000	0.00000	0.49998
308	61600	61800	309	0.77636	0.76818	1.24836	0.19643	0.26540
309	61800	62000	310	0.33978	0.33621	1.25121	0.08709	0.33821
310	62000	62200	311	0.25074	0.24180	1.88354	0.62900	0.13101
311	62200	62400	312	1.02689	1.02691	1.00000	0.00000	0.49990
312	62400	62600	313	0.43907	0.43907	1.00000	0.00000	0.50000
313	62600	62800	314	0.64383	0.64383	1.00000	0.00000	1.00000
314	62800	63000	315	0.79615	0.79615	1.00000	0.00000	1.00000
315	63000	63200	316	0.57368	0.57368	1.00000	0.00000	0.50000
316	63200	63400	317	0.52093	0.51130	1.44680	0.40091	0.18527
317	63400	63600	318	0.72649	0.72616	1.01052	0.00030	0.49021
318	63600	63800	319	0.66958	0.66958	1.00000	0.00000	0.50000
319	63800	64000	320	1.25677	1.22194	1.65694	1.91661	0.02512
320	64000	64200	321	0.87010	0.85126	1.51605	0.85305	0.09575
321	64200	64400	322	0.54022	0.52132	1.85957	1.34042	0.05078
322	64400	64600	323	1.38106	1.38106	1.00000	0.00000	0.50000
323	64600	64800	324	0.22970	0.22022	2.03349	0.76570	0.10795
324	64800	65000	325	1.03240	1.02302	1.21138	0.18842	0.26965
325	65000	65200	326	0.72502	0.72502	1.00000	0.00000	0.50000
326	65200	65400	327	0.96862	0.95486	1.33477	0.42944	0.17703
327	65400	65600	328	0.37418	0.36714	1.45751	0.29670	0.22055
328	65600	65800	329	0.93354	0.90799	1.65580	1.42033	0.04595
329	65800	66000	330	0.49120	0.48480	1.31184	0.19407	0.26664
330	66000	66200	331	0.39461	0.37931	1.95888	1.20519	0.06027
331	66200	66400	332	0.56892	0.56541	1.14734	0.05114	0.37456
332	66400	66600	333	0.20352	0.20314	1.04524	0.00167	0.47697
333	66600	66800	334	0.66520	0.66520	1.00000	0.00000	0.50000
334	66800	67000	335	0.87943	0.86569	1.36691	0.45594	0.16981
335	67000	67200	336	0.57058	0.56704	1.14797	0.05162	0.37399
336	67200	67400	337	0.49495	0.48407	1.52779	0.51831	0.15430
337	67400	67600	338	1.22220	1.21404	1.15317	0.11594	0.31507
338	67600	67800	339	0.86739	0.85842	1.24475	0.21314	0.25691
339	67800	68000	340	0.37364	0.35766	2.06581	1.38105	0.04826
340	68000	68200	341	0.46074	0.42899	2.77846	3.92144	0.00255
341	68200	68400	342	0.65438	0.65438	1.00000	0.00000	0.50000
342	68400	68600	343	0.43028	0.41568	1.83236	1.00092	0.07855
343	68600	68800	344	0.22795	0.22799	1.00000	0.00000	1.00000
344	68800	69000	345	1.72390	1.72330	1.00813	0.00042	0.48842
345	69000	69200	346	0.36459	0.36459	1.00000	0.00000	1.00000
346	69200	69400	347	0.73655	0.72376	1.41361	0.46990	0.16616
347	69400	69600	348	0.66326	0.65434	1.32247	0.26821	0.23196
348	69600	69800	349	0.29688	0.29615	1.05839	0.00437	0.46278
349	69800	70000	350	0.50845	0.50845	1.00000	0.00000	0.50000
350	70000	70200	351	0.53748	0.52868	1.39276	0.32096	0.21151
351	70200	70400	352	0.62049	0.62049	1.00000	0.00000	0.50000
352	70400	70600	353	1.09595	1.09191	1.08467	0.03329	0.39820
353	70600	70800	354	1.01947	0.96954	2.21307	4.58710	0.00123
354	70800	71000	355	1.09516	1.09674	1.00000	0.00000	1.00000
355	71000	71200	356	1.24929	1.20757	1.79328	2.61644	0.01108
356	71200	71400	357	0.52471	0.51020	1.66791	0.83744	0.09780
357	71400	71600	358	0.16772	0.15183	3.53855	2.54299	0.01206
358	71600	71800	359	0.56956	0.56956	1.00000	0.00000	0.50000
359	71800	72000	360	1.47911	1.47911	1.00000	0.00000	0.50000
360	72000	72200	361	0.57390	0.54309	2.35632	3.16193	0.00596
361	72200	72400	362	0.70625	0.69228	1.47519	0.58115	0.14049
362	72400	72600	363	1.13223	1.12499	1.14933	0.10301	0.32495
363	72600	72800	364	0.46930	0.46463	1.24232	0.10599	0.32261
364	72800	73000	365	1.16883	1.16883	1.00000	0.00000	0.49998
365	73000	73200	366	1.18045	1.13669	1.90952	3.04731	0.00678
366	73200	73400	367	0.51283	0.51176	1.04956	0.00544	0.45846
367	73400	73600	368	0.25583	0.25583	1.00000	0.00000	0.49999
368	73600	73800	369	0.91816	0.91816	1.00000	0.00000	0.50000
369	73800	74000	370	1.16273	1.14609	1.33492	0.49836	0.15905
370	74000	74200	371	0.40589	0.40589	1.00000	0.00000	0.50000
371	74200	74400	372	1.31714	1.30801	1.15848	0.13407	0.30229
372	74400	74600	373	0.57632	0.55065	2.10939	2.27614	0.01644
373	74600	74800	374	0.80290	0.80290	1.00000	0.00000	0.50000
374	74800	75000	375	0.43675	0.42768	1.50739	0.41922	0.17992
375	75000	75200	376	1.29453	1.27906	1.28125	0.39660	0.18657
376	75200	75400	377	0.75212	0.74809	1.12721	0.05079	0.37497
377	75400	75600	378	0.44950	0.42751	2.22292	2.10021	0.02021
378	75600	75800	379	0.65103	0.64688	1.15010	0.06166	0.36273
379	75800	76000	380	0.80968	0.80968	1.00000	0.00000	0.50000
380	76000	76200	381	1.10311	1.09578	1.15470	0.10961	0.31981
381	76200	76400	382	0.71770	0.69206	1.87677	1.82748	0.02795
382	76400	76600	383	0.56525	0.54423	1.91387	1.52830	0.04020
383	76600	76800	384	1.14215	1.12075	1.44169	0.83511	0.09811
384	76800	77000	385	1.14444	1.13384	1.21662	0.21979	0.25366
385	77000	77200	386	0.81240	0.80475	1.22308	0.15297	0.29009
386	77200	77400	387	0.60700	0.60035	1.26220	0.16763	0.28129
387	77400	77600	388	0.64653	0.64653	1.00000	0.00000	0.50000
388	77600	77800	389	0.83001	0.81927	1.30588	0.30504	0.21738
389	77800	78000	390	0.98431	0.96083	1.56631	1.14231	0.06533
390	78000	78200	391	1.18819	1.18858	1.00000	0.00000	1.00000
391	78200	78400	392	1.08907	1.08895	1.00233	0.00002	0.49746
392	78400	78600	393	0.62494	0.62494	1.00000	0.00000	0.50000
393	78600	78800	394	0.77728	0.76967	1.23025	0.17162	0.27898
394	78800	79000	395	0.64423	0.64423	1.00000	0.00000	0.50000
395	79000	79200	396	0.56032	0.55678	1.14988	0.05286	0.37253
396	79200	79400	397	0.81808	0.81583	1.06277	0.01331	0.43521
397	79400	79600	398	0.29142	0.29025	1.09594	0.01164	0.43936
398	79600	79800	399	1.12528	1.12528	1.00000	0.00000	0.49999
399	79800	80000	400	0.66868	0.66868	1.00000	0.00000	0.50000
400	80000	80200	401	1.20223	1.19967	1.04845	0.01241	0.43741
401	80200	80400	402	0.72409	0.70422	1.66351	1.13761	0.06573
402	80400	80600	403	1.00619	1.00619	1.00000	0.00000	0.49999
403	80600	80800	404	0.43283	0.42887	1.21844	0.08556	0.33956
404	80800	81000	405	0.68632	0.67925	1.24404	0.16877	0.28063
405	81000	81200	406	0.93094	0.91973	1.28348	0.29442	0.22143
406	81200	81400	407	0.60920	0.60920	1.00000	0.00000	0.50000
407	81400	81600	408	0.52761	0.52761	1.00000	0.00000	1.00000
408	81600	81800	409	0.52821	0.51883	1.42643	0.37196	0.19420
409	81800	82000	410	0.65586	0.65586	1.00000	0.00000	1.00000
410	82000	82200	411	0.83669	0.82090	1.45030	0.63884	0.12917
411	82200	82400	412	0.73525	0.71524	1.65596	1.12029	0.06722
412	82400	82600	413	0.57127	0.56311	1.34147	0.25916	0.23578
413	82600	82800	414	0.58127	0.57391	1.30166	0.21142	0.25776
414	82800	83000	415	0.85451	0.85426	1.00684	0.00015	0.49319
415	83000	83200	416	0.83381	0.82705	1.19351	0.12543	0.30824
416	83200	83400	417	0.45734	0.45416	1.16750	0.05394	0.37128
417	83400	83600	418	0.42744	0.40439	2.36123	2.38434	0.01449
418	83600	83800	419	1.56648	1.54039	1.38677	0.85090	0.09603
419	83800	84000	420	0.64329	0.64329	1.00000	0.00000	1.00000
420	84000	84200	421	0.46501	0.45743	1.39480	0.28203	0.22631
421	84200	84400	422	0.68967	0.67764	1.41507	0.45749	0.16940
422	84400	84600	423	1.16567	1.15143	1.28559	0.35957	0.19821
423	84600	84800	424	0.47837	0.47563	1.13613	0.03631	0.39377
424	84800	85000	425	0.93095	0.93095	1.00000	0.00000	1.00000
425	85000	85200	426	0.67978	0.67978	1.00000	0.00000	0.50000
426	85200	85400	427	0.36268	0.36038	1.15131	0.03503	0.39562
427	85400	85600	428	0.83024	0.80470	1.74640	1.58807	0.03736
428	85600	85800	429	0.54050	0.52095	1.89268	1.41187	0.04644
429	85800	86000	430	0.63639	0.63639	1.00000	0.00000	1.00000
430	86000	86200	431	0.25948	0.25696	1.23479	0.05894	0.36567
431	86200	86400	432	0.77463	0.75151	1.72838	1.41723	0.04613
432	86400	86600	433	1.28549	1.25834	1.49655	1.13993	0.06553
433	86600	86800	434	0.39380	0.39236	1.08745	0.01297	0.43602
434	86800	87000	435	1.15398	1.14335	1.21418	0.21682	0.25510
435	87000	87200	436	0.69731	0.69731	1.00000	0.00000	0.50000
436	87200	87400	437	0.76427	0.76412	1.00473	0.00006	0.49561
437	87400	87600	438	0.50618	0.47613	2.49770	3.25155	0.00538
438	87600	87800	439	0.45650	0.42048	3.05267	4.93646	0.00084
439	87800	88000	440	1.15351	1.15346	1.00103	0.00000	0.49882
440	88000	88200	441	0.81527	0.78887	1.78526	1.70385	0.03245
441	88200	88400	442	0.98248	0.96904	1.32270	0.40287	0.18469
442	88400	88600	443	0.43154	0.42201	1.53993	0.46092	0.16850
443	88600	88800	444	0.51009	0.50452	1.25938	0.14038	0.29810
444	88800	89000	445	0.72406	0.70338	1.68705	1.19508	0.06105
445	89000	89200	446	0.90118	0.87515	1.69689	1.55041	0.03913
446	89200	89400	447	0.74292	0.73320	1.30955	0.28045	0.22695
447	89400	89600	448	0.34827	0.34490	1.23384	0.07730	0.34709
448	89600	89800	449	0.58364	0.57687	1.27676	0.18430	0.27188
449	89800	90000	450	0.70814	0.69711	1.37236	0.38460	0.19023
450	90000	90200	451	0.41159	0.41112	1.02693	0.00132	0.47947
451	90200	90400	452	0.31573	0.31572	1.00000	0.00000	1.00000
452	90400	90600	453	0.81006	0.80358	1.18721	0.11843	0.31324
453	90600	90800	454	0.51955	0.51604	1.16055	0.05353	0.37175
454	90800	91000	455	0.48790	0.48790	1.00000	0.00000	0.50000
455	91000	91200	456	0.45833	0.45833	1.00000	0.00000	0.50000
456	91200	91400	457	0.71729	0.71729	1.00000	0.00000	0.50000
457	91400	91600	458	0.32100	0.29395	3.21713	4.01965	0.00229
458	91600	91800	459	0.67249	0.67250	1.00000	0.00000	0.50000
459	91800	92000	460	0.65063	0.64584	1.17460	0.08064	0.34399
460	92000	92200	461	0.53330	0.53330	1.00000	0.00000	0.50000
461	92200	92400	462	0.46013	0.44707	1.69458	0.77528	0.10653
462	92400	92600	463	0.27165	0.25594	2.46817	1.73777	0.03114
463	92600	92800	464	0.84969	0.83621	1.37820	0.44954	0.17152
464	92800	93000	465	0.49747	0.49747	1.00000	0.00000	1.00000
465	93000	93200	466	0.21060	0.19675	2.69469	1.69625	0.03275
466	93200	93400	467	0.80088	0.76464	2.11176	3.10107	0.00638
467	93400	93600	468	0.79857	0.77718	1.64790	1.20044	0.06063
468	93600	93800	469	0.77866	0.77069	1.24141	0.18642	0.27073
469	93800	94000	470	1.03509	1.01366	1.48784	0.90456	0.08931
470	94000	94200	471	0.64943	0.62609	1.88126	1.68999	0.03300
471	94200	94400	472	0.99696	0.99307	1.09038	0.03423	0.39680
472	94400	94600	473	1.42457	1.42457	1.00000	0.00000	0.49999
473	94600	94800	474	1.25085	1.25085	1.00000	0.00000	0.50000
474	94800	95000	475	0.40658	0.40658	1.00000	0.00000	0.50000
475	95000	95200	476	0.74161	0.74135	1.00839	0.00019	0.49219
476	95200	95400	477	0.42123	0.41664	1.26246	0.11974	0.31229
477	95400	95600	478	0.92878	0.90388	1.64325	1.37843	0.04842
478	95600	95800	479	0.79944	0.79715	1.06672	0.01544	0.43026
479	95800	96000	480	1.32559	1.32559	1.00000	0.00000	0.49999
480	96000	96200	481	0.77028	0.75705	1.40492	0.48724	0.16178
481	96200	96400	482	0.79612	0.79333	1.08243	0.02316	0.41479
482	96400	96600	483	1.22518	1.20833	1.31749	0.48744	0.16173
483	96600	96800	484	0.45473	0.45473	1.00000	0.00000	0.50000
484	96800	97000	485	0.57322	0.56074	1.53113	0.59785	0.13709
485	97000	97200	486	0.37812	0.37136	1.43216	0.27134	0.23066
486	97200	97400	487	1.19246	1.16626	1.52777	1.19082	0.06138
487	97400	97600	488	0.61067	0.59979	1.42775	0.42718	0.17766
488	97600	97800	489	1.48194	1.41598	2.07435	5.23070	0.00061
489	97800	98000	490	0.88920	0.88920	1.00000	0.00000	1.00000
490	98000	98200	491	0.44486	0.44486	1.00000	0.00000	0.50000
491	98200	98400	492	1.25478	1.25478	1.00000	0.00000	0.50000
492	98400	98600	493	1.19220	1.17749	1.28896	0.38595	0.18982
493	98600	98800	494	0.69966	0.69176	1.26805	0.20042	0.26333
494	98800	99000	495	0.64446	0.63483	1.36195	0.32615	0.20965
495	99000	99200	496	0.17266	0.15756	3.30650	2.32294	0.01556
496	99200	99400	497	1.24960	1.22326	1.49391	1.12068	0.06718
497	99400	99600	498	0.58079	0.57776	1.12346	0.03659	0.39337
498	99600	99800	499	0.82706	0.82072	1.18198	0.11087	0.31886
499	99800	100000	500	0.28475	0.28336	1.11734	0.01695	0.42696
