No.	ID	loglik_NUll	loglik_RES	loglik_all	log_ratio	loglik_Max1	loglik_Max2	loglik_Max3
0	0	-1242.3449	-1245.0899	-1143.1979	-2.745064	-1238.791	-1116.5458	-1238.9775
1	1	-1314.357	-1317.1573	-1306.7418	-2.8003117	-1310.8672	-1281.4723	-1310.0912
2	2	-1228.3974	-1231.0904	-1164.8106	-2.6929521	-1224.8085	-1138.4457	-1224.8133
3	3	-1888.6238	-1891.4422	-1857.9963	-2.8183939	-1885.5083	-1830.9157	-1883.1806
4	4	-1581.2337	-1583.9684	-1534.5063	-2.7346833	-1577.8612	-1508.6329	-1578.0551
5	5	-1655.9374	-1658.6748	-1618.9196	-2.7374054	-1652.6245	-1592.6154	-1652.6142
6	6	-1117.9486	-1120.4237	-1044.5481	-2.4750695	-1114.2965	-1015.5821	-1112.2718
7	7	-1463.5687	-1466.317	-1423.6935	-2.7483491	-1460.127	-1398.5334	-1460.5443
8	8	-1917.5916	-1919.8138	-1853.0968	-2.2222072	-1914.3777	-1824.7928	-1910.7489
9	9	-1472.7506	-1475.4763	-1431.9861	-2.7256628	-1469.2953	-1408.0004	-1468.8301
10	10	-1834.6014	-1837.3219	-1790.0665	-2.7205102	-1831.3547	-1765.0344	-1831.3909
11	11	-1503.2641	-1506.0233	-1445.6027	-2.7591785	-1499.836	-1423.1849	-1500.2538
12	12	-1474.1482	-1476.8664	-1422.2992	-2.7182203	-1470.703	-1396.2354	-1470.5503
13	13	-1821.9196	-1824.6852	-1802.9593	-2.7656276	-1818.6597	-1780.1949	-1818.8866
14	14	-1234.7222	-1237.4586	-1181.6629	-2.7363818	-1231.1544	-1156.2152	-1231.5725
15	15	-1453.1047	-1455.8521	-1432.7478	-2.7474586	-1449.6775	-1405.5179	-1449.5481
16	16	-1538.049	-1539.1341	-1449.1127	-1.0850814	-1503.0683	-1424.0991	-1503.5037
17	17	-1710.5016	-1713.2972	-1609.597	-2.7956735	-1673.5034	-1584.5871	-1673.5691
18	18	-1528.6125	-1531.3569	-1472.2471	-2.7443598	-1525.2243	-1446.0933	-1525.2606
19	19	-1106.8712	-1109.6249	-1021.2757	-2.7537064	-1103.2109	-995.65294	-1103.6284
20	20	-2079.1858	-2081.921	-2078.6938	-2.7351501	-2076.0691	-2049.1196	-2075.167
21	21	-1239.2421	-1242.0258	-1178.9809	-2.7837128	-1235.6676	-1151.2489	-1235.0337
22	22	-1326.1776	-1328.8952	-1310.1999	-2.7176173	-1322.6693	-1280.4086	-1322.5914
23	23	-1630.3634	-1633.0954	-1632.5705	-2.7320239	-1627.0137	-1606.2605	-1626.9808
24	24	-821.07425	-823.85978	-784.38959	-2.7855264	-817.16855	-757.34489	-817.58605
25	25	-1629.4287	-1632.1805	-1607.0597	-2.7518485	-1626.0638	-1582.5209	-1626.4821
26	26	-1188.3284	-1191.0809	-1060.9494	-2.7524856	-1184.7387	-1035.4126	-1185.1568
27	27	-1001.2034	-1003.9424	-900.49712	-2.739053	-997.44638	-874.39835	-997.86402
28	28	-1380.0436	-1382.7952	-1308.3377	-2.7516855	-1376.5234	-1282.3661	-1376.9412
29	29	-2061.6437	-2064.3087	-2061.9402	-2.6649812	-2058.5114	-2034.1522	-2055.9601
30	30	-1370.1608	-1372.9204	-1327.3615	-2.7595246	-1366.6604	-1302.0963	-1367.078
31	31	-1289.6552	-1292.3742	-1231.523	-2.719028	-1286.0982	-1206.2082	-1286.517
32	32	-1603.5289	-1606.2928	-1527.3142	-2.7639002	-1600.1607	-1501.6647	-1600.0977
33	33	-1221.208	-1223.9468	-1159.2486	-2.738772	-1217.6538	-1130.715	-1217.0014
34	34	-1214.4109	-1217.1735	-1108.7189	-2.762567	-1185.9366	-1083.2788	-1186.3546
35	35	-1797.079	-1799.8191	-1791.3843	-2.7400462	-1793.8279	-1761.8327	-1794.2452
36	36	-1891.4712	-1894.2217	-1872.5528	-2.750513	-1888.2692	-1847.227	-1888.6867
37	37	-1213.1928	-1215.9355	-1207.9872	-2.7427186	-1209.614	-1184.5415	-1209.5998
38	38	-1264.5549	-1272.8446	-1133.261	-8.2896892	-1228.3654	-1106.56	-1227.1629
39	39	-1531.466	-1534.8292	-1424.2224	-3.363174	-1495.7907	-1398.6794	-1496.2097
40	40	-989.03302	-991.75716	-964.73463	-2.7241393	-985.28557	-938.84116	-985.70294
41	41	-1490.2363	-1493.0111	-1453.9222	-2.7747539	-1486.822	-1428.7382	-1487.2394
42	42	-1189.4154	-1192.1381	-1049.4141	-2.7227221	-1185.8025	-1023.8352	-1186.2206
43	43	-1328.1044	-1330.9062	-1248.2581	-2.8017796	-1324.5991	-1222.4049	-1324.8689
44	44	-1242.2853	-1244.7985	-1153.0395	-2.5131905	-1238.7259	-1125.9664	-1237.6069
45	45	-1697.512	-1700.2506	-1663.8064	-2.7386054	-1694.222	-1638.0138	-1694.2333
46	46	-1270.6075	-1273.3556	-1234.9928	-2.7481023	-1267.0755	-1209.6132	-1267.4934
47	47	-1345.1618	-1346.4745	-1252.0371	-1.3127011	-1308.1781	-1225.7876	-1307.1803
48	48	-1208.4878	-1211.2396	-1114.0342	-2.7517877	-1204.949	-1088.5664	-1205.3667
49	49	-1339.9132	-1342.7464	-1247.2446	-2.8332217	-1304.9463	-1221.5767	-1304.5921
50	50	-1640.8668	-1643.5993	-1601.8014	-2.7324834	-1637.5434	-1576.7726	-1637.9612
51	51	-1421.6167	-1424.2307	-1412.3896	-2.6140319	-1418.126	-1383.7664	-1415.908
52	52	-1348.7717	-1351.5009	-1288.9237	-2.7291443	-1345.2321	-1262.3847	-1345.6497
53	53	-1513.2233	-1515.7629	-1435.9538	-2.5396303	-1509.7738	-1409.3834	-1508.824
54	54	-1347.9586	-1350.7176	-1289.3885	-2.7589473	-1344.4682	-1262.7574	-1344.8857
55	55	-1154.2778	-1157.034	-1055.4465	-2.7562238	-1150.6937	-1027.9095	-1151.1111
56	56	-1632.6377	-1635.1741	-1631.0308	-2.5363889	-1629.3171	-1603.6642	-1628.033
57	57	-1519.7091	-1522.4689	-1488.2965	-2.7597765	-1516.2875	-1462.7511	-1516.705
58	58	-1424.7779	-1427.4991	-1363.7848	-2.7211077	-1421.3102	-1337.0061	-1420.9822
59	59	-1825.4181	-1828.1685	-1806.7758	-2.7503846	-1822.1667	-1780.8618	-1822.3539
60	60	-1146.9318	-1149.6901	-1135.7313	-2.7583467	-1143.3713	-1108.281	-1143.7888
61	61	-1255.919	-1258.6977	-1178.8747	-2.7787553	-1252.4026	-1152.4007	-1252.0805
62	62	-1287.7563	-1290.5016	-1186.0773	-2.7452422	-1284.1947	-1159.8614	-1284.2249
63	63	-1787.5456	-1790.2888	-1720.3487	-2.7432683	-1784.2781	-1693.515	-1784.6958
64	64	-1388.7138	-1391.2753	-1330.6077	-2.561449	-1385.1847	-1302.4224	-1384.1744
65	65	-1209.9574	-1212.6939	-1095.0781	-2.7364985	-1206.3854	-1069.5901	-1206.803
66	66	-1697.061	-1699.3115	-1605.9568	-2.2505036	-1661.8123	-1580.5056	-1661.293
67	67	-1452.6102	-1455.3655	-1383.9108	-2.7553172	-1449.1679	-1358.1083	-1449.1949
68	68	-1624.8206	-1625.6611	-1541.0867	-0.84058757	-1621.4527	-1515.377	-1583.4602
69	69	-1805.3402	-1808.0942	-1784.8554	-2.7540757	-1802.0938	-1760.1966	-1802.512
70	70	-1776.588	-1779.1231	-1779.8586	-2.535078	-1773.3235	-1765.4423	-1772.0712
71	71	-1519.224	-1519.1182	-1453.7371	0.10587743	-1491.0115	-1429.1082	-1491.4297
72	72	-1318.8986	-1321.649	-1273.5658	-2.7504477	-1315.3952	-1247.2818	-1315.7789
73	73	-2291.8878	-2294.6306	-2300.0966	-2.7427957	-2288.8694	-2271.9686	-2288.5141
74	74	-1042.764	-1045.4984	-988.2846	-2.7343925	-1039.0708	-962.89892	-1039.4883
75	75	-1284.6333	-1287.363	-1206.4327	-2.7296791	-1281.0974	-1181.0695	-1281.515
76	76	-1395.0945	-1397.8198	-1327.7763	-2.7253386	-1391.5867	-1301.6412	-1392.0048
77	77	-1683.862	-1686.6039	-1634.3751	-2.7419443	-1680.5723	-1610.3072	-1680.922
78	78	-1357.1024	-1359.8971	-1328.7444	-2.7946882	-1353.6368	-1303.6823	-1354.0543
79	79	-1616.3299	-1619.0627	-1562.2672	-2.7328293	-1612.9879	-1540.1011	-1613.4058
80	80	-1387.64	-1390.4028	-1307.9602	-2.7628387	-1384.1609	-1282.2939	-1384.5798
81	81	-1309.6138	-1312.3606	-1196.7947	-2.746767	-1306.0461	-1171.4236	-1306.4636
82	82	-1674.5718	-1677.3222	-1645.2257	-2.7504397	-1671.2341	-1617.3192	-1670.3999
83	83	-1757.2311	-1759.7661	-1683.7059	-2.5349513	-1721.0701	-1658.3573	-1721.7408
84	84	-1332.309	-1335.0042	-1294.7294	-2.6951589	-1328.7952	-1271.3949	-1329.2129
85	85	-1328.644	-1331.0814	-1271.1132	-2.4374246	-1325.1323	-1243.7583	-1323.3555
86	86	-1294.0266	-1296.8144	-1169.3563	-2.7877871	-1290.519	-1142.1525	-1290.0441
87	87	-1441.7351	-1444.4663	-1413.8223	-2.7311463	-1438.2687	-1384.7221	-1438.4182
88	88	-1100.0349	-1102.7733	-1047.4859	-2.7384839	-1096.3761	-1019.129	-1095.2574
89	89	-1369.2266	-1371.9672	-1326.4379	-2.7406246	-1365.741	-1301.1895	-1366.1586
90	90	-1879.997	-1882.7274	-1825.024	-2.7303737	-1876.7627	-1799.8583	-1852.0867
91	91	-1866.6031	-1869.8305	-1806.5962	-3.2273958	-1833.9741	-1784.5102	-1834.4073
92	92	-1529.7086	-1532.2342	-1429.1963	-2.5255825	-1494.3865	-1404.1572	-1494.8047
93	93	-1243.7172	-1246.4643	-1193.0055	-2.7470144	-1240.135	-1167.6772	-1239.9496
94	94	-1728.146	-1730.8728	-1673.9939	-2.7267382	-1724.8001	-1645.3232	-1723.4563
95	95	-1227.6695	-1230.4362	-1176.47	-2.7667386	-1224.1109	-1150.989	-1224.5284
96	96	-1321.9531	-1324.7154	-1216.1059	-2.7622773	-1318.4025	-1190.1542	-1318.6829
97	97	-1489.0731	-1496.1568	-1400.7046	-7.0837616	-1451.3919	-1373.9177	-1451.5739
98	98	-1463.4065	-1465.9989	-1466.7526	-2.5924317	-1459.9786	-1443.4939	-1459.0873
99	99	-1464.9874	-1467.7499	-1404.1541	-2.7625055	-1461.5891	-1378.2596	-1461.4349
100	100	-1777.7457	-1780.5125	-1738.9897	-2.7668027	-1774.502	-1714.0439	-1774.9196
101	101	-1667.8974	-1670.6397	-1669.706	-2.7422412	-1664.5926	-1647.6645	-1664.9432
102	102	-1431.0027	-1433.7353	-1361.1516	-2.7325498	-1427.4992	-1334.268	-1427.6296
103	103	-1987.2687	-1989.7653	-1961.1171	-2.4966013	-1984.1004	-1934.1698	-1982.5582
104	104	-1466.9069	-1469.6582	-1425.8116	-2.7512831	-1463.4937	-1400.0097	-1463.6642
105	105	-1241.4027	-1244.1235	-1188.4382	-2.7207982	-1237.8238	-1162.9776	-1238.2412
106	106	-1508.4166	-1511.137	-1491.1408	-2.7203929	-1504.9836	-1465.4237	-1503.7662
107	107	-1442.2775	-1445.1172	-1315.0606	-2.8397733	-1406.1283	-1289.114	-1404.2985
108	108	-2074.9356	-2077.6569	-2059.9204	-2.721289	-2071.7926	-2032.3959	-2072.0779
109	109	-1394.1655	-1396.9039	-1334.8311	-2.7384304	-1390.6743	-1309.5917	-1391.0922
110	110	-1521.9004	-1524.6745	-1476.3	-2.7741465	-1518.495	-1449.2067	-1518.7088
111	111	-1545.6269	-1548.6058	-1458.6428	-2.9789373	-1542.2188	-1431.8397	-1503.5252
112	112	-1406.8914	-1409.6869	-1268.815	-2.7955252	-1403.4593	-1242.59	-1403.2546
113	113	-1227.2421	-1229.9726	-1134.5373	-2.730535	-1223.6686	-1109.031	-1224.0871
114	114	-1080.5482	-1082.5203	-1066.4863	-1.9720867	-1076.8837	-1039.4229	-1073.6111
115	115	-1083.1677	-1085.9138	-1051.6082	-2.746151	-1079.4997	-1024.8655	-1079.5474
116	116	-1334.5074	-1337.2938	-1283.2436	-2.7864308	-1331.0183	-1257.3401	-1331.3273
117	117	-1491.282	-1493.8205	-1363.5214	-2.5385556	-1455.8909	-1338.3619	-1456.3127
118	118	-1495.9511	-1498.2056	-1442.7361	-2.2544365	-1492.5364	-1414.7506	-1489.7632
119	119	-1196.0978	-1198.8413	-1122.1047	-2.743507	-1192.5166	-1095.6629	-1192.4656
120	120	-1156.5658	-1159.3051	-1040.8574	-2.7393506	-1152.9729	-1015.3305	-1153.3905
121	121	-2241.9214	-2244.6467	-2216.7074	-2.7252962	-2238.8578	-2189.2667	-2238.386
122	122	-940.7209	-943.44136	-924.10466	-2.7204672	-936.9431	-900.9481	-937.3608
123	123	-1444.2589	-1446.9846	-1403.389	-2.7256862	-1440.7857	-1377.7906	-1441.2035
124	124	-1266.4025	-1269.1219	-1193.5647	-2.7194118	-1262.8611	-1167.5603	-1263.1051
125	125	-1367.3868	-1369.9227	-1237.8181	-2.5358606	-1328.4939	-1212.5036	-1328.9282
126	126	-1406.9983	-1409.7634	-1361.3382	-2.7650687	-1403.5494	-1335.2792	-1403.3425
127	127	-1181.1044	-1183.8715	-1108.6948	-2.767182	-1177.5323	-1081.9758	-1177.0988
128	128	-1484.6955	-1487.417	-1417.2025	-2.7214786	-1481.2599	-1391.6968	-1481.6496
129	129	-868.6808	-871.39707	-773.90857	-2.7162701	-864.7947	-746.34961	-865.21368
130	130	-1323.9403	-1326.6441	-1204.006	-2.7038525	-1320.3945	-1177.8888	-1320.4637
131	131	-1289.4259	-1292.1816	-1205.4665	-2.755706	-1285.8798	-1179.2179	-1285.9056
132	132	-1529.3717	-1532.1273	-1493.8286	-2.7556101	-1525.9561	-1466.2921	-1526.1778
133	133	-1521.2795	-1523.8131	-1377.0695	-2.5335841	-1483.2226	-1351.9818	-1483.717
134	134	-1247.8363	-1250.5731	-1170.5199	-2.7368766	-1244.2981	-1145.1566	-1244.7155
135	135	-1163.053	-1165.7768	-1059.8947	-2.723798	-1159.4433	-1033.0971	-1159.1646
136	136	-1495.3925	-1498.1565	-1479.8952	-2.7640148	-1491.9616	-1453.0779	-1492.1753
137	137	-1529.9065	-1532.624	-1495.3967	-2.7174633	-1526.5213	-1471.5418	-1526.744
138	138	-1716.9821	-1719.714	-1617.2212	-2.7318371	-1713.6614	-1591.1145	-1713.8311
139	139	-1299.357	-1302.0919	-1238.9014	-2.7349054	-1295.8286	-1211.5725	-1295.2525
140	140	-1474.9901	-1477.7355	-1411.2533	-2.7454602	-1471.5664	-1384.329	-1471.2386
141	141	-1197.4314	-1199.9788	-1053.3484	-2.5473731	-1160.8037	-1027.8068	-1161.2212
142	142	-1250.0965	-1252.8524	-1235.6306	-2.7558999	-1246.5622	-1212.9059	-1246.9796
143	143	-1008.977	-1011.7131	-911.33163	-2.7361364	-1005.2374	-883.34258	-1005.6548
144	144	-1517.4218	-1519.4104	-1399.1182	-1.9886353	-1482.0398	-1372.4928	-1480.4259
145	145	-934.68314	-937.28913	-876.68449	-2.6059968	-930.86474	-848.74907	-930.07232
146	146	-1536.2293	-1538.9557	-1490.7014	-2.7263869	-1532.8402	-1464.3346	-1532.9921
147	147	-1472.1718	-1474.896	-1449.0559	-2.7242331	-1468.7321	-1424.1729	-1469.15
148	148	-1547.3943	-1550.1251	-1499.7751	-2.730824	-1544.0111	-1473.8499	-1543.9374
149	149	-1539.2814	-1542.0148	-1473.6233	-2.7333241	-1535.8838	-1448.5666	-1536.3016
150	150	-1221.9808	-1224.7385	-1071.9988	-2.7577487	-1218.4048	-1046.4796	-1218.8224
151	151	-1109.2364	-1111.9697	-1036.1874	-2.7332542	-1105.5893	-1005.7849	-1106.0071
152	152	-1216.145	-1218.8697	-1126.5593	-2.7247207	-1212.5696	-1100.0054	-1212.3482
153	153	-1616.9196	-1619.1339	-1610.0898	-2.2143067	-1613.6087	-1587.3041	-1610.909
154	154	-1499.5573	-1502.3053	-1465.2291	-2.7479991	-1496.1296	-1439.4056	-1496.1374
155	155	-1829.5492	-1832.2899	-1813.9064	-2.740729	-1826.3128	-1788.258	-1826.4147
156	156	-1243.943	-1246.6994	-1116.2657	-2.7563564	-1240.3645	-1090.7885	-1240.7821
157	157	-1176.1463	-1178.8956	-1067.7982	-2.749329	-1172.5683	-1042.3301	-1172.986
158	158	-1404.97	-1407.7168	-1342.6543	-2.7468315	-1401.5051	-1314.1352	-1401.527
159	159	-1273.8882	-1276.4172	-1227.8611	-2.5290775	-1270.3475	-1199.4627	-1268.2467
160	160	-1215.3548	-1218.1029	-1175.3946	-2.7481521	-1211.7921	-1147.6363	-1211.5814
161	161	-1219.5197	-1222.2318	-1205.7771	-2.7120805	-1215.9386	-1183.009	-1216.3573
162	162	-1473.9967	-1476.7239	-1392.8666	-2.7272161	-1470.564	-1366.6666	-1470.7494
163	163	-1789.3074	-1792.0643	-1738.813	-2.7569564	-1786.0363	-1709.985	-1785.0006
164	164	-1167.0502	-1169.801	-1047.3615	-2.7507852	-1163.4812	-1020.8181	-1163.3953
165	165	-1094.5988	-1097.3229	-1053.1479	-2.7240836	-1090.9188	-1025.3284	-1091.3368
166	166	-1362.2065	-1364.9217	-1326.6527	-2.7152007	-1358.6975	-1295.2929	-1359.1151
167	167	-1802.8177	-1805.5681	-1754.0985	-2.7503988	-1799.5757	-1728.6555	-1799.652
168	168	-1419.6545	-1422.4025	-1353.741	-2.7479614	-1416.1806	-1325.4245	-1416.3479
169	169	-1015.9063	-1018.6317	-943.00233	-2.7254538	-1012.1608	-916.05972	-1012.0688
170	170	-1230.7726	-1233.5254	-1159.8712	-2.7527976	-1227.2218	-1133.8031	-1227.4251
171	171	-1125.6246	-1128.3747	-1083.2631	-2.750092	-1122.0103	-1056.1838	-1122.4287
172	172	-1570.3277	-1573.0969	-1555.1755	-2.7691674	-1566.9672	-1529.3548	-1566.5047
173	173	-1488.9215	-1491.6707	-1436.972	-2.7492103	-1485.5271	-1410.8113	-1485.9146
174	174	-1685.1802	-1687.9335	-1637.8895	-2.7532122	-1681.8581	-1611.3224	-1682.2754
175	175	-1502.1928	-1504.9345	-1418.2184	-2.7417907	-1498.7898	-1393.1476	-1499.2076
176	176	-1037.9917	-1040.7415	-1011.9237	-2.7497163	-1034.3032	-984.91141	-1034.7213
177	177	-1576.6479	-1579.3748	-1514.4205	-2.7269718	-1573.2603	-1489.3788	-1573.678
178	178	-1603.9809	-1609.0658	-1500.723	-5.0848947	-1566.6311	-1475.7832	-1566.5434
179	179	-1766.0746	-1768.7493	-1653.9466	-2.6747137	-1728.6511	-1627.7845	-1727.4045
180	180	-1303.2797	-1306.0165	-1289.1147	-2.7367696	-1299.7338	-1266.824	-1300.1515
181	181	-1149.9213	-1152.6191	-1080.7773	-2.6977853	-1146.2922	-1055.2402	-1146.7108
182	182	-1814.171	-1816.5331	-1742.7481	-2.3621395	-1779.0395	-1713.8905	-1807.7714
183	183	-1410.7995	-1413.5233	-1336.1491	-2.7237188	-1407.3	-1310.6316	-1407.7173
184	184	-1669.1117	-1671.8554	-1643.3298	-2.7437828	-1665.8226	-1624.2928	-1666.2408
185	185	-1491.2815	-1492.3664	-1407.8883	-1.0848804	-1487.8396	-1382.1454	-1451.6266
186	186	-1229.0649	-1231.7988	-1162.3069	-2.7338096	-1225.5179	-1135.8905	-1225.3238
187	187	-901.78571	-904.52143	-835.82904	-2.7357246	-898.00315	-809.91463	-898.42071
188	188	-1549.4272	-1552.0199	-1447.3931	-2.5927975	-1546.0259	-1420.7141	-1545.2032
189	189	-1519.8987	-1522.6283	-1492.4969	-2.7296387	-1516.4824	-1463.2196	-1516.4514
190	190	-1237.0485	-1239.7937	-1174.0308	-2.7451833	-1233.4862	-1147.7586	-1233.5324
191	191	-1564.8631	-1567.6035	-1567.8973	-2.7403818	-1561.4868	-1544.4601	-1561.4099
192	192	-1145.5505	-1148.0679	-1022.0071	-2.5173793	-1141.9543	-994.44459	-1140.7176
193	193	-1064.6823	-1067.1636	-1002.5086	-2.4813497	-1060.9833	-975.1231	-1059.6122
194	194	-1856.2721	-1859.0201	-1833.9602	-2.7479645	-1853.0656	-1809.0318	-1853.4838
195	195	-1288.3931	-1291.1548	-1196.9286	-2.7617239	-1284.8684	-1170.8285	-1285.2859
196	196	-1946.6967	-1949.4398	-1930.9477	-2.7430426	-1943.5248	-1908.8093	-1943.9423
197	197	-1186.1032	-1188.8534	-1128.0474	-2.7502355	-1182.5307	-1101.6344	-1182.5072
198	198	-1192.2247	-1194.9213	-1067.0563	-2.6965744	-1188.6021	-1040.1496	-1188.1819
199	199	-1271.5801	-1274.3302	-1179.4782	-2.7501006	-1268.051	-1154.0656	-1268.4686
200	200	-1218.3222	-1221.0734	-1093.1547	-2.7511577	-1214.7542	-1067.6947	-1215.1717
201	201	-1870.6102	-1873.3455	-1824.8344	-2.7352521	-1867.3916	-1798.9656	-1867.1143
202	202	-1893.3082	-1895.7272	-1867.1869	-2.4189824	-1890.0826	-1841.2819	-1886.8931
203	203	-1893.5237	-1896.1058	-1879.9004	-2.5821002	-1890.3404	-1853.0618	-1889.3819
204	204	-1258.4652	-1261.1817	-1168.4515	-2.716466	-1254.9118	-1143.0265	-1255.3298
205	205	-1520.2245	-1522.8085	-1471.2438	-2.5839123	-1516.8219	-1447.6057	-1515.9042
206	206	-1538.8406	-1541.4208	-1439.5324	-2.5801763	-1508.419	-1413.9141	-1508.6716
207	207	-1079.1854	-1081.9213	-1053.7779	-2.735835	-1075.5096	-1026.9288	-1074.9644
208	208	-1408.7436	-1411.4763	-1379.1479	-2.7327234	-1405.2807	-1350.5869	-1403.4566
209	209	-2031.1757	-2033.8858	-2025.606	-2.7100672	-2028.0146	-2000.4799	-2028.432
210	210	-1214.8501	-1217.578	-1082.2529	-2.7279094	-1211.2851	-1056.7885	-1211.7032
211	211	-1334.9836	-1337.7268	-1320.6917	-2.7431954	-1331.4777	-1291.36	-1331.4043
212	212	-1127.7718	-1130.5113	-1003.0514	-2.7395864	-1124.1383	-977.43638	-1124.5559
213	213	-1489.8188	-1492.5359	-1454.3156	-2.7171297	-1486.3588	-1425.4911	-1485.6615
214	214	-1444.9258	-1447.6709	-1411.4145	-2.745013	-1441.4657	-1384.3724	-1441.8355
215	215	-1638.6622	-1641.2315	-1613.6437	-2.5693244	-1635.3392	-1585.8601	-1634.184
216	216	-1283.1098	-1285.7727	-1210.6902	-2.6628973	-1279.5161	-1185.313	-1279.9337
217	217	-1362.2341	-1364.9769	-1282.9862	-2.7428049	-1358.7651	-1257.8036	-1359.1828
218	218	-1405.4367	-1414.1599	-1291.7117	-8.723179	-1369.7924	-1266.4714	-1370.5324
219	219	-1577.3768	-1580.141	-1563.8046	-2.7641782	-1573.9972	-1536.3179	-1573.2283
220	220	-1570.6173	-1573.3757	-1552.978	-2.7584309	-1567.2541	-1526.1737	-1567.6716
221	221	-1752.2566	-1753.7039	-1696.0357	-1.4472383	-1717.3653	-1669.7878	-1716.119
222	222	-1271.5038	-1274.2568	-1254.5549	-2.753041	-1267.9372	-1230.2666	-1268.3552
223	223	-1154.4794	-1157.2285	-1079.4643	-2.7491421	-1150.8927	-1053.9387	-1151.3102
224	224	-1846.8834	-1849.5942	-1803.8884	-2.7108578	-1843.6217	-1777.5645	-1844.0398
225	225	-1852.6099	-1855.3338	-1797.1876	-2.7238547	-1849.3913	-1771.4323	-1842.5269
226	226	-1106.9967	-1109.6966	-1022.3234	-2.699966	-1103.319	-996.67533	-1103.7368
227	227	-1727.6858	-1730.2256	-1680.1701	-2.5397793	-1724.3632	-1652.7658	-1723.1792
228	228	-1508.154	-1510.7251	-1506.7432	-2.5711054	-1504.7654	-1485.7697	-1503.3371
229	229	-1577.3139	-1579.7698	-1553.4938	-2.4559244	-1573.9386	-1524.0259	-1572.3841
230	230	-1451.4402	-1454.1665	-1391.2196	-2.7262394	-1448.0159	-1366.0869	-1448.4347
231	231	-1748.8842	-1751.2901	-1750.0116	-2.4058237	-1745.5942	-1726.9409	-1743.5834
232	232	-2129.9549	-2133.4132	-2040.2965	-3.458352	-2094.501	-2015.5092	-2094.4636
233	233	-1317.4342	-1320.2039	-1276.3711	-2.7696748	-1313.9108	-1250.3574	-1313.8105
234	234	-1226.0301	-1228.1467	-1081.7726	-2.11666	-1189.7482	-1054.8649	-1188.2081
235	235	-1759.5948	-1762.3331	-1696.3416	-2.7382075	-1756.3313	-1671.0517	-1756.749
236	236	-1242.4739	-1245.206	-1235.0108	-2.7321282	-1238.9034	-1212.9427	-1239.1372
237	237	-2066.0575	-2068.822	-2043.0093	-2.7645628	-2062.9147	-2014.0578	-2062.8454
238	238	-1658.5971	-1660.4198	-1657.9766	-1.82269	-1655.2897	-1634.4325	-1652.2229
239	239	-2042.5965	-2045.3269	-1990.2352	-2.7303709	-2039.4592	-1965.2793	-2039.7605
240	240	-1106.6847	-1109.4318	-1045.6446	-2.7471704	-1103.0398	-1018.9427	-1102.9065
241	241	-1477.2922	-1479.7569	-1463.517	-2.4646363	-1473.8529	-1433.5623	-1471.9727
242	242	-1027.6528	-1030.1	-906.70477	-2.4472697	-1023.9233	-878.94044	-1022.388
243	243	-1026.0207	-1028.7472	-933.09464	-2.7264528	-1022.3183	-907.34908	-1022.7357
244	244	-1871.8098	-1874.5547	-1803.3382	-2.7448302	-1868.622	-1778.9967	-1869.0402
245	245	-1792.9282	-1795.0394	-1728.3392	-2.1112434	-1756.4926	-1702.3214	-1754.7278
246	246	-1526.9408	-1529.7019	-1456.4284	-2.7611187	-1523.5281	-1428.2472	-1523.9459
247	247	-2113.521	-2116.2161	-2080.0953	-2.6950657	-2110.3746	-2054.9604	-2110.792
248	248	-1624.3909	-1627.1406	-1545.6159	-2.7496684	-1621.0318	-1519.4567	-1620.9554
249	249	-1603.1296	-1605.9099	-1564.3452	-2.7802419	-1599.7768	-1541.0091	-1599.9036
250	250	-1663.9694	-1666.7125	-1618.1022	-2.7430507	-1660.6681	-1591.5495	-1660.6097
251	251	-1487.0488	-1489.7838	-1437.6489	-2.7349423	-1483.6201	-1410.7628	-1483.0949
252	252	-1219.5947	-1222.3001	-1167.1257	-2.7053448	-1216.0042	-1140.3986	-1216.4223
253	253	-1425.8782	-1428.2946	-1339.2177	-2.4163783	-1422.4016	-1311.9507	-1420.779
254	254	-1470.8295	-1473.5569	-1471.7515	-2.7273444	-1467.401	-1448.2687	-1467.8105
255	255	-1573.2133	-1575.94	-1564.7832	-2.7267265	-1569.8375	-1538.1545	-1569.0218
256	256	-1952.5958	-1955.3158	-1913.9606	-2.7199644	-1949.3947	-1888.1095	-1949.8126
257	257	-1845.043	-1847.2633	-1779.0871	-2.2203095	-1808.2967	-1754.3016	-1808.7683
258	258	-1479.4967	-1482.2308	-1448.7321	-2.7341314	-1476.0546	-1426.2786	-1476.2605
259	259	-1448.9211	-1451.4556	-1358.8768	-2.5345155	-1413.2769	-1333.1481	-1412.8058
260	260	-1512.1452	-1507.4419	-1427.9763	4.7033257	-1468.0808	-1402.6742	-1467.8052
261	261	-1371.7198	-1374.0635	-1298.0174	-2.343719	-1368.1963	-1269.8269	-1366.6445
262	262	-1178.4866	-1181.2227	-1030.2605	-2.7361279	-1174.8723	-1000.8205	-1174.9136
263	263	-1100.3831	-1103.1416	-1088.6974	-2.7585077	-1096.7724	-1061.5787	-1096.2687
264	264	-1414.0939	-1416.839	-1327.763	-2.7450918	-1410.5854	-1300.9233	-1410.7136
265	265	-1253.9482	-1256.6476	-1223.5765	-2.6994076	-1250.3647	-1200.9133	-1250.7826
266	266	-1810.6317	-1810.3169	-1751.4646	0.31479656	-1786.1031	-1725.0657	-1767.8671
267	267	-1019.6604	-1022.4034	-951.14493	-2.7429934	-1015.9151	-922.29438	-1014.718
268	268	-1177.0088	-1179.1598	-1029.882	-2.1510306	-1141.1373	-1003.5697	-1140.0992
269	269	-1674.7642	-1677.3391	-1597.515	-2.5748902	-1671.4489	-1571.2681	-1670.6691
270	270	-1540.9277	-1543.6435	-1457.3307	-2.7158077	-1537.5186	-1432.2574	-1537.9362
271	271	-1307.4718	-1310.1892	-1297.614	-2.7174107	-1303.9094	-1268.5218	-1303.9749
272	272	-1390.2731	-1393.0203	-1362.1845	-2.7472261	-1386.7853	-1335.95	-1386.5738
273	273	-1620.247	-1623.0217	-1568.4432	-2.7746964	-1616.8835	-1542.1306	-1616.6956
274	274	-1235.1003	-1237.8576	-1173.9203	-2.7572557	-1231.5564	-1147.502	-1231.3763
275	275	-1484.0524	-1486.7994	-1458.0394	-2.7469955	-1480.6162	-1430.3984	-1480.2628
276	276	-1487.6804	-1490.4135	-1417.1713	-2.7331245	-1484.2587	-1391.4747	-1484.4531
277	277	-1267.3849	-1270.1221	-1117.5453	-2.7372138	-1263.8562	-1091.0451	-1263.6771
278	278	-1312.1854	-1315.5959	-1188.6705	-3.4105697	-1274.9686	-1163.3831	-1275.3968
279	279	-1442.6349	-1445.37	-1421.9772	-2.735049	-1439.1641	-1390.0195	-1438.9802
280	280	-1110.6842	-1113.4385	-1055.9415	-2.7543072	-1107.0633	-1029.343	-1106.9346
281	281	-1281.6266	-1284.349	-1208.3518	-2.7223829	-1278.0524	-1182.9052	-1278.4703
282	282	-1292.9881	-1295.7071	-1274.1266	-2.7190571	-1289.4834	-1246.6738	-1288.8842
283	283	-1270.8543	-1273.5764	-1237.096	-2.7220283	-1267.2693	-1209.8768	-1267.0976
284	284	-1550.9361	-1553.6851	-1482.6453	-2.749036	-1547.5406	-1457.0809	-1547.775
285	285	-1271.5144	-1274.2114	-1199.5623	-2.6970244	-1267.9547	-1173.3911	-1267.9901
286	286	-1566.7423	-1569.4753	-1514.1079	-2.7330493	-1563.3795	-1487.1876	-1563.2801
287	287	-1318.4808	-1321.2278	-1255.3232	-2.7469669	-1314.9615	-1229.2432	-1315.0413
288	288	-952.10726	-954.82572	-895.63547	-2.718457	-948.33219	-869.14432	-948.75069
289	289	-1453.5251	-1456.2575	-1405.469	-2.7323525	-1450.0649	-1380.2946	-1450.4824
290	290	-1343.03	-1345.6306	-1331.3569	-2.6005912	-1339.5892	-1306.0108	-1338.5397
291	291	-1518.0115	-1518.2587	-1403.8238	-0.24717033	-1479.9804	-1376.5532	-1477.326
292	292	-1242.9469	-1245.7168	-1179.4136	-2.7699304	-1239.3907	-1153.0199	-1239.7058
293	293	-1346.7546	-1349.4888	-1264.8622	-2.7342506	-1343.237	-1239.6308	-1343.6546
294	294	-1070.9479	-1073.7021	-1025.5812	-2.7541491	-1067.3068	-1000.3693	-1067.7243
295	295	-1568.8742	-1571.6194	-1513.3977	-2.7452105	-1565.504	-1486.5664	-1565.4755
296	296	-1693.1897	-1695.942	-1679.7458	-2.7523513	-1689.9141	-1656.28	-1689.9356
297	297	-1293.9207	-1296.7282	-1246.1889	-2.807478	-1290.404	-1220.7874	-1290.8215
298	298	-1372.7015	-1375.2466	-1326.9883	-2.5450732	-1369.2106	-1299.4326	-1367.9634
299	299	-1673.8265	-1676.3572	-1532.663	-2.530761	-1636.8176	-1507.7541	-1637.2471
300	300	-1095.6438	-1098.3968	-1031.092	-2.7529699	-1092.0198	-1005.4986	-1092.4372
301	301	-1687.9203	-1690.6587	-1581.1676	-2.7384385	-1684.5926	-1553.8637	-1646.5333
302	302	-1588.7588	-1592.6452	-1503.1951	-3.8863819	-1553.8205	-1478.1961	-1554.2554
303	303	-1516.8819	-1519.4434	-1457.0156	-2.5614712	-1513.4381	-1429.2719	-1512.5081
304	304	-1089.694	-1092.4081	-1040.4258	-2.7141087	-1086.038	-1017.5113	-1086.4554
305	305	-1259.0294	-1261.1757	-1110.2043	-2.1463645	-1222.9687	-1083.2764	-1220.6646
306	306	-1359.6371	-1362.4029	-1362.3963	-2.7657574	-1356.1848	-1344.5131	-1355.5924
307	307	-1246.9772	-1249.7424	-1220.5496	-2.7652291	-1243.4355	-1194.0581	-1243.688
308	308	-1460.8972	-1452.6938	-1339.2536	8.2034171	-1457.4399	-1314.0823	-1415.2251
309	309	-1297.2854	-1299.9742	-1238.9069	-2.6887929	-1293.7217	-1213.5236	-1294.1395
310	310	-1204.3377	-1207.0716	-1163.2654	-2.7338721	-1200.7594	-1134.3783	-1201.1774
311	311	-1526.1446	-1525.8717	-1397.6531	0.27287905	-1487.3187	-1370.9508	-1486.9058
312	312	-1100.3184	-1103.0954	-1045.6125	-2.7769841	-1096.6779	-1019.9789	-1097.0953
313	313	-1407.0132	-1409.7425	-1350.5301	-2.7292381	-1403.5406	-1327.6215	-1403.8806
314	314	-1758.7778	-1761.6942	-1638.5903	-2.9164466	-1722.6255	-1613.7955	-1723.0435
315	315	-1471.6373	-1474.3859	-1444.1957	-2.7485968	-1468.1761	-1418.5837	-1467.9989
316	316	-984.60851	-987.34381	-911.77673	-2.7353035	-980.88568	-886.00481	-981.30399
317	317	-1623.3995	-1626.4297	-1521.6626	-3.0302025	-1587.434	-1496.7285	-1587.8578
318	318	-1415.3106	-1418.0277	-1335.5684	-2.7171636	-1411.8329	-1309.8366	-1412.2509
319	319	-1586.9023	-1589.6454	-1549.0102	-2.743096	-1583.5123	-1523.4122	-1583.7876
320	320	-1344.7741	-1347.3173	-1305.4271	-2.5432664	-1341.2566	-1279.3173	-1339.7376
321	321	-1349.8369	-1351.4043	-1277.774	-1.567452	-1346.3012	-1250.2558	-1343.0928
322	322	-1396.1577	-1398.9154	-1334.2187	-2.757668	-1392.6739	-1308.9818	-1393.0924
323	323	-1708.0198	-1710.7753	-1626.1577	-2.7555337	-1704.7352	-1601.248	-1705.1526
324	324	-1695.9309	-1698.4404	-1665.5382	-2.5095345	-1692.6341	-1638.6839	-1691.2463
325	325	-1327.6695	-1330.3528	-1242.2997	-2.6832759	-1324.1202	-1215.1499	-1324.0141
326	326	-2030.4681	-2033.1988	-1987.319	-2.7306873	-1999.7469	-1962.2423	-2000.1556
327	327	-1588.3022	-1591.0349	-1529.1333	-2.7327021	-1584.8989	-1502.0363	-1585.3166
328	328	-1393.4778	-1396.2578	-1327.8102	-2.7800115	-1390.0097	-1302.5709	-1390.4273
329	329	-1262.3654	-1265.1335	-1202.9369	-2.7680735	-1258.8341	-1175.9451	-1258.6288
330	330	-1354.8149	-1357.5761	-1289.8648	-2.7611598	-1351.3266	-1263.7963	-1351.2388
331	331	-1315.0197	-1317.755	-1242.0629	-2.7352201	-1311.4858	-1217.1284	-1311.9032
332	332	-1703.1603	-1705.8961	-1700.794	-2.7357701	-1699.8565	-1677.0202	-1700.2329
333	333	-1416.7553	-1419.3275	-1328.6257	-2.5722643	-1413.3052	-1301.997	-1412.3934
334	334	-1576.5422	-1579.1417	-1511.4467	-2.599555	-1573.1679	-1483.702	-1571.7454
335	335	-1710.6406	-1713.3645	-1676.4424	-2.7238341	-1707.3293	-1646.8707	-1706.4493
336	336	-1070.3092	-1073.0747	-1021.1218	-2.7655258	-1066.6603	-994.81497	-1067.0781
337	337	-1319.7019	-1322.4645	-1274.2259	-2.7626486	-1316.1933	-1247.9883	-1316.6107
338	338	-2236.7768	-2239.3616	-2206.9321	-2.5847953	-2233.7055	-2179.7705	-2222.5729
339	339	-1152.4306	-1155.162	-1062.7755	-2.7314812	-1148.8234	-1035.9758	-1148.3801
340	340	-1535.9127	-1539.048	-1392.4821	-3.1353626	-1500.6769	-1367.4238	-1501.0988
341	341	-1310.5471	-1313.2575	-1247.9457	-2.7104012	-1306.9988	-1219.8656	-1306.8596
342	342	-1380.6866	-1383.4531	-1346.7389	-2.7665842	-1377.2321	-1321.4923	-1377.6502
343	343	-1195.1985	-1210.8433	-1075.2098	-15.644868	-1158.1975	-1048.7346	-1204.4809
344	344	-2079.9013	-2079.8607	-1993.9511	0.040536491	-2040.4588	-1969.3017	-2041.1238
345	345	-1118.8893	-1121.6175	-1065.8611	-2.7282152	-1115.2248	-1038.9785	-1114.7018
346	346	-1888.6403	-1891.0777	-1866.6471	-2.4373935	-1885.4662	-1838.1275	-1883.3836
347	347	-1799.1155	-1801.8559	-1784.3038	-2.7404627	-1795.8527	-1760.5131	-1796.2702
348	348	-1679.7145	-1682.4469	-1590.3431	-2.7323743	-1676.3911	-1565.411	-1676.8085
349	349	-1249.1799	-1251.9012	-1185.2973	-2.7213729	-1245.6334	-1159.9437	-1246.0517
350	350	-1599.2617	-1602.006	-1532.1823	-2.7443858	-1595.8859	-1506.7381	-1596.3034
351	351	-2115.3996	-2118.1122	-2117.2128	-2.7126192	-2112.2777	-2094.8863	-2111.6306
352	352	-1636.766	-1640.0448	-1524.8999	-3.2788665	-1600.4271	-1499.4003	-1600.6206
353	353	-1919.44	-1921.4737	-1844.2182	-2.0336986	-1884.3356	-1817.8032	-1884.8371
354	354	-1793.4215	-1796.1589	-1797.9612	-2.7373904	-1790.1462	-1777.9249	-1790.5636
355	355	-1363.5114	-1366.2579	-1305.6395	-2.7465178	-1359.9989	-1280.3609	-1360.4165
356	356	-1431.8035	-1432.6891	-1321.0226	-0.88566903	-1395.1628	-1295.8527	-1426.8993
357	357	-1274.7128	-1277.2272	-1244.9425	-2.5143519	-1271.173	-1217.4636	-1267.9142
358	358	-1586.1992	-1589.2207	-1504.1557	-3.0214959	-1549.8672	-1477.2585	-1550.2881
359	359	-1293.7918	-1296.5408	-1172.1498	-2.7489964	-1290.2816	-1148.037	-1290.1247
360	360	-1196.9541	-1199.6971	-1180.1361	-2.7429563	-1193.401	-1153.366	-1193.1834
361	361	-1255.9336	-1258.7288	-1151.8144	-2.7951826	-1219.625	-1126.4365	-1252.7971
362	362	-1181.7485	-1184.4774	-1113.056	-2.7288513	-1178.1838	-1086.5722	-1177.9572
363	363	-1142.7401	-1145.467	-1117.4424	-2.7269226	-1139.1369	-1097.6884	-1139.5548
364	364	-1394.0752	-1396.8293	-1287.521	-2.7541392	-1390.5984	-1261.5759	-1390.7274
365	365	-1262.6543	-1265.4162	-1199.0187	-2.7618263	-1259.1461	-1173.6117	-1259.5636
366	366	-1492.0006	-1494.764	-1403.8632	-2.7634337	-1488.5698	-1376.4059	-1487.6558
367	367	-1551.8283	-1554.3428	-1471.1896	-2.5145965	-1548.4573	-1446.8149	-1514.3055
368	368	-1460.3977	-1462.9693	-1439.197	-2.5715255	-1456.9546	-1412.2179	-1455.9666
369	369	-1963.1376	-1965.7382	-1915.6091	-2.6005514	-1959.9598	-1887.3941	-1958.0525
370	370	-1578.5644	-1581.311	-1522.9378	-2.7465547	-1575.1979	-1495.4611	-1574.1977
371	371	-1381.8929	-1384.6583	-1323.9063	-2.7653525	-1378.4346	-1298.695	-1378.8524
372	372	-1524.4126	-1527.1699	-1460.9085	-2.757285	-1520.9863	-1435.7888	-1521.4039
373	373	-1325.297	-1330.3673	-1214.9336	-5.0702279	-1287.1824	-1188.6022	-1323.8364
374	374	-1305.897	-1308.7053	-1256.6224	-2.808336	-1302.3862	-1233.9342	-1302.8037
375	375	-1282.2744	-1285.0338	-1172.2643	-2.7594291	-1278.7498	-1146.9023	-1279.1672
376	376	-1337.2731	-1339.8848	-1303.7128	-2.6116814	-1333.7578	-1274.0227	-1330.344
377	377	-1180.1942	-1182.9387	-1173.584	-2.7444953	-1176.6021	-1147.2551	-1176.0314
378	378	-1309.6782	-1312.1809	-1274.4537	-2.5027678	-1306.1197	-1244.6249	-1304.4528
379	379	-959.70372	-962.44109	-902.98631	-2.7373766	-955.95642	-879.71576	-956.37388
380	380	-1292.0098	-1294.7344	-1196.7613	-2.7246119	-1288.472	-1171.383	-1288.89
381	381	-1154.7564	-1176.0034	-1018.1136	-21.247038	-1118.7723	-992.51027	-1119.2772
382	382	-1196.1585	-1198.9041	-1145.687	-2.7456115	-1192.571	-1117.8269	-1191.4767
383	383	-1252.2279	-1254.9288	-1116.8694	-2.7008537	-1216.7606	-1091.4349	-1217.1793
384	384	-1501.6609	-1504.3954	-1450.7944	-2.7344694	-1498.2323	-1426.0842	-1498.65
385	385	-1493.7554	-1496.5088	-1404.555	-2.7534151	-1490.344	-1379.7853	-1490.7619
386	386	-1570.2704	-1572.7748	-1566.942	-2.5044121	-1566.9298	-1543.8412	-1565.5771
387	387	-1564.7724	-1567.4994	-1477.8574	-2.7269622	-1561.3799	-1452.8064	-1561.798
388	388	-993.44866	-996.17494	-879.75372	-2.7262822	-989.68698	-852.15673	-989.0227
389	389	-1726.2834	-1729.0172	-1716.1399	-2.733738	-1722.9965	-1692.5436	-1723.418
390	390	-1555.6201	-1558.396	-1494.1081	-2.7758819	-1552.242	-1469.2632	-1552.6598
391	391	-1014.8169	-1017.5842	-887.30403	-2.7673352	-1011.0993	-859.82766	-1010.6525
392	392	-1379.2427	-1381.9944	-1340.6892	-2.7517807	-1375.7537	-1314.5355	-1376.1714
393	393	-1288.8165	-1291.5087	-1238.8189	-2.6922236	-1285.2693	-1211.5087	-1285.6869
394	394	-1111.7743	-1114.5218	-1077.1487	-2.7474507	-1108.1585	-1053.2983	-1108.576
395	395	-1332.4994	-1335.2625	-1292.01	-2.7631056	-1328.9899	-1266.7071	-1329.4088
396	396	-1163.4713	-1165.8599	-1164.7564	-2.3885887	-1159.9033	-1137.7375	-1156.3692
397	397	-1186.8851	-1189.6435	-1099.9406	-2.7584068	-1183.3191	-1074.4397	-1183.7365
398	398	-1508.6327	-1511.3864	-1489.1446	-2.7537748	-1505.2522	-1463.5847	-1505.6702
399	399	-1301.2892	-1304.0277	-1200.017	-2.7385652	-1297.7754	-1174.6826	-1298.1931
400	400	-1616.4622	-1619.2004	-1545.9005	-2.7382159	-1613.0787	-1520.6464	-1613.4965
401	401	-1243.8085	-1246.585	-1210.6452	-2.776517	-1240.3062	-1183.2927	-1239.6909
402	402	-796.82158	-799.55586	-783.88196	-2.7342859	-792.88188	-762.82091	-793.2994
403	403	-1722.1915	-1724.7672	-1700.1165	-2.5756532	-1718.9385	-1672.3315	-1717.671
404	404	-1047.6881	-1050.4538	-879.89428	-2.7656531	-1044.003	-853.96523	-1044.4205
405	405	-1393.6719	-1396.4149	-1329.8486	-2.7429956	-1390.1994	-1303.735	-1389.9829
406	406	-1363.163	-1365.9237	-1237.2642	-2.7607079	-1359.6616	-1211.9669	-1360.0791
407	407	-1236.7169	-1239.2056	-1212.7608	-2.4887543	-1233.1448	-1186.1325	-1231.9273
408	408	-2400.7505	-2401.0909	-2352.6062	-0.34040592	-2358.9824	-2323.469	-2355.8527
409	409	-1649.9377	-1652.7086	-1583.2417	-2.7709144	-1646.6373	-1558.2533	-1647.0547
410	410	-1516.3764	-1519.1156	-1489.8566	-2.7392314	-1512.9677	-1465.1573	-1513.1825
411	411	-1340.8941	-1338.6068	-1277.2797	2.2873403	-1312.5082	-1250.5999	-1332.1212
412	412	-1109.3305	-1112.0726	-972.40723	-2.7421047	-1105.6862	-946.6819	-1106.1049
413	413	-1961.111	-1963.8507	-1917.1497	-2.7397543	-1957.9548	-1892.5448	-1958.1186
414	414	-1372.2927	-1375.2988	-1233.548	-3.0061226	-1335.6504	-1208.2879	-1336.0783
415	415	-2090.9758	-2093.7427	-2086.1517	-2.7668856	-2087.8742	-2062.5283	-2088.0905
416	416	-1715.7837	-1718.2952	-1592.0382	-2.5114936	-1712.4635	-1563.5161	-1709.9687
417	417	-1652.006	-1648.4613	-1562.3915	3.5447347	-1608.8535	-1537.4304	-1609.2777
418	418	-1715.8219	-1718.4047	-1676.0676	-2.5827857	-1712.5036	-1649.5351	-1711.7388
419	419	-1431.8384	-1434.3274	-1313.3335	-2.4890688	-1396.0683	-1288.1331	-1396.4878
420	420	-1334.3438	-1337.1296	-1211.4459	-2.7858246	-1330.8541	-1185.1957	-1330.746
421	421	-1175.6216	-1178.3337	-1025.6672	-2.7121101	-1139.9424	-1000.1113	-1140.3631
422	422	-1940.2108	-1942.943	-1944.2754	-2.7322443	-1935.9808	-1922.6721	-1936.1858
423	423	-1233.6534	-1236.3703	-1170.88	-2.7168467	-1230.0701	-1140.866	-1229.3714
424	424	-1460.2933	-1463.0537	-1414.079	-2.760366	-1456.8102	-1384.9553	-1455.9919
425	425	-1464.7015	-1467.4441	-1456.2338	-2.7425476	-1461.2505	-1433.8983	-1461.6332
426	426	-1547.0541	-1549.811	-1483.1267	-2.7569261	-1543.683	-1456.963	-1543.8926
427	427	-1807.5312	-1810.2803	-1784.0842	-2.7491716	-1804.2999	-1755.341	-1804.1412
428	428	-1877.7267	-1880.4737	-1789.8193	-2.7470195	-1874.5313	-1763.9077	-1873.9725
429	429	-1530.4813	-1533.2343	-1491.698	-2.7529464	-1527.124	-1466.2482	-1527.5415
430	430	-1362.2666	-1364.804	-1238.707	-2.5374101	-1324.1318	-1213.4337	-1324.5495
431	431	-1648.4004	-1650.9897	-1589.0787	-2.5892498	-1645.0594	-1562.8501	-1644.266
432	432	-1305.5404	-1308.3002	-1222.9422	-2.7597941	-1302.0196	-1197.5753	-1302.4384
433	433	-1338.8284	-1341.6159	-1293.2751	-2.7875608	-1335.3399	-1266.0631	-1335.42
434	434	-1411.2008	-1413.9633	-1347.7871	-2.7625435	-1407.7552	-1323.945	-1408.1731
435	435	-1505.4743	-1508.0811	-1478.4909	-2.6067353	-1502.0657	-1448.6817	-1500.7313
436	436	-1514.3926	-1517.4356	-1408.4169	-3.0430125	-1478.4077	-1383.3845	-1478.827
437	437	-1290.4741	-1293.2339	-1240.965	-2.7598295	-1286.9317	-1215.6034	-1287.3495
438	438	-1324.9946	-1327.7232	-1272.6993	-2.7286119	-1321.4407	-1245.3589	-1321.2347
439	439	-1112.9708	-1115.6908	-1018.3499	-2.7199721	-1109.3202	-992.71905	-1109.7384
440	440	-1297.9758	-1300.5062	-1266.9049	-2.5303998	-1294.4233	-1240.8922	-1292.8508
441	441	-1592.5234	-1591.3851	-1527.1405	1.138312	-1556.7748	-1501.8749	-1585.5681
442	442	-1454.2667	-1456.3468	-1329.3785	-2.0801601	-1415.1401	-1303.7439	-1414.7427
443	443	-1387.4954	-1390.0198	-1288.0167	-2.5244074	-1351.7325	-1262.7817	-1352.1502
444	444	-1388.36	-1391.1111	-1351.7046	-2.7511343	-1384.8797	-1321.2692	-1385.2971
445	445	-1624.8044	-1627.2978	-1468.0909	-2.4933921	-1586.7023	-1443.1536	-1587.1624
446	446	-1271.7616	-1274.4932	-1193.9911	-2.7315316	-1268.2056	-1168.105	-1268.6232
447	447	-1344.4458	-1347.1961	-1303.6899	-2.7503267	-1340.9184	-1277.6468	-1341.3366
448	448	-1787.7967	-1790.5041	-1703.4033	-2.7073575	-1750.7843	-1677.5227	-1750.9865
449	449	-931.48102	-934.21458	-843.70584	-2.7335667	-927.66483	-817.70661	-928.08286
450	450	-1351.8419	-1354.6448	-1311.5045	-2.8029542	-1348.3571	-1286.1621	-1348.667
451	451	-1412.3797	-1415.6877	-1314.0999	-3.3080552	-1408.9176	-1288.9325	-1387.365
452	452	-1250.0775	-1252.8452	-1160.3999	-2.7676867	-1246.5488	-1135.0077	-1246.9665
453	453	-1256.6193	-1259.3822	-1152.505	-2.7629361	-1253.0771	-1127.0774	-1253.4953
454	454	-1702.7021	-1705.4644	-1693.5845	-2.7623389	-1699.3944	-1668.1103	-1698.4811
455	455	-1575.4	-1578.1523	-1525.4648	-2.7522492	-1572.0423	-1499.3899	-1571.9614
456	456	-1229.2338	-1231.9807	-1138.3551	-2.7469256	-1225.6676	-1112.9125	-1226.085
457	457	-1965.7785	-1968.5183	-1968.5749	-2.7397457	-1962.6221	-1945.646	-1963.0401
458	458	-1920.5835	-1923.3179	-1884.9424	-2.7343283	-1917.3881	-1859.7083	-1893.8865
459	459	-1248.3004	-1251.019	-1194.4701	-2.7186046	-1244.7358	-1168.0883	-1244.5514
460	460	-1458.2823	-1464.2202	-1372.9312	-5.9379686	-1428.8218	-1347.7197	-1429.2639
461	461	-1126.8971	-1151.5484	-979.69805	-24.651327	-1092.0112	-953.97649	-1092.4333
462	462	-987.23731	-989.96297	-833.52047	-2.7256637	-983.48018	-807.51267	-983.89767
463	463	-1577.1032	-1578.4812	-1464.389	-1.3779115	-1540.9139	-1438.0108	-1538.8868
464	464	-979.34371	-982.10412	-930.35182	-2.7604102	-975.60244	-904.26184	-976.01984
465	465	-1566.239	-1568.8559	-1426.9346	-2.6168788	-1529.6706	-1401.875	-1530.1203
466	466	-1843.8329	-1846.5796	-1838.5361	-2.7467156	-1840.5981	-1812.4254	-1841.0157
467	467	-1097.4866	-1100.1848	-982.54949	-2.6981272	-1093.8041	-956.89276	-1094.2215
468	468	-1461.2356	-1463.9847	-1437.7447	-2.7491059	-1457.7994	-1410.9487	-1457.5529
469	469	-1587.9704	-1590.6737	-1541.9126	-2.7033066	-1584.5747	-1516.8568	-1584.9929
470	470	-1038.3535	-1041.0968	-1011.1113	-2.7433151	-1034.6686	-985.14016	-1035.0866
471	471	-1602.074	-1604.785	-1550.1892	-2.7110307	-1598.7124	-1525.1704	-1599.1302
472	472	-1248.3997	-1251.1185	-1161.9342	-2.7187962	-1244.8322	-1135.5595	-1244.8084
473	473	-977.94318	-980.68641	-847.6181	-2.7432307	-974.18077	-820.07314	-973.8886
474	474	-1531.2776	-1534.005	-1455.1472	-2.7273802	-1527.8762	-1430.0807	-1528.2942
475	475	-1470.9706	-1473.7048	-1454.353	-2.7342246	-1467.5488	-1426.7959	-1467.9673
476	476	-2185.4474	-2189.3578	-2134.4021	-3.910456	-2144.6748	-2107.6285	-2144.7241
477	477	-1453.8802	-1456.6018	-1392.9988	-2.7216109	-1450.4189	-1366.8566	-1450.2719
478	478	-1242.4718	-1245.2079	-1144.598	-2.7361359	-1238.8817	-1119.1356	-1239.2991
479	479	-1436.3477	-1439.1146	-1340.4691	-2.7668555	-1432.8979	-1314.6924	-1433.3156
480	480	-1449.2379	-1451.9831	-1355.7129	-2.7451926	-1445.7904	-1330.569	-1446.2079
481	481	-1396.0516	-1398.6213	-1378.9916	-2.5697063	-1392.5247	-1351.0437	-1390.5307
482	482	-1108.0897	-1110.8399	-1035.2898	-2.7501583	-1104.4552	-1009.5314	-1104.8726
483	483	-1587.416	-1590.1288	-1591.5028	-2.7128035	-1584.031	-1574.8737	-1584.4496
484	484	-1508.0751	-1511.0705	-1409.1678	-2.9954678	-1471.1728	-1383.7351	-1471.0906
485	485	-1389.8354	-1392.5646	-1349.5772	-2.7292643	-1386.3209	-1325.8632	-1386.7383
486	486	-1012.9382	-1015.7015	-953.82153	-2.7632815	-1009.2336	-927.8257	-1009.6511
487	487	-1481.4591	-1485.1707	-1367.1636	-3.7115927	-1444.1776	-1342.0404	-1479.4083
488	488	-1353.4434	-1355.9647	-1306.0183	-2.5212568	-1349.917	-1279.3709	-1348.8373
489	489	-1513.4844	-1515.9638	-1435.3445	-2.4794384	-1510.0896	-1406.886	-1508.6338
490	490	-1118.2999	-1121.0347	-1048.2298	-2.7348022	-1114.6678	-1022.6212	-1115.0867
491	491	-1405.4081	-1408.1781	-1357.4459	-2.7700191	-1401.9267	-1329.1526	-1402.0804
492	492	-1557.8597	-1560.7472	-1439.9344	-2.8875559	-1521.7409	-1414.2734	-1521.285
493	493	-1519.7696	-1522.5106	-1454.4957	-2.7410383	-1516.363	-1428.1729	-1516.2093
494	494	-1405.4977	-1408.2176	-1396.7759	-2.7198886	-1402.0224	-1371.5569	-1402.1717
495	495	-1186.1334	-1188.8766	-1128.4645	-2.7431645	-1182.5326	-1102.9239	-1182.9505
496	496	-1379.6131	-1382.3586	-1356.2424	-2.7455301	-1376.1158	-1327.5742	-1376.1256
497	497	-1674.3811	-1676.8605	-1576.6276	-2.479354	-1638.69	-1551.3695	-1638.3713
498	498	-1605.4934	-1608.2388	-1560.0545	-2.7453987	-1602.1591	-1535.0137	-1602.2855
499	499	-1429.6522	-1432.0116	-1370.0495	-2.3594104	-1426.1857	-1343.8385	-1424.3517
