No.	ID	loglik_NUll	loglik_RES	loglik_all	log_ratio	loglik_Max1	loglik_Max2	loglik_Max3
0	0	-806.29167	-799.96324	-803.22539	6.3284279	-803.23709	-789.89828	-791.71656
1	1	-450.43449	-440.23588	-443.48181	10.198609	-446.96911	-431.46311	-431.46325
2	2	-511.043	-507.54481	-510.84521	3.4981907	-507.66768	-498.85738	-498.85729
3	3	-390.03397	-368.12001	-371.38942	21.913964	-386.40551	-359.15429	-359.15429
4	4	-818.02358	-815.20562	-821.61619	2.8179538	-815.00997	-805.97143	-806.04099
5	5	-868.24092	-869.31294	-871.99247	-1.0720206	-865.32472	-852.1845	-860.88714
6	6	-600.00553	-589.50942	-592.83705	10.49611	-596.70632	-580.66754	-580.65794
7	7	-786.89796	-789.92573	-791.14	-3.0277691	-783.8758	-777.89652	-781.74755
8	8	-540.69434	-535.4109	-538.70832	5.2834393	-537.29732	-525.62401	-526.4144
9	9	-816.93836	-808.15924	-811.46266	8.7791185	-813.94087	-798.14459	-800.05888
10	10	-485.41724	-476.55585	-479.55553	8.8613899	-481.99346	-466.64832	-467.05836
11	11	-497.48453	-498.25434	-501.04365	-0.76980785	-494.0397	-489.43752	-489.44382
12	12	-654.92497	-640.6354	-644.40288	14.289564	-651.72565	-631.59209	-631.58829
13	13	-625.35492	-628.09152	-629.58892	-2.7365977	-622.12661	-621.58473	-622.54556
14	14	-599.92439	-584.915	-588.17267	15.009395	-596.61299	-576.42587	-576.42583
15	15	-524.22988	-502.87114	-506.14246	21.358746	-520.8101	-493.8816	-493.82949
16	16	-568.56565	-568.42475	-571.48235	0.14089957	-565.2213	-559.33127	-559.79631
17	17	-575.12414	-564.06759	-567.36028	11.056552	-571.75951	-553.77983	-555.51265
18	18	-510.18645	-498.51294	-502.81845	11.673508	-506.81641	-489.96693	-489.93831
19	19	-827.32722	-822.14683	-825.12399	5.1803902	-824.33612	-809.25077	-812.56725
20	20	-407.70155	-392.68787	-395.93821	15.013677	-404.13785	-383.80689	-383.80722
21	21	-811.13926	-812.80653	-814.99281	-1.6672694	-808.14717	-802.98937	-804.06168
22	22	-455.26412	-418.72904	-422.55216	36.53508	-451.75122	-408.30161	-408.30075
23	23	-312.02087	-314.01496	-316.16208	-1.9940871	-308.16321	-305.10304	-305.10161
24	24	-528.08247	-515.70894	-518.83196	12.373533	-524.73808	-504.65414	-507.13199
25	25	-564.15072	-563.44171	-565.31166	0.7090031	-560.81929	-544.14813	-553.2229
26	26	-665.38019	-652.98247	-656.58981	12.397718	-662.15897	-643.5996	-643.73013
27	27	-510.92207	-500.36236	-503.61567	10.559708	-507.52792	-491.34463	-491.38317
28	28	-589.34183	-575.16964	-579.21258	14.172194	-586.04315	-565.48383	-565.48462
29	29	-746.89579	-745.58113	-748.88103	1.3146582	-743.82635	-737.25575	-737.28301
30	30	-655.31016	-650.3838	-653.95847	4.9263585	-652.10197	-637.98433	-641.11427
31	31	-602.73764	-584.40893	-587.64833	18.328705	-599.42341	-574.52437	-575.70125
32	32	-499.57936	-502.58762	-503.82516	-3.0082667	-496.16804	-494.96074	-494.95853
33	33	-508.28098	-502.48795	-505.77994	5.7930249	-504.8954	-493.07572	-493.07607
34	34	-623.02844	-619.20004	-623.23727	3.8283992	-619.78934	-610.06585	-610.04144
35	35	-710.78755	-713.52525	-715.02415	-2.7376995	-707.66293	-707.05065	-707.05628
36	36	-771.04747	-771.00655	-775.08946	0.040922967	-767.97798	-763.627	-763.54275
37	37	-478.18899	-478.49955	-481.69642	-0.3105528	-474.77985	-468.35016	-468.34873
38	38	-619.47019	-622.1927	-623.70841	-2.7225062	-616.22105	-615.4436	-615.43021
39	39	-466.79767	-459.93274	-463.24587	6.8649307	-463.32692	-450.633	-450.62743
40	40	-629.17108	-627.44349	-630.76667	1.7275985	-625.94289	-612.75034	-617.27574
41	41	-550.9897	-546.53314	-549.54514	4.4565591	-547.68022	-537.03268	-537.0236
42	42	-472.92152	-475.26457	-477.04474	-2.343057	-469.45697	-465.29596	-466.89788
43	43	-595.04722	-591.57922	-594.84248	3.4679999	-591.78287	-583.01864	-583.01814
44	44	-712.23239	-705.74445	-708.98815	6.4879478	-709.05148	-693.54972	-697.06766
45	45	-460.00653	-438.3193	-441.60532	21.687234	-456.50319	-428.10505	-429.58748
46	46	-739.88649	-735.37744	-738.39306	4.5090462	-735.9617	-726.3243	-726.1172
47	47	-474.08145	-476.81044	-478.34486	-2.728988	-470.63119	-470.41903	-471.04904
48	48	-723.84445	-722.23999	-725.51239	1.6044692	-720.75642	-713.83424	-713.88285
49	49	-925.85314	-928.61555	-930.09221	-2.7624051	-922.94576	-919.27802	-923.36452
50	50	-467.99626	-450.64018	-453.92572	17.356074	-464.56741	-441.94832	-441.94797
51	51	-662.77788	-657.78685	-661.32392	4.991034	-659.5852	-644.35594	-648.05091
52	52	-528.38354	-507.4567	-510.73768	20.926839	-525.02719	-498.95081	-498.95039
53	53	-493.79075	-489.61221	-492.41802	4.1785402	-490.34267	-477.48311	-480.81292
54	54	-701.74509	-691.78324	-695.04785	9.9618497	-698.60284	-679.45198	-683.45756
55	55	-568.92439	-556.63685	-560.73295	12.287537	-565.61714	-544.38534	-546.86792
56	56	-483.83042	-466.15859	-468.86407	17.671833	-480.38686	-453.22624	-457.46467
57	57	-451.52778	-441.18359	-444.50319	10.344185	-448.03597	-430.93403	-431.47079
58	58	-592.56397	-573.80583	-577.07592	18.758139	-587.36013	-565.09517	-565.07386
59	59	-570.69597	-568.01854	-571.33406	2.6774203	-567.36892	-558.15122	-559.43179
60	60	-831.77875	-834.80784	-836.01933	-3.0290816	-828.80153	-819.40138	-825.92063
61	61	-477.89017	-480.6425	-482.15552	-2.7523316	-474.47279	-473.25233	-474.08371
62	62	-482.24072	-484.98742	-486.51268	-2.7467002	-478.80134	-477.35867	-478.91883
63	63	-804.70172	-797.5753	-800.87895	7.1264186	-801.49445	-787.78741	-789.40473
64	64	-634.2592	-629.0207	-632.25785	5.2385009	-630.99841	-620.46649	-620.46693
65	65	-382.66147	-372.52016	-375.87139	10.141306	-378.99896	-361.32727	-362.60995
66	66	-439.23491	-417.32163	-420.59803	21.91328	-435.77372	-407.17664	-408.17475
67	67	-695.38925	-689.1344	-692.20016	6.2548539	-692.20978	-676.1113	-680.74129
68	68	-651.57637	-653.70207	-655.61585	-2.1257028	-648.38019	-642.68475	-644.887
69	69	-747.99428	-740.84732	-744.12389	7.146962	-744.88093	-726.74971	-732.56528
70	70	-759.3046	-761.81479	-763.55438	-2.5101978	-756.22822	-744.84706	-754.53955
71	71	-615.32707	-603.73142	-606.8455	11.595649	-612.03816	-592.40953	-595.25781
72	72	-354.76168	-332.74712	-336.04591	22.014566	-351.00467	-323.67842	-323.67863
73	73	-637.56436	-636.97496	-641.79273	0.58940461	-634.33612	-629.02921	-628.52907
74	74	-456.90139	-432.65587	-435.66308	24.245527	-453.40145	-422.55901	-422.47487
75	75	-454.55531	-423.22927	-426.50128	31.32604	-451.0432	-414.4714	-414.47193
76	76	-461.07707	-450.81253	-452.26611	10.264544	-457.55688	-430.46919	-440.00511
77	77	-404.06833	-400.88093	-404.16324	3.1873993	-400.46025	-391.38598	-391.86515
78	78	-616.50661	-619.22876	-620.76133	-2.7221488	-613.2671	-607.75325	-612.30525
79	79	-636.92787	-631.54342	-634.95889	5.3844519	-633.7139	-620.01766	-622.22558
80	80	-597.19379	-588.13356	-593.21612	9.0602302	-593.86102	-574.3871	-578.3507
81	81	-761.84651	-759.5938	-762.89342	2.2527112	-758.80993	-751.1842	-751.17389
82	82	-494.76375	-495.77584	-498.33002	-1.0120906	-491.38505	-485.30786	-486.16393
83	83	-400.45848	-381.77491	-385.08963	18.683569	-396.82421	-372.15541	-372.82784
84	84	-950.59394	-948.18294	-952.14309	2.4109976	-947.68443	-937.19012	-940.48084
85	85	-472.87069	-468.9811	-472.26827	3.88959	-469.4407	-460.20928	-460.20922
86	86	-473.3196	-435.19176	-438.45548	38.12784	-456.51988	-426.37256	-426.3749
87	87	-718.84007	-717.87281	-720.86527	0.96725853	-715.75	-708.05141	-708.05325
88	88	-386.08366	-369.57438	-372.83956	16.509281	-382.43157	-360.58272	-360.5878
89	89	-797.73415	-784.60161	-788.30754	13.132536	-784.21283	-773.71256	-777.71763
90	90	-635.69999	-626.296	-629.61222	9.4039886	-628.96227	-617.57455	-617.90465
91	91	-612.36428	-613.99915	-616.02896	-1.6348714	-609.12554	-600.09654	-606.20045
92	92	-777.71462	-767.31271	-770.3303	10.401911	-774.64793	-753.58456	-759.08794
93	93	-1002.2627	-1001.1232	-1004.5527	1.1394611	-990.71548	-988.7039	-987.80418
94	94	-412.87276	-405.15936	-409.21742	7.7133957	-409.2713	-394.73906	-394.73808
95	95	-709.92497	-704.37241	-707.65615	5.5525545	-706.8075	-695.74045	-696.01714
96	96	-700.66179	-689.57695	-695.21999	11.084846	-697.5127	-679.89927	-679.89961
97	97	-639.57348	-638.68179	-641.96968	0.89168436	-636.40571	-628.46579	-630.07449
98	98	-455.9097	-404.3298	-407.63181	51.579904	-439.50766	-395.58486	-395.58473
99	99	-644.35603	-637.36164	-640.64113	6.9943917	-641.16112	-626.92878	-628.54434
100	100	-873.10014	-867.29492	-870.30005	5.805219	-867.44488	-855.75639	-856.89541
101	101	-976.06371	-979.41207	-980.92066	-3.348358	-971.78956	-962.15028	-969.32562
102	102	-578.15425	-578.06282	-581.02327	0.091430517	-574.85947	-565.03101	-569.44471
103	103	-593.70425	-580.62074	-583.86707	13.083513	-590.41347	-571.78899	-571.7849
104	104	-578.17182	-563.31997	-566.59825	14.851849	-574.80732	-554.68668	-554.78345
105	105	-615.95402	-596.18051	-599.29172	19.773505	-612.64942	-585.2392	-587.71704
106	106	-491.78969	-482.00464	-485.84963	9.7850502	-488.33906	-464.50437	-470.95351
107	107	-618.75984	-604.48014	-607.7168	14.279699	-611.48881	-595.74845	-595.7379
108	108	-818.88824	-809.27577	-812.57104	9.6124744	-815.84583	-800.37741	-801.10755
109	109	-537.9716	-532.82415	-535.79269	5.147448	-534.58453	-520.3698	-524.21407
110	110	-761.67858	-761.15604	-761.57602	0.52253901	-758.65122	-741.08208	-752.39828
111	111	-496.46867	-480.02581	-483.32971	16.442862	-493.07381	-471.08406	-471.40999
112	112	-613.76292	-604.33505	-607.62193	9.4278665	-606.27309	-595.05982	-595.83354
113	113	-531.16771	-528.43739	-531.72417	2.7303234	-527.79843	-519.12279	-519.81219
114	114	-590.74602	-582.16272	-585.43122	8.5833001	-587.44471	-571.80211	-573.66142
115	115	-607.26632	-596.10149	-599.87269	11.164834	-603.97904	-585.61443	-585.96097
116	116	-587.12835	-582.83396	-586.08541	4.2943936	-583.81626	-570.11693	-574.21613
117	117	-393.20448	-389.33321	-392.63747	3.8712661	-389.60196	-380.35619	-380.3553
118	118	-857.57994	-858.28844	-860.92933	-0.708503	-854.6211	-848.0856	-849.7924
119	119	-650.76091	-634.20568	-637.48049	16.555229	-642.56175	-625.81272	-625.81302
120	120	-573.54631	-559.51293	-562.33738	14.033381	-570.25603	-547.01406	-551.03392
121	121	-755.75031	-758.62721	-760.0058	-2.8768997	-751.61079	-750.86427	-751.18174
122	122	-629.77193	-628.12101	-631.9822	1.6509204	-626.52898	-617.77256	-618.02124
123	123	-568.1034	-565.41902	-568.68937	2.6843823	-564.78439	-555.34368	-556.7985
124	124	-629.36863	-624.60273	-627.69049	4.7659044	-626.15498	-613.41825	-615.9561
125	125	-478.56841	-474.64614	-477.91947	3.9222713	-475.15156	-464.70452	-465.92466
126	126	-501.73553	-488.75357	-492.04777	12.981961	-498.34523	-479.73266	-480.14375
127	127	-734.58501	-733.46038	-736.04443	1.1246255	-731.47986	-719.5435	-723.03327
128	128	-803.58796	-805.16836	-807.56341	-1.5804007	-800.57484	-791.99402	-796.0811
129	129	-461.22389	-448.67984	-452.15065	12.54405	-457.76133	-440.12784	-440.12799
130	130	-433.82348	-413.7694	-417.23936	20.054083	-430.31329	-404.60892	-404.58847
131	131	-747.52942	-749.86581	-751.55315	-2.3363939	-744.47973	-739.76013	-740.09115
132	132	-417.04782	-405.14247	-408.49073	11.905352	-413.47284	-393.21747	-394.92404
133	133	-521.36398	-520.55738	-523.56751	0.80659453	-518.00781	-506.79468	-511.43437
134	134	-379.24759	-368.11732	-371.33732	11.130276	-375.52402	-359.0365	-359.03496
135	135	-521.65634	-502.63084	-506.11237	19.025505	-518.27609	-493.0088	-493.706
136	136	-497.9922	-494.10856	-497.4076	3.8836389	-494.60442	-485.42977	-485.43133
137	137	-843.89384	-846.91214	-847.87674	-3.0182985	-840.9313	-835.9698	-839.943
138	138	-712.16941	-710.34208	-713.64308	1.8273284	-709.04033	-701.36052	-701.6625
139	139	-895.34902	-896.29572	-898.70136	-0.94670046	-892.43491	-883.84274	-887.7858
140	140	-459.00572	-451.93839	-455.22808	7.0673256	-455.52906	-442.5207	-443.15739
141	141	-556.83065	-544.24192	-547.93678	12.588726	-553.50546	-534.19227	-534.16165
142	142	-732.9013	-735.94573	-737.1602	-3.044423	-729.81972	-724.84103	-726.60238
143	143	-475.97832	-466.27439	-472.26382	9.7039344	-472.53554	-455.82828	-456.40921
144	144	-528.36446	-529.77242	-531.99245	-1.4079593	-524.99941	-519.16391	-519.96199
145	145	-658.94927	-645.84805	-649.12941	13.101213	-655.74707	-637.33607	-637.33692
146	146	-409.88019	-397.92807	-401.17192	11.95212	-406.29194	-388.8641	-389.00547
147	147	-602.84373	-589.77078	-593.04815	13.072953	-594.90455	-579.43295	-580.96024
148	148	-606.23553	-605.01585	-608.02285	1.2196839	-602.96425	-595.8559	-595.7781
149	149	-561.29986	-546.42342	-551.33496	14.876438	-557.94993	-536.05542	-536.04008
150	150	-592.46114	-578.2836	-581.71375	14.177541	-589.12067	-568.39976	-569.033
151	151	-750.34933	-753.07296	-754.63351	-2.7236275	-747.26833	-743.18021	-746.70435
152	152	-414.99888	-408.82479	-412.1106	6.1740859	-411.43111	-399.92018	-399.92097
153	153	-440.46003	-438.13394	-440.80032	2.3260924	-436.9699	-424.0603	-427.2486
154	154	-392.8475	-394.66609	-396.73252	-1.8185926	-389.23583	-385.35243	-385.3539
155	155	-606.65165	-609.72024	-610.898	-3.0685885	-603.40036	-599.42097	-599.27082
156	156	-530.90974	-528.04897	-531.0573	2.8607655	-527.54391	-518.0176	-517.96815
157	157	-757.40027	-754.73859	-757.75572	2.6616767	-754.32526	-742.14153	-746.14729
158	158	-311.50826	-287.55353	-290.80611	23.95473	-307.70868	-278.32927	-278.33012
159	159	-433.81579	-416.89626	-420.45119	16.919524	-430.30282	-407.48687	-407.43725
160	160	-686.86318	-676.46935	-679.7593	10.393821	-683.70247	-667.06607	-668.1224
161	161	-566.61452	-558.18625	-561.44522	8.4282647	-563.3203	-549.6576	-549.65639
162	162	-795.61933	-785.33291	-788.36107	10.286421	-792.57798	-772.944	-777.17431
163	163	-506.7983	-509.53949	-511.03844	-2.7411972	-503.40862	-503.21118	-503.21782
164	164	-621.89689	-622.35763	-625.41707	-0.46073308	-618.64255	-611.3919	-612.59407
165	165	-424.54377	-416.09252	-419.39241	8.4512435	-420.98572	-407.212	-407.21118
166	166	-391.22443	-378.24654	-381.57642	12.97789	-387.55984	-369.29634	-369.29605
167	167	-817.50758	-813.98662	-817.39697	3.5209595	-814.54234	-804.36522	-804.85935
168	168	-584.76653	-575.1909	-580.1955	9.5756338	-580.10724	-564.22731	-564.79176
169	169	-563.21921	-553.35193	-556.24942	9.8672734	-559.85538	-539.28446	-544.25667
170	170	-628.02297	-627.47457	-630.45274	0.54840268	-624.81732	-615.38847	-617.67338
171	171	-628.64707	-629.6198	-632.31212	-0.97273086	-617.69834	-617.02145	-621.06844
172	172	-498.11426	-486.70226	-489.99525	11.411992	-494.68028	-478.02487	-478.02433
173	173	-549.45146	-528.99638	-532.25443	20.455088	-542.71419	-520.4527	-520.45275
174	174	-622.43834	-610.76831	-614.0501	11.670029	-619.21742	-602.34311	-602.34363
175	175	-654.40456	-657.15367	-658.66204	-2.7491058	-651.21743	-650.6434	-650.61905
176	176	-514.79309	-488.9828	-493.20816	25.810286	-506.64755	-479.30981	-479.33671
177	177	-575.80137	-578.20933	-580.03463	-2.4079654	-572.48112	-570.78488	-570.74448
178	178	-488.21303	-484.60402	-487.90109	3.6090037	-484.81881	-475.07207	-475.93376
179	179	-604.41755	-607.01736	-608.65634	-2.5998114	-601.16392	-596.16399	-599.30893
180	180	-516.84581	-509.29387	-512.75759	7.5519374	-513.49839	-495.5461	-500.22184
181	181	-524.3073	-520.65908	-524.5355	3.6482176	-520.95123	-508.70967	-510.12235
182	182	-551.08596	-543.34491	-546.6093	7.7410464	-547.68087	-533.97372	-534.0971
183	183	-792.89561	-790.04079	-789.03299	2.8548179	-789.86954	-767.94244	-780.32924
184	184	-696.99688	-695.00623	-698.29102	1.9906497	-693.88593	-685.1165	-686.66103
185	185	-631.90916	-634.64819	-636.14769	-2.7390361	-628.69883	-626.83696	-627.85881
186	186	-551.13845	-533.13973	-536.41815	17.998723	-547.77827	-523.21378	-524.61442
187	187	-741.27257	-723.9044	-727.18423	17.368167	-728.57848	-715.73071	-715.73266
188	188	-454.70081	-438.66377	-442.25038	16.03704	-451.21468	-429.32619	-429.32758
189	189	-567.25813	-569.20241	-571.09289	-1.9442859	-563.91134	-557.03875	-560.63273
190	190	-957.50685	-949.36881	-952.63959	8.138043	-939.76947	-937.90004	-939.6784
191	191	-451.79936	-441.97814	-446.93238	9.8212186	-448.27985	-428.83589	-429.60819
192	192	-701.0108	-680.03342	-684.16346	20.977374	-697.83184	-668.8941	-668.88898
193	193	-547.69345	-550.45542	-551.9593	-2.761963	-544.37995	-544.74689	-544.6942
194	194	-458.37242	-446.48876	-449.78906	11.883668	-454.96192	-437.84643	-437.84592
195	195	-540.97554	-530.73123	-534.00405	10.244305	-537.64389	-521.89732	-521.89924
196	196	-405.67724	-393.97536	-396.87707	11.701874	-402.08466	-380.78996	-384.26155
197	197	-572.34031	-563.43337	-566.72033	8.9069473	-569.01079	-554.92122	-554.92131
198	198	-651.45737	-649.93673	-653.30254	1.5206424	-648.2491	-635.76101	-642.22212
199	199	-475.53874	-463.14314	-466.40638	12.395601	-472.09809	-454.41411	-454.41652
200	200	-554.3652	-542.59768	-545.86369	11.767526	-551.03101	-533.93082	-533.92862
201	201	-741.84367	-735.07412	-738.21761	6.7695495	-738.78209	-724.49881	-726.85793
202	202	-562.0199	-554.73375	-557.72873	7.286151	-558.66026	-543.17867	-543.56846
203	203	-580.63273	-583.39207	-584.88433	-2.759341	-577.36064	-577.7097	-577.26865
204	204	-677.72032	-675.4568	-678.71175	2.2635258	-674.59796	-666.73478	-666.73651
205	205	-495.79584	-491.7412	-494.96302	4.0546393	-492.38844	-480.89739	-480.86093
206	206	-490.10319	-486.33182	-489.30175	3.7713769	-486.65734	-475.23532	-475.79897
207	207	-902.05321	-899.82546	-904.30193	2.227745	-896.87846	-888.56631	-889.91479
208	208	-589.23097	-591.82545	-593.47327	-2.5944854	-585.97852	-581.87121	-585.15133
209	209	-566.18169	-556.75601	-560.22658	9.4256842	-562.84146	-546.84222	-546.84053
210	210	-512.10216	-505.52408	-508.78723	6.5780758	-508.65674	-496.52369	-496.75957
211	211	-256.96188	-250.9325	-254.18959	6.0293803	-252.95805	-241.43515	-241.43768
212	212	-413.17584	-415.60908	-417.42233	-2.4332431	-409.61931	-407.43633	-408.17327
213	213	-724.47514	-712.63032	-715.88003	11.844819	-721.35708	-702.88427	-704.32995
214	214	-536.41922	-539.03383	-540.78135	-2.6146175	-533.20482	-526.77069	-531.0816
215	215	-724.30887	-717.19834	-720.47195	7.1105269	-716.86001	-708.58311	-708.99849
216	216	-418.66829	-421.15661	-422.92001	-2.4883199	-415.08325	-413.01672	-413.69079
217	217	-419.59187	-408.10956	-411.12668	11.482315	-416.01164	-398.17387	-398.15482
218	218	-713.90965	-703.03151	-708.29764	10.878145	-710.78604	-693.7305	-693.73445
219	219	-385.39177	-383.74676	-386.34942	1.6450179	-381.68142	-370.77341	-374.6669
220	220	-724.59217	-726.67674	-728.48623	-2.0845726	-721.46959	-716.82125	-716.77863
221	221	-461.24544	-454.17754	-457.42184	7.0679057	-457.79542	-445.38675	-445.38819
222	222	-786.14374	-786.32969	-790.38946	-0.18594863	-783.119	-775.91039	-778.92471
223	223	-449.49851	-432.93214	-436.37842	16.566371	-445.99836	-423.76439	-423.73327
224	224	-513.5028	-482.81049	-486.07309	30.69231	-510.12706	-474.23746	-474.23673
225	225	-705.31817	-705.52904	-709.28326	-0.21086969	-702.21483	-690.23778	-696.09849
226	226	-811.93935	-809.73174	-813.27745	2.2076052	-808.93144	-799.92514	-800.19559
227	227	-362.3101	-359.83707	-363.51748	2.4730328	-358.60574	-346.20585	-349.01042
228	228	-522.8996	-517.22481	-520.23426	5.6747935	-519.50103	-506.07004	-505.55174
229	229	-563.0498	-556.21926	-559.14968	6.8305413	-559.68229	-543.6926	-547.64356
230	230	-453.66509	-453.17567	-456.7787	0.48942044	-450.17263	-443.23473	-443.22927
231	231	-644.94349	-645.71189	-648.60583	-0.76840054	-641.71978	-636.76082	-637.11412
232	232	-449.70162	-442.34156	-445.58748	7.3600547	-446.22989	-433.52999	-433.53057
233	233	-507.15091	-498.53703	-501.81894	8.613873	-503.75317	-488.67666	-489.12337
234	234	-632.96877	-629.97853	-631.13226	2.9902439	-629.72781	-614.59387	-621.41707
235	235	-465.31626	-434.27808	-437.51694	31.038177	-457.94424	-425.53545	-425.53564
236	236	-707.54407	-699.72221	-702.9922	7.8218552	-704.39443	-691.37212	-691.37634
237	237	-636.36515	-628.70578	-631.72484	7.6593644	-633.09616	-616.21714	-620.18641
238	238	-348.05881	-350.79042	-352.30549	-2.7316091	-344.34996	-343.64765	-344.76798
239	239	-529.56087	-519.62508	-522.89435	9.9357938	-522.07026	-511.02609	-511.02626
240	240	-754.44973	-756.96755	-758.98384	-2.5178181	-751.40585	-737.05449	-746.94236
241	241	-358.53078	-338.25014	-341.52573	20.280645	-354.8519	-329.22042	-329.22056
242	242	-612.18271	-599.66256	-602.95502	12.520149	-608.91682	-591.19009	-591.1916
243	243	-406.89739	-400.93814	-403.96568	5.9592534	-403.32671	-388.28876	-392.00656
244	244	-661.01134	-660.36605	-663.74209	0.64529449	-657.83138	-647.625	-649.64924
245	245	-568.64693	-557.71599	-561.05396	10.930942	-565.36644	-549.23233	-549.23227
246	246	-639.4782	-642.48291	-643.69439	-3.0047117	-636.25657	-634.32681	-634.72006
247	247	-423.69081	-425.57672	-427.711	-1.8859167	-420.16298	-416.77986	-416.7785
248	248	-437.54537	-426.68663	-429.91207	10.858743	-434.0089	-415.53102	-416.75278
249	249	-965.39511	-967.05758	-969.41515	-1.6624705	-959.34224	-950.65754	-957.47601
250	250	-573.37838	-564.01547	-567.27254	9.3629052	-562.0293	-555.30763	-555.27348
251	251	-732.86772	-735.62843	-737.1214	-2.7607091	-729.80656	-728.78414	-729.23062
252	252	-671.49369	-665.50193	-668.76028	5.9917578	-665.49552	-656.81423	-657.12272
253	253	-519.81318	-508.70231	-512.00034	11.110868	-516.41832	-500.06261	-500.06248
254	254	-643.20487	-638.43946	-641.45311	4.7654066	-639.99876	-629.49167	-629.60018
255	255	-690.95479	-690.97291	-693.51207	-0.018119726	-687.78453	-681.42417	-681.8234
256	256	-643.21245	-644.3403	-646.83697	-1.1278509	-639.98932	-634.14482	-635.53565
257	257	-414.18863	-405.37422	-408.64065	8.8144054	-410.61128	-395.3025	-396.45925
258	258	-504.80721	-500.97496	-504.29651	3.832252	-501.41149	-492.2696	-492.26881
259	259	-445.08608	-437.37278	-440.67051	7.7132916	-441.60643	-427.09316	-428.57001
260	260	-585.61245	-573.9857	-577.686	11.626749	-582.31753	-564.60112	-564.60125
261	261	-553.78308	-551.58597	-554.89517	2.1971115	-550.46099	-542.99107	-542.99429
262	262	-502.95036	-501.93873	-504.81311	1.0116219	-499.57334	-489.86522	-492.41014
263	263	-480.72883	-473.96872	-477.26972	6.760112	-477.26322	-465.23238	-465.23361
264	264	-456.91452	-425.44211	-428.71372	31.472412	-453.41403	-416.66669	-416.66572
265	265	-604.60641	-594.83964	-600.482	9.7667728	-601.30917	-580.80138	-588.56814
266	266	-704.35343	-698.45815	-701.74302	5.8952807	-701.21248	-687.7862	-690.09629
267	267	-534.48379	-520.02651	-524.48006	14.457283	-531.12102	-512.77237	-512.82185
268	268	-645.91127	-645.84792	-648.71015	0.063351346	-642.69809	-635.41972	-637.62217
269	269	-537.29877	-511.9095	-515.21599	25.38927	-533.94386	-502.05527	-503.44168
270	270	-418.72335	-415.51438	-418.78753	3.2089642	-415.19933	-404.36187	-406.65284
271	271	-828.05518	-821.48631	-824.75062	6.5688706	-824.98103	-812.60023	-813.32168
272	272	-513.20894	-488.6335	-491.57308	24.575439	-506.4673	-476.48097	-479.54818
273	273	-590.34731	-588.85456	-591.90119	1.4927466	-587.01539	-579.74859	-579.74096
274	274	-551.42209	-544.25184	-547.52514	7.1702501	-548.09031	-535.70885	-535.70944
275	275	-456.90259	-458.71235	-460.9808	-1.8097557	-453.43385	-446.54446	-448.45072
276	276	-532.29869	-521.63002	-526.6822	10.66867	-528.87805	-511.64802	-511.6462
277	277	-519.71747	-521.10976	-523.53465	-1.3922885	-516.32621	-510.91955	-512.35599
278	278	-892.13535	-893.89143	-896.17697	-1.756081	-889.22087	-885.51196	-886.0362
279	279	-597.8748	-582.84898	-586.16474	15.025819	-584.72058	-574.07224	-574.43966
280	280	-816.57552	-819.2988	-820.79476	-2.7232781	-813.59533	-809.3034	-814.01282
281	281	-682.34167	-685.08801	-686.5993	-2.7463325	-679.15018	-678.32177	-678.24184
282	282	-890.7045	-877.51931	-881.14742	13.185191	-875.11248	-868.20787	-868.0733
283	283	-460.52101	-462.52043	-464.76161	-1.9994128	-457.11244	-451.47067	-452.78388
284	284	-452.60282	-450.43681	-453.70313	2.1660182	-449.14612	-435.0013	-441.61861
285	285	-603.72175	-593.64043	-596.97174	10.081322	-600.45437	-583.57506	-585.21805
286	286	-531.79174	-534.30417	-536.00992	-2.5124282	-528.43323	-527.35722	-527.34682
287	287	-546.47648	-541.65334	-544.88589	4.8231461	-543.13275	-532.69037	-532.69587
288	288	-907.96164	-904.35622	-907.19188	3.60542	-902.13839	-895.27076	-895.83266
289	289	-443.26779	-424.4321	-427.71416	18.835683	-439.77026	-415.65806	-415.65666
290	290	-988.41679	-988.44614	-989.95131	-0.029352961	-985.55407	-973.55931	-980.36871
291	291	-725.77919	-726.15522	-729.10269	-0.37602685	-722.69422	-715.95768	-717.81857
292	292	-819.4996	-796.24329	-799.54258	23.256308	-802.74468	-787.52439	-788.22904
293	293	-598.1648	-596.23763	-599.30618	1.9271691	-594.88836	-581.81078	-587.73025
294	294	-508.66676	-480.55994	-483.90021	28.106825	-501.41105	-471.97572	-471.97637
295	295	-926.74751	-929.75756	-930.97946	-3.0100439	-923.84488	-918.77379	-920.65844
296	296	-470.54863	-467.31168	-473.92817	3.2369419	-467.06603	-456.81418	-457.89866
297	297	-619.28787	-602.64739	-605.96345	16.640482	-611.66817	-594.22906	-594.22975
298	298	-864.29271	-867.03448	-868.55701	-2.7417652	-861.33523	-853.93993	-859.90237
299	299	-897.27033	-891.93814	-895.31126	5.3321892	-894.34649	-882.3035	-882.94909
300	300	-789.82364	-792.69178	-794.17311	-2.8681403	-786.90346	-786.7014	-786.80483
301	301	-700.3401	-702.33223	-704.48159	-1.9921267	-697.2002	-687.24444	-693.60111
302	302	-706.1311	-705.7553	-709.65366	0.37579826	-702.9951	-693.68795	-695.99817
303	303	-637.92374	-630.94236	-634.17759	6.9813806	-631.3809	-617.93941	-620.8722
304	304	-480.46777	-483.23742	-484.57276	-2.7696483	-477.07149	-474.03542	-477.16762
305	305	-591.31772	-577.12844	-581.16665	14.189277	-588.01403	-566.97471	-567.42385
306	306	-607.08837	-597.02128	-600.29983	10.067091	-603.83578	-588.57055	-588.57061
307	307	-430.87456	-408.64597	-411.62138	22.228586	-427.34037	-397.31983	-398.54675
308	308	-723.64303	-707.58991	-709.67718	16.053126	-720.52551	-692.81264	-698.3056
309	309	-587.99185	-590.03675	-592.03956	-2.0448989	-584.7106	-573.60056	-581.62159
310	310	-356.41866	-350.77033	-357.6024	5.6483297	-352.73039	-340.46066	-340.47208
311	311	-516.18577	-514.39437	-518.21089	1.7914062	-512.76835	-499.88679	-504.12086
312	312	-385.98744	-378.71888	-382.01352	7.2685645	-382.30693	-369.43069	-369.6906
313	313	-675.55037	-665.04052	-668.32279	10.509847	-672.36677	-652.83973	-656.66848
314	314	-425.33709	-405.26393	-408.52953	20.073158	-421.77715	-396.41652	-396.4166
315	315	-299.31304	-272.86837	-276.15855	26.444662	-295.395	-263.47616	-263.47792
316	316	-437.62538	-440.35307	-441.86882	-2.7276891	-434.13903	-434.55653	-434.55655
317	317	-794.29458	-796.59121	-798.84856	-2.2966333	-791.28675	-781.28032	-787.67653
318	318	-495.08979	-495.77117	-498.85366	-0.68137691	-491.68152	-485.62597	-485.62368
319	319	-867.64243	-853.67824	-856.74634	13.964189	-857.82071	-844.32793	-844.33387
320	320	-492.35491	-450.29213	-453.58744	42.062784	-485.56744	-441.23561	-441.71142
321	321	-448.32917	-419.92776	-423.19653	28.401416	-436.36028	-411.21513	-411.21559
322	322	-589.31874	-591.65922	-593.52829	-2.3404827	-585.98499	-581.55922	-583.27934
323	323	-647.87694	-650.6403	-652.12	-2.7633602	-644.66659	-641.06965	-643.80332
324	324	-706.33984	-708.36203	-710.23634	-2.0221852	-703.26173	-696.10645	-699.47158
325	325	-759.08927	-762.16193	-762.99041	-3.0726634	-756.0173	-750.54554	-753.76053
326	326	-671.5246	-671.08662	-673.77609	0.43798216	-668.35294	-657.04245	-662.36928
327	327	-453.00226	-445.39077	-448.67976	7.6114954	-449.50055	-435.92817	-435.9211
328	328	-513.26728	-514.48367	-517.29237	-1.2163915	-509.89809	-503.5185	-504.15913
329	329	-649.325	-647.64409	-651.6927	1.6809018	-646.12272	-637.86962	-638.52614
330	330	-513.4281	-516.06701	-517.682	-2.6389087	-510.01991	-506.48901	-506.46884
331	331	-602.5459	-596.51142	-599.57466	6.0344819	-599.23947	-584.58004	-587.84155
332	332	-623.38878	-621.87286	-624.45764	1.5159193	-620.13576	-605.20804	-613.33863
333	333	-614.72955	-589.03058	-592.34518	25.698965	-611.44355	-576.39503	-579.25993
334	334	-385.22518	-384.15713	-387.45767	1.0680505	-381.63699	-373.64508	-375.15866
335	335	-667.96105	-661.9773	-665.27169	5.9837518	-664.79268	-653.13623	-653.5905
336	336	-541.26373	-517.2158	-520.51415	24.047936	-537.87026	-508.71755	-508.71732
337	337	-737.33567	-730.77799	-732.96993	6.5576867	-734.27706	-717.82346	-722.44361
338	338	-554.48412	-540.45466	-543.7629	14.029461	-551.14762	-531.95131	-531.9501
339	339	-1051.9173	-1054.9873	-1056.1348	-3.0699212	-1049.0984	-1045.7554	-1048.5069
340	340	-589.69489	-588.19743	-591.46782	1.4974544	-586.43047	-578.7546	-579.63406
341	341	-732.08593	-718.73283	-722.06445	13.353105	-728.97241	-710.51284	-710.51248
342	342	-498.09691	-496.8999	-500.19299	1.197013	-494.68311	-487.60655	-488.1863
343	343	-742.44581	-743.23818	-746.02993	-0.79237665	-739.33021	-730.19645	-733.83127
344	344	-413.39571	-406.02531	-410.0401	7.370402	-409.82825	-394.9466	-394.94709
345	345	-815.28447	-818.01753	-819.51944	-2.7330635	-812.28424	-811.01328	-811.26556
346	346	-417.64506	-399.32166	-402.61799	18.323393	-414.03087	-389.54287	-390.39306
347	347	-383.78319	-384.77656	-387.4622	-0.99337273	-380.08544	-375.64037	-375.64115
348	348	-527.37371	-529.93985	-531.5589	-2.5661329	-523.97708	-521.1101	-521.08795
349	349	-694.34859	-686.21113	-689.79092	8.1374648	-691.20765	-677.12198	-677.11874
350	350	-567.18133	-550.26988	-553.21747	16.911441	-563.87774	-541.0069	-540.80423
351	351	-516.3753	-503.1437	-506.47538	13.231597	-512.96699	-494.17716	-494.55264
352	352	-614.28968	-604.32564	-609.93514	9.9640379	-611.05097	-595.85388	-595.95589
353	353	-639.74583	-639.21195	-642.2126	0.53387373	-635.98154	-628.69708	-628.05373
354	354	-677.53793	-680.54317	-681.77985	-3.0052375	-674.33612	-668.52002	-670.72421
355	355	-654.92694	-645.74342	-650.84267	9.1835135	-651.72805	-636.34728	-636.40413
356	356	-515.08316	-496.2277	-499.52436	18.855465	-505.86324	-487.68293	-487.68269
357	357	-689.34799	-683.3106	-686.58225	6.0373886	-686.18528	-674.96924	-674.96916
358	358	-620.32668	-617.45137	-620.54679	2.8753086	-617.10705	-606.39628	-606.37594
359	359	-769.11413	-751.94386	-754.93889	17.170273	-766.05412	-739.80605	-743.82777
360	360	-626.11091	-622.57357	-626.03068	3.5373448	-622.85604	-611.01896	-614.22177
361	361	-566.9602	-540.93828	-544.24248	26.021918	-563.56317	-532.44441	-532.44252
362	362	-811.4778	-805.75712	-809.03509	5.7206865	-808.48331	-794.13783	-797.54495
363	363	-563.46984	-563.33457	-566.34011	0.13527086	-560.1332	-550.4765	-553.79767
364	364	-460.02485	-455.10266	-458.45688	4.9221907	-456.49669	-444.57703	-445.33606
365	365	-497.92236	-489.51271	-492.82378	8.4096529	-494.52009	-480.18457	-480.46628
366	366	-504.3485	-475.19182	-478.85363	29.156678	-495.55812	-465.01422	-465.02069
367	367	-561.38881	-554.49666	-560.60124	6.8921445	-558.06374	-544.70606	-545.68868
368	368	-438.11636	-440.22324	-442.21511	-2.1068825	-434.61985	-431.52424	-431.52371
369	369	-702.94162	-688.21534	-691.72757	14.726277	-686.12928	-679.08573	-679.16435
370	370	-500.36287	-498.89495	-501.91971	1.4679197	-496.92097	-487.04073	-488.2536
371	371	-621.54978	-614.31932	-616.74531	7.2304576	-618.31632	-600.75058	-605.84658
372	372	-845.19238	-838.05403	-842.06469	7.1383516	-828.77188	-824.33951	-829.4473
373	373	-434.9172	-434.02728	-438.08045	0.88991371	-431.42176	-423.26919	-424.09619
374	374	-451.76139	-444.13838	-447.42391	7.623009	-448.25531	-433.89084	-435.32167
375	375	-562.26935	-564.77846	-566.52896	-2.5091183	-558.96225	-557.73181	-557.907
376	376	-546.65117	-536.72289	-539.98784	9.9282786	-543.30933	-527.44141	-528.1598
377	377	-513.29492	-500.0422	-502.9119	13.252719	-509.87695	-486.92687	-491.44401
378	378	-598.72239	-581.10633	-584.37	17.616053	-591.21512	-572.3267	-572.68393
379	379	-550.1225	-519.1394	-522.42047	30.983102	-537.5929	-510.68827	-510.68868
380	380	-617.20188	-606.91568	-610.11401	10.286192	-613.93385	-594.93084	-597.33256
381	381	-480.93894	-483.28563	-485.18256	-2.3466909	-477.49116	-474.15197	-474.14516
382	382	-578.55974	-567.48494	-570.75304	11.074803	-575.22343	-557.85129	-558.93583
383	383	-631.87479	-630.65854	-633.92943	1.2162505	-628.61083	-619.64574	-621.65356
384	384	-473.54692	-460.84246	-464.14011	12.704457	-470.08516	-452.09956	-452.09659
385	385	-785.28932	-788.29578	-789.53556	-3.0064671	-782.29864	-779.46265	-779.04861
386	386	-614.56415	-616.1576	-618.83702	-1.5934477	-611.27365	-606.91624	-608.0879
387	387	-497.64729	-483.62165	-486.92513	14.025641	-494.20648	-474.95929	-474.95934
388	388	-599.00202	-589.27686	-593.31041	9.7251618	-595.71751	-579.60288	-579.60335
389	389	-443.95381	-430.36825	-433.63298	13.585562	-440.43699	-420.76593	-421.55971
390	390	-469.90772	-472.27078	-474.50149	-2.3630676	-466.49292	-463.12168	-463.90672
391	391	-487.73125	-490.28704	-491.98136	-2.5557847	-484.3107	-481.32056	-483.15494
392	392	-535.41318	-532.55845	-535.58311	2.8547265	-532.05372	-520.40365	-523.89977
393	393	-805.1847	-804.09246	-809.25025	1.092238	-801.17429	-793.30282	-795.12404
394	394	-431.3026	-433.79106	-435.3405	-2.4884635	-427.79987	-423.59874	-423.56155
395	395	-668.12459	-665.95085	-671.43931	2.1737402	-664.93609	-658.42277	-658.82786
396	396	-1082.3379	-1082.1496	-1086.8802	0.18835867	-1077.6702	-1067.0224	-1073.198
397	397	-616.8092	-616.56363	-619.5018	0.24556407	-613.57024	-608.2299	-608.24549
398	398	-448.31519	-426.28198	-429.53265	22.033211	-444.83383	-417.02413	-417.52996
399	399	-654.13784	-640.59962	-643.92587	13.53822	-650.94215	-632.13999	-632.26025
400	400	-417.40852	-405.82987	-409.14684	11.57865	-413.85595	-396.39728	-396.96741
401	401	-574.73152	-570.654	-573.91559	4.0775146	-571.41302	-559.89379	-562.05729
402	402	-750.09504	-753.14526	-754.36857	-3.0502217	-747.06799	-744.53365	-744.68342
403	403	-527.64703	-522.26768	-524.17995	5.3793429	-524.33264	-507.71695	-513.287
404	404	-521.58029	-513.78811	-517.04489	7.7921765	-518.17254	-503.20418	-505.16871
405	405	-797.67814	-786.0851	-789.11513	11.593034	-789.09324	-772.97675	-777.95899
406	406	-491.10033	-478.55839	-482.08411	12.541934	-487.64913	-467.38407	-469.30769
407	407	-355.13302	-350.46219	-353.72814	4.6708296	-351.41455	-341.31237	-341.3114
408	408	-664.06212	-666.80143	-668.28997	-2.7393118	-660.87866	-657.68268	-660.189
409	409	-632.91067	-627.3909	-630.62946	5.5197648	-629.65711	-617.358	-618.84803
410	410	-880.53708	-881.45343	-884.1952	-0.91634975	-877.61375	-871.09286	-872.96277
411	411	-676.07968	-669.79354	-673.05374	6.2861385	-672.90165	-661.39105	-661.39106
412	412	-652.66016	-647.34458	-650.38773	5.3155823	-649.40797	-633.9777	-638.80931
413	413	-435.47238	-421.52958	-424.79436	13.942796	-431.92069	-410.15869	-411.99306
414	414	-612.75627	-615.75697	-616.99498	-3.0007012	-609.48367	-601.39106	-606.93223
415	415	-428.15457	-427.6341	-430.93243	0.52046452	-424.56561	-416.6151	-418.67361
416	416	-528.02462	-514.75561	-518.03272	13.269009	-524.63967	-505.50665	-506.14761
417	417	-397.09912	-387.26608	-390.58799	9.8330349	-393.48466	-377.23096	-377.46319
418	418	-414.52474	-408.79728	-412.06776	5.7274592	-410.98232	-398.05746	-399.90815
419	419	-776.22957	-773.06721	-778.87724	3.1623641	-773.17003	-757.33492	-763.22263
420	420	-609.10826	-607.69498	-611.24528	1.4132773	-605.83847	-595.06335	-598.8354
421	421	-537.61029	-536.91947	-539.9578	0.6908239	-534.24778	-527.05388	-527.9824
422	422	-710.67231	-699.39323	-703.57397	11.279073	-707.52412	-689.49735	-689.89791
423	423	-431.09355	-414.68422	-419.62816	16.409335	-427.57471	-404.37656	-404.3781
424	424	-530.18565	-517.26441	-520.56091	12.921234	-526.82319	-508.46473	-508.44522
425	425	-597.55055	-579.36378	-582.62102	18.186773	-590.18297	-569.42257	-570.92367
426	426	-680.16312	-671.53183	-674.80198	8.6312962	-676.97505	-663.15863	-663.15882
427	427	-529.50359	-530.76111	-533.18773	-1.2575209	-526.09698	-520.95949	-522.03242
428	428	-507.73308	-510.48353	-512.01461	-2.7504475	-504.38038	-503.27604	-503.26597
429	429	-602.66052	-605.4101	-606.50249	-2.7495759	-599.41998	-594.71498	-599.83749
430	430	-753.05653	-750.98174	-756.2506	2.0747879	-749.98163	-742.84055	-742.65387
431	431	-307.42817	-306.66912	-309.97553	0.7590504	-303.5427	-297.09798	-297.35304
432	432	-548.05116	-508.55343	-511.81923	39.497728	-532.24205	-500.12964	-500.13068
433	433	-478.52947	-460.86995	-464.16125	17.659517	-463.20084	-452.26658	-452.26703
434	434	-670.97589	-674.0107	-675.29506	-3.0348144	-666.78328	-662.10872	-665.85871
435	435	-490.16983	-481.30577	-484.32822	8.8640565	-486.73907	-470.22175	-472.35037
436	436	-407.64132	-398.59529	-401.91336	9.0460356	-404.07054	-389.6628	-389.66317
437	437	-774.41642	-777.16983	-778.67679	-2.7534054	-771.40828	-771.7177	-771.82583
438	438	-653.55429	-637.27373	-640.56435	16.280557	-645.01002	-628.69789	-628.89526
439	439	-504.15744	-496.86803	-502.35163	7.2894033	-500.76825	-484.92981	-484.96121
440	440	-769.96676	-771.99596	-774.22309	-2.029193	-766.86584	-759.90576	-762.94418
441	441	-360.71918	-337.13739	-340.41687	23.581793	-357.03552	-328.12678	-328.1275
442	442	-593.49434	-596.09891	-597.73514	-2.6045639	-590.24976	-586.53054	-589.07814
443	443	-540.08979	-525.50354	-528.79596	14.58625	-536.73582	-516.77511	-517.02639
444	444	-557.06049	-553.98655	-559.76032	3.0739451	-553.71394	-543.35796	-543.77866
445	445	-449.90264	-447.86207	-450.89538	2.0405625	-446.40302	-437.91079	-437.89092
446	446	-574.21746	-554.23367	-558.34085	19.983796	-570.89489	-544.53408	-544.53523
447	447	-336.00513	-315.7815	-319.57721	20.223629	-332.19417	-302.60855	-304.58019
448	448	-422.19513	-416.14698	-419.44092	6.0481468	-418.614	-407.22957	-407.22776
449	449	-535.53707	-527.55638	-530.86908	7.9806899	-532.15692	-516.07219	-518.31345
450	450	-430.17133	-427.22168	-430.18026	2.94965	-426.63367	-416.19077	-417.23345
451	451	-543.73749	-546.27158	-547.98361	-2.5340837	-540.40902	-533.54311	-539.24359
452	452	-437.9831	-435.37117	-438.6389	2.61193	-434.4746	-426.49451	-426.49301
453	453	-324.0988	-311.87403	-315.16817	12.224771	-320.29777	-302.71738	-302.7181
454	454	-744.89043	-743.60541	-746.86229	1.285022	-741.79856	-733.1497	-735.23695
455	455	-371.47033	-360.23218	-359.48739	11.23815	-367.75905	-343.68395	-351.21644
456	456	-995.89981	-994.44055	-995.16518	1.4592686	-988.34398	-971.03367	-985.17425
457	457	-621.82397	-613.91729	-617.18695	7.9066847	-618.56838	-605.43788	-605.43943
458	458	-358.19825	-352.70653	-358.15527	5.4917181	-354.49387	-341.61072	-342.28668
459	459	-869.30234	-869.64004	-873.08127	-0.33770177	-866.33473	-851.48452	-859.5162
460	460	-663.78376	-661.27846	-664.16639	2.5053061	-660.57943	-647.29334	-652.12867
461	461	-417.41302	-401.32163	-404.83091	16.091391	-413.80138	-390.93142	-391.79022
462	462	-430.19853	-421.46323	-424.83941	8.735299	-426.6347	-411.31558	-411.31552
463	463	-582.48231	-573.50527	-576.49571	8.9770389	-579.15876	-559.70433	-564.77726
464	464	-432.09153	-434.57716	-436.34629	-2.4856331	-428.54889	-426.52376	-427.10881
465	465	-796.49641	-797.83229	-800.385	-1.3358769	-793.44808	-786.58139	-787.96785
466	466	-658.26788	-656.47856	-660.5325	1.789318	-655.06994	-639.70339	-645.35049
467	467	-367.5129	-353.38107	-356.63148	14.131832	-363.80217	-344.331	-344.33185
468	468	-819.83281	-819.03534	-822.8139	0.79746805	-816.84189	-806.9582	-809.90939
469	469	-890.0749	-892.56798	-894.60105	-2.4930745	-887.16157	-872.36358	-882.63663
470	470	-598.03499	-598.87732	-601.65624	-0.8423237	-594.77241	-583.61012	-587.68419
471	471	-790.13158	-791.99005	-794.68029	-1.8584683	-787.08116	-779.23423	-784.20458
472	472	-445.29792	-440.39034	-443.68388	4.9075769	-441.80498	-430.54411	-431.5917
473	473	-708.33112	-705.21102	-708.51533	3.1200971	-704.67042	-692.85877	-695.6054
474	474	-386.70186	-387.63432	-390.39007	-0.93246195	-383.00592	-378.22951	-378.54549
475	475	-684.96695	-685.57832	-688.85013	-0.61136728	-681.8531	-675.49951	-677.1724
476	476	-952.46659	-948.95682	-952.45966	3.5097652	-949.5857	-936.62474	-939.69977
477	477	-443.4243	-446.45693	-447.69706	-3.0326316	-439.93195	-437.015	-436.94429
478	478	-553.0982	-542.7984	-546.0889	10.299797	-549.713	-533.96594	-533.96509
479	479	-552.37346	-549.66337	-553.40398	2.7100939	-548.984	-530.88538	-541.13979
480	480	-639.58205	-637.678	-641.59458	1.9040483	-636.33762	-624.96003	-627.59915
481	481	-474.39735	-470.20928	-473.53189	4.1880665	-470.98998	-460.8894	-461.50814
482	482	-467.24812	-463.76762	-467.83832	3.4805003	-463.78469	-452.79058	-452.7904
483	483	-405.39042	-401.26033	-404.25293	4.1300917	-401.78721	-387.3282	-392.28509
484	484	-527.35962	-514.00545	-517.26437	13.354165	-523.96106	-505.38209	-505.3839
485	485	-604.61234	-602.77575	-606.03868	1.836592	-601.32802	-594.18887	-594.18891
486	486	-506.95443	-503.61852	-506.7037	3.3359134	-503.55844	-489.84929	-494.42561
487	487	-377.21428	-364.03583	-367.31795	13.178445	-373.5698	-355.05801	-355.05758
488	488	-711.34001	-713.42464	-715.32042	-2.0846332	-708.21492	-699.01981	-704.20273
489	489	-418.77127	-418.05507	-421.46628	0.71619893	-415.23568	-405.86132	-408.12317
490	490	-528.65078	-528.46455	-531.41624	0.18622363	-525.29707	-516.63324	-518.89948
491	491	-439.59429	-437.02156	-440.27851	2.5727248	-436.08851	-428.1309	-428.13095
492	492	-552.93553	-555.65455	-557.16835	-2.7190183	-549.59008	-546.41055	-548.53707
493	493	-392.67043	-386.06014	-389.02704	6.6102883	-389.01636	-373.944	-377.00781
494	494	-554.65697	-550.19077	-553.48739	4.4662006	-551.30357	-540.48466	-541.56023
495	495	-694.9018	-697.61435	-699.13213	-2.7125531	-691.74684	-687.00997	-692.1623
496	496	-572.43096	-541.85531	-545.17202	30.575647	-565.03129	-533.46157	-533.46135
497	497	-473.03536	-468.09793	-471.99201	4.9374392	-469.61642	-457.08041	-457.05043
498	498	-458.03547	-447.67388	-450.96977	10.361596	-454.56081	-438.95087	-438.95236
499	499	-505.50857	-499.25756	-502.74434	6.251009	-502.08265	-490.02799	-490.01805
