No.	ID	loglik_NUll	loglik_RES	loglik_all	log_ratio	loglik_Max1	loglik_Max2	loglik_Max3
0	0	-592.45861	-595.20062	-549.35332	-2.7420108	-589.15651	-524.44104	-589.57513
1	1	-620.00215	-622.73968	-620.63982	-2.7375251	-616.7445	-602.51993	-617.162
2	2	-644.0203	-646.58499	-603.00531	-2.5646885	-640.80369	-576.66916	-639.92521
3	3	-922.10396	-924.85795	-920.67407	-2.7539871	-919.22628	-896.52114	-918.86365
4	4	-691.21592	-693.95617	-675.23869	-2.7402493	-688.06884	-646.69292	-687.23705
5	5	-848.1555	-850.12804	-835.74388	-1.9725393	-845.15295	-809.29603	-842.77388
6	6	-688.55799	-691.30882	-648.26944	-2.7508291	-685.40428	-621.86683	-685.82182
7	7	-724.76842	-727.50602	-722.98401	-2.7376018	-721.64185	-699.92597	-721.01072
8	8	-947.39315	-950.13901	-924.17635	-2.7458671	-944.4925	-898.20236	-944.9099
9	9	-745.69477	-747.01888	-715.56013	-1.3241098	-715.79666	-691.3024	-715.51302
10	10	-900.33334	-903.0831	-883.91842	-2.749761	-897.40944	-861.50586	-896.88299
11	11	-756.66013	-759.41024	-743.62666	-2.7501114	-753.5896	-718.84891	-754.00699
12	12	-793.06882	-796.11249	-756.69645	-3.0436667	-759.35253	-733.1485	-759.82154
13	13	-966.60917	-969.6525	-954.24478	-3.0433293	-963.72898	-928.76518	-961.90481
14	14	-587.27315	-589.99526	-574.89953	-2.7221092	-583.97032	-550.06646	-584.38809
15	15	-833.60553	-836.35053	-823.60899	-2.7449986	-830.59693	-798.3343	-829.61857
16	16	-787.33448	-790.76539	-721.56974	-3.4309169	-752.55473	-695.80317	-751.29824
17	17	-831.32289	-834.03967	-789.84102	-2.7167794	-828.33075	-761.93968	-828.03935
18	18	-815.85155	-818.62622	-770.60737	-2.7746706	-788.12484	-742.94651	-788.71647
19	19	-565.84793	-568.56124	-549.194	-2.7133128	-562.49449	-519.79818	-562.36769
20	20	-1058.2856	-1061.0118	-1063.5926	-2.726252	-1049.3039	-1037.6654	-1049.1052
21	21	-610.05917	-612.77523	-577.98653	-2.7160647	-606.79693	-549.55547	-606.88239
22	22	-693.7509	-696.51428	-693.91431	-2.7633845	-690.63517	-668.20007	-688.72027
23	23	-772.53208	-775.26052	-776.39342	-2.7284347	-769.45068	-761.81373	-768.81433
24	24	-499.11911	-501.8486	-481.16448	-2.7294908	-495.72353	-456.49824	-496.14156
25	25	-791.03011	-793.7946	-790.00304	-2.764486	-788.02526	-764.92345	-788.12066
26	26	-551.51478	-552.97358	-512.01195	-1.4588027	-548.17962	-485.09676	-544.84297
27	27	-464.71968	-467.43542	-426.17476	-2.7157417	-461.24084	-400.83141	-461.65876
28	28	-726.5425	-729.26739	-705.08717	-2.7248946	-723.41361	-678.44272	-723.67244
29	29	-1118.687	-1121.4422	-1112.2606	-2.755236	-1099.0312	-1084.3671	-1100.7282
30	30	-732.25095	-734.99378	-709.78632	-2.7428356	-729.13629	-683.73544	-728.65967
31	31	-672.68111	-675.18556	-659.78806	-2.5044531	-669.53324	-632.93621	-668.26351
32	32	-756.55219	-759.28785	-708.25875	-2.7356639	-730.11806	-680.79152	-730.44684
33	33	-603.37098	-606.11307	-571.35799	-2.7420887	-600.10382	-546.7768	-600.52127
34	34	-580.56042	-583.31523	-541.16981	-2.7548058	-577.28156	-518.61661	-577.69955
35	35	-921.60707	-924.38721	-903.90718	-2.7801452	-918.72415	-881.27961	-918.27079
36	36	-941.32535	-944.35326	-934.98464	-3.027907	-938.46254	-905.7477	-934.732
37	37	-629.19697	-631.94085	-633.13218	-2.7438748	-625.96462	-614.23505	-626.38291
38	38	-558.90603	-561.65355	-509.41146	-2.7475224	-555.56219	-484.4139	-555.97959
39	39	-687.89791	-690.63116	-663.32164	-2.7332527	-684.74661	-638.11058	-685.16411
40	40	-482.74534	-485.47734	-475.13184	-2.7319985	-479.33799	-455.70467	-479.75571
41	41	-637.23539	-639.95263	-629.17937	-2.7172334	-634.01427	-604.31641	-631.46024
42	42	-637.80172	-640.5542	-600.07615	-2.7524765	-634.59101	-575.37389	-635.00944
43	43	-641.89727	-644.62325	-616.24858	-2.7259798	-638.67868	-589.95564	-638.83254
44	44	-629.36636	-631.963	-599.29534	-2.5966394	-626.1119	-572.32067	-624.88472
45	45	-868.87019	-871.87387	-858.22656	-3.0036756	-852.41388	-829.19572	-846.41051
46	46	-727.87314	-730.61252	-713.06657	-2.7393843	-724.75743	-688.2926	-723.99554
47	47	-686.86136	-689.6118	-653.93975	-2.7504417	-683.71779	-627.0334	-683.93377
48	48	-572.51317	-575.25431	-535.80798	-2.7411412	-569.19907	-509.81625	-569.61664
49	49	-658.31577	-661.07824	-631.38055	-2.7624715	-655.10501	-606.72673	-655.5227
50	50	-843.11375	-845.8715	-836.54817	-2.7577436	-840.15742	-811.9161	-840.57323
51	51	-787.56781	-790.2963	-780.43455	-2.728487	-783.75316	-758.09001	-784.95386
52	52	-705.5194	-708.26061	-705.41821	-2.74121	-702.40037	-684.20495	-701.68789
53	53	-729.16447	-731.90047	-717.32036	-2.7360004	-726.0369	-692.10939	-726.45533
54	54	-747.8666	-750.59213	-735.92365	-2.725532	-744.76404	-711.92079	-745.18168
55	55	-633.0096	-635.5634	-581.52968	-2.5537919	-629.78822	-556.40815	-625.329
56	56	-857.19256	-859.93864	-858.94576	-2.7460805	-854.21911	-834.17774	-854.63694
57	57	-672.64646	-675.41835	-664.8021	-2.7718912	-669.51013	-638.91589	-669.60551
58	58	-675.31318	-678.05103	-648.78263	-2.7378455	-672.11876	-622.22713	-669.99262
59	59	-827.46221	-830.19442	-818.44723	-2.7322134	-820.20266	-795.68936	-824.06815
60	60	-601.87047	-604.58984	-603.12863	-2.7193677	-598.59885	-575.66492	-599.01629
61	61	-630.4972	-633.23794	-611.25739	-2.7407336	-627.29417	-588.58311	-627.71343
62	62	-621.51782	-624.08923	-581.39242	-2.5714078	-618.26673	-554.21391	-617.27959
63	63	-799.16614	-801.92304	-772.65236	-2.7568951	-796.13517	-749.09522	-796.55263
64	64	-658.16159	-660.66836	-633.792	-2.5067735	-654.98284	-607.2164	-653.62472
65	65	-669.3509	-671.91566	-618.32075	-2.5647524	-666.14033	-593.67046	-665.20002
66	66	-948.93461	-952.8427	-898.73212	-3.9080891	-915.59677	-874.52159	-916.24709
67	67	-672.67961	-675.41368	-669.13018	-2.734068	-669.50778	-650.87515	-669.92628
68	68	-864.81677	-867.37552	-832.489	-2.5587479	-861.85496	-806.89471	-846.01202
69	69	-900.87228	-903.61984	-886.07755	-2.7475571	-892.11491	-861.64292	-896.63395
70	70	-912.69166	-915.71993	-916.95037	-3.028271	-909.78824	-905.29549	-907.57092
71	71	-741.14236	-743.87084	-726.80801	-2.7284839	-738.06273	-702.73772	-738.48059
72	72	-759.85675	-762.60847	-721.34136	-2.751724	-733.60465	-700.9605	-733.99589
73	73	-1178.6908	-1181.8481	-1180.9022	-3.1572899	-1176.0507	-1157.3597	-1174.5261
74	74	-575.9876	-578.72009	-537.31795	-2.7324864	-572.6898	-511.48415	-573.1075
75	75	-669.00198	-671.74735	-649.45964	-2.7453681	-665.81612	-624.08519	-666.23414
76	76	-607.83422	-610.58093	-599.46284	-2.7467167	-604.61096	-574.40964	-605.02879
77	77	-876.00634	-878.75807	-876.79824	-2.7517317	-873.06833	-849.98404	-872.2625
78	78	-623.6466	-626.40821	-621.41168	-2.7616084	-620.4162	-597.62744	-620.83386
79	79	-738.06503	-740.78261	-740.73759	-2.7175803	-734.96892	-722.1028	-735.3866
80	80	-655.75068	-658.48702	-649.65666	-2.7363423	-652.55086	-626.03143	-652.96909
81	81	-621.65262	-624.40495	-566.74959	-2.7523312	-618.42202	-541.95192	-618.83992
82	82	-875.22944	-877.99502	-873.38321	-2.7655791	-872.30222	-853.41809	-871.18537
83	83	-899.26056	-903.90298	-856.06595	-4.6424249	-863.52547	-830.06292	-862.51471
84	84	-706.3568	-709.09222	-678.36755	-2.7354221	-703.23305	-654.10813	-703.65043
85	85	-582.00266	-584.72713	-573.5348	-2.7244733	-578.71646	-550.42882	-579.13416
86	86	-659.89899	-662.63689	-635.56467	-2.737896	-656.70195	-612.49385	-657.11943
87	87	-634.66853	-637.48704	-636.59911	-2.8185097	-631.54707	-613.95012	-630.59858
88	88	-468.39562	-471.12171	-453.51803	-2.7260881	-464.90692	-428.57881	-465.32522
89	89	-688.15714	-690.90976	-678.38881	-2.7526261	-685.02839	-655.56841	-685.44597
90	90	-812.35286	-815.09455	-801.56486	-2.7416918	-804.20989	-782.48768	-809.75639
91	91	-1034.6655	-1037.2681	-1015.0422	-2.6026806	-1013.6957	-991.84433	-1012.3301
92	92	-751.60466	-754.67229	-690.73895	-3.067625	-729.84283	-669.03318	-720.39529
93	93	-630.18896	-632.79022	-600.48346	-2.6012526	-626.9782	-571.53081	-625.64965
94	94	-810.4963	-813.24494	-806.83233	-2.7486357	-807.46915	-780.74655	-806.21498
95	95	-632.85462	-635.59464	-612.92536	-2.7400157	-629.6532	-589.26517	-630.07181
96	96	-675.18604	-677.7389	-615.21265	-2.5528661	-640.02845	-588.71856	-639.74497
97	97	-660.08762	-662.82872	-613.95762	-2.7411024	-656.90953	-589.3221	-657.32705
98	98	-797.91395	-800.67001	-802.31285	-2.7560564	-794.88232	-779.58912	-795.30088
99	99	-745.37614	-747.90819	-725.84738	-2.5320487	-734.28951	-698.76941	-731.89251
100	100	-872.68414	-875.41588	-856.59924	-2.731737	-869.71934	-834.52655	-870.13685
101	101	-842.787	-845.51701	-846.63193	-2.7300087	-839.81443	-830.33005	-839.14468
102	102	-654.41057	-657.16888	-620.9383	-2.7583115	-651.23067	-599.0345	-651.64813
103	103	-935.07304	-937.80234	-923.09457	-2.7292969	-932.1781	-898.09877	-930.58975
104	104	-658.57542	-661.19826	-642.66852	-2.6228435	-655.36255	-616.90015	-653.53235
105	105	-716.83544	-719.56731	-689.1705	-2.73187	-713.70428	-661.93937	-711.95994
106	106	-721.57144	-724.57042	-725.00012	-2.9989721	-718.47614	-702.79356	-715.7807
107	107	-645.78339	-648.52505	-600.09734	-2.7416588	-642.58627	-574.97574	-642.76968
108	108	-951.68336	-954.43101	-955.31172	-2.747641	-948.82936	-933.96711	-947.75135
109	109	-795.10349	-797.63197	-746.33025	-2.5284738	-792.06641	-717.68453	-790.97399
110	110	-741.7788	-744.53318	-729.77238	-2.7543799	-738.69795	-701.99966	-738.11405
111	111	-905.94073	-909.36242	-873.64691	-3.421698	-870.47593	-846.68324	-871.54649
112	112	-614.22329	-616.95964	-573.71277	-2.7363439	-610.95101	-546.16938	-611.3687
113	113	-551.30708	-554.04762	-541.81667	-2.7405357	-548.01673	-520.49429	-548.29592
114	114	-635.34985	-638.0935	-630.77413	-2.7436415	-632.14337	-606.28089	-631.18657
115	115	-546.28287	-548.99578	-511.13733	-2.7129157	-542.91994	-485.97689	-543.33737
116	116	-757.22827	-759.94668	-748.98551	-2.7184197	-754.13086	-724.75126	-754.54825
117	117	-699.5254	-702.24799	-649.30093	-2.7225943	-696.4214	-624.77208	-696.83961
118	118	-680.08363	-682.59732	-678.75434	-2.5136858	-676.90846	-652.08435	-675.29168
119	119	-643.58872	-646.31782	-601.86921	-2.7290926	-640.3708	-576.3119	-640.78824
120	120	-497.43084	-500.15872	-451.01933	-2.7278848	-494.02168	-426.40676	-494.43911
121	121	-1078.3527	-1080.0157	-1070.4837	-1.663067	-1055.8014	-1041.4583	-1056.0685
122	122	-491.19335	-493.6948	-489.86208	-2.5014444	-487.79672	-472.29955	-486.80149
123	123	-713.90671	-716.64347	-712.16533	-2.7367687	-710.78151	-689.35647	-711.20008
124	124	-718.12939	-720.85412	-666.99736	-2.7247341	-714.98626	-642.40396	-715.40409
125	125	-710.76263	-712.39439	-638.37541	-1.6317667	-675.91622	-612.23484	-674.2426
126	126	-702.47584	-705.21897	-688.77552	-2.7431232	-699.3291	-666.64964	-699.74699
127	127	-694.3392	-696.93618	-659.11447	-2.5969787	-691.19646	-631.35622	-685.31966
128	128	-742.8097	-745.55875	-722.67799	-2.7490491	-739.70493	-696.83521	-740.12279
129	129	-367.54766	-370.26721	-360.621	-2.719544	-363.88169	-338.01673	-364.30028
130	130	-626.11033	-628.84732	-568.43194	-2.7369919	-622.87274	-543.62667	-623.29015
131	131	-594.40213	-597.13793	-575.56797	-2.7357975	-591.10817	-548.91422	-591.52565
132	132	-764.59275	-767.33984	-750.54965	-2.7470824	-761.52576	-727.69044	-761.94387
133	133	-737.58588	-740.07811	-663.03523	-2.4922297	-702.40034	-637.91084	-702.81849
134	134	-632.76465	-635.50864	-591.9992	-2.7439918	-629.51523	-567.27198	-629.62295
135	135	-491.71315	-494.4105	-463.51936	-2.6973556	-488.25551	-436.82216	-488.67345
136	136	-579.98522	-582.71368	-574.92763	-2.7284625	-576.70243	-551.68515	-577.11992
137	137	-725.07194	-727.78956	-722.57889	-2.7176237	-721.95387	-700.69646	-722.37212
138	138	-697.88172	-700.45844	-673.29117	-2.5767155	-694.74427	-649.85497	-693.91499
139	139	-695.77039	-698.49283	-692.80772	-2.7224398	-692.58928	-667.6208	-692.80447
140	140	-809.29733	-812.02088	-799.76452	-2.7235552	-806.28108	-775.2311	-805.63641
141	141	-537.72919	-540.43428	-501.03482	-2.7050946	-534.34808	-475.33593	-534.76583
142	142	-704.52301	-707.2389	-702.41528	-2.7158869	-701.34943	-679.7824	-701.58925
143	143	-440.82784	-443.56357	-409.15521	-2.7357235	-437.27891	-382.54416	-437.69702
144	144	-734.53627	-736.65674	-691.35214	-2.120477	-699.59292	-666.66178	-699.94992
145	145	-424.84529	-427.5883	-411.33234	-2.7430115	-421.2769	-385.5021	-421.18271
146	146	-757.14876	-759.90875	-747.69842	-2.7599848	-754.1233	-721.57786	-753.38356
147	147	-770.89769	-773.60843	-757.48568	-2.7107429	-767.83552	-731.03379	-765.62585
148	148	-753.02899	-755.74812	-729.15195	-2.7191342	-749.94601	-703.56008	-750.36377
149	149	-721.89895	-724.64312	-695.62878	-2.7441713	-718.77344	-669.35635	-718.04834
150	150	-655.79532	-657.04454	-585.61267	-1.2492177	-625.47655	-559.98044	-625.61333
151	151	-548.36865	-551.13116	-495.30414	-2.7625097	-545.0129	-470.25716	-545.43147
152	152	-664.83561	-667.57175	-623.84874	-2.7361333	-661.62109	-599.13548	-662.0388
153	153	-961.01974	-963.05793	-950.30877	-2.0381881	-947.0026	-924.39837	-949.65337
154	154	-745.90761	-748.63927	-739.38823	-2.7316652	-742.80098	-717.21478	-743.21935
155	155	-859.88907	-862.64707	-855.4167	-2.7579967	-856.95492	-833.2137	-857.37248
156	156	-541.84112	-544.39872	-497.31044	-2.5576006	-538.47209	-470.39609	-537.50318
157	157	-616.48215	-619.21997	-578.16674	-2.7378218	-613.20493	-552.07991	-612.35801
158	158	-681.78255	-684.52398	-665.61727	-2.7414298	-678.62889	-640.01183	-676.05391
159	159	-734.86938	-737.37696	-730.11613	-2.5075839	-731.75984	-701.24537	-730.57751
160	160	-674.54599	-677.30652	-670.13275	-2.7605311	-671.36107	-647.10182	-671.77909
161	161	-642.53801	-645.10222	-646.50296	-2.5642031	-639.29554	-628.59659	-638.65079
162	162	-692.95081	-695.71384	-666.64162	-2.763029	-689.82378	-638.12092	-689.17264
163	163	-977.7402	-980.01686	-965.75155	-2.2766588	-974.85556	-937.70405	-971.0161
164	164	-619.2965	-622.0425	-564.71981	-2.7459987	-615.9922	-539.73492	-616.41099
165	165	-566.59753	-569.33077	-548.21651	-2.7332374	-563.28311	-525.2618	-563.62392
166	166	-683.87791	-686.59386	-677.37229	-2.715953	-680.73736	-655.15709	-681.15478
167	167	-761.88711	-764.61919	-753.57693	-2.7320786	-758.8475	-731.42033	-758.34628
168	168	-656.00949	-658.73372	-639.32854	-2.7242294	-652.79347	-614.08622	-653.21144
169	169	-503.54186	-506.3095	-487.05922	-2.7676355	-500.2098	-462.02197	-500.62738
170	170	-642.1992	-644.92755	-624.52379	-2.7283556	-638.99859	-600.98599	-639.41638
171	171	-579.49448	-582.02724	-555.24781	-2.5327641	-576.17097	-533.101	-575.38842
172	172	-687.31676	-690.0395	-690.92145	-2.722742	-684.17816	-667.18718	-684.37526
173	173	-735.41353	-738.14754	-718.41104	-2.7340125	-732.30594	-694.40162	-732.72474
174	174	-786.08672	-788.34798	-773.02283	-2.2612511	-783.03329	-744.72335	-779.7719
175	175	-783.63823	-790.62766	-730.70544	-6.9894264	-759.91048	-702.26229	-751.40481
176	176	-589.27512	-591.99129	-570.67101	-2.7161683	-585.95114	-543.52713	-585.05685
177	177	-815.18503	-817.93233	-800.2867	-2.7473034	-812.20072	-777.35006	-812.61813
178	178	-765.51302	-768.24163	-739.31972	-2.7286159	-745.37954	-715.053	-745.81879
179	179	-865.65213	-868.69503	-800.8718	-3.0429073	-828.63899	-776.6001	-829.08263
180	180	-735.26428	-738.30118	-735.45509	-3.0368966	-732.13092	-709.96817	-729.17232
181	181	-576.01839	-578.79062	-540.18295	-2.7722395	-572.69016	-516.72642	-573.01853
182	182	-772.60264	-775.33248	-762.82158	-2.729836	-769.56308	-738.63425	-769.98133
183	183	-774.57694	-777.09623	-727.20127	-2.5192879	-771.49879	-698.3409	-769.35397
184	184	-849.07313	-851.63011	-851.43206	-2.5569764	-846.12165	-827.01823	-845.30278
185	185	-815.54946	-818.27807	-791.89711	-2.7286154	-812.54376	-770.20828	-811.91842
186	186	-594.17926	-596.95051	-559.14504	-2.7712517	-590.90096	-536.12627	-590.98912
187	187	-536.8322	-539.43708	-505.12678	-2.604882	-533.51815	-478.48267	-532.51566
188	188	-726.82261	-729.54511	-689.64734	-2.7225048	-723.71047	-658.91822	-722.64404
189	189	-707.14367	-709.86178	-698.7369	-2.7181081	-704.00239	-681.37218	-704.42058
190	190	-579.71609	-582.44474	-556.45058	-2.7286513	-576.38672	-535.59141	-576.80487
191	191	-700.10807	-702.84174	-704.31486	-2.7336739	-696.98189	-680.09511	-696.7331
192	192	-544.716	-547.06833	-507.90639	-2.3523243	-541.37627	-480.75247	-540.14366
193	193	-495.98091	-498.7331	-477.19616	-2.7521884	-492.57295	-452.05004	-492.99044
194	194	-998.52541	-1001.5507	-991.67983	-3.025258	-975.7289	-970.18475	-975.46446
195	195	-645.88405	-648.62439	-589.28194	-2.7403373	-642.62798	-563.35212	-643.04561
196	196	-871.47489	-874.20806	-859.97581	-2.7331703	-868.52619	-834.83791	-867.78561
197	197	-584.73035	-587.52291	-582.32282	-2.7925591	-581.45536	-556.6296	-581.8729
198	198	-673.27043	-676.00093	-624.49263	-2.7304965	-660.63235	-599.82844	-665.5921
199	199	-659.10565	-661.8388	-608.58719	-2.7331428	-655.9035	-583.41013	-656.32114
200	200	-600.53815	-603.30871	-554.39072	-2.7705544	-597.26256	-529.53487	-597.68014
201	201	-1059.2674	-1061.964	-1046.2339	-2.696608	-1056.428	-1020.8344	-1056.1116
202	202	-905.40495	-908.10745	-902.75541	-2.7025007	-902.50008	-879.38096	-902.91774
203	203	-866.08368	-868.81996	-849.63312	-2.7362819	-863.14929	-825.45223	-863.12975
204	204	-544.01763	-546.77266	-497.32636	-2.7550226	-540.69291	-475.31	-541.11121
205	205	-754.36724	-757.08369	-733.64392	-2.7164475	-751.29069	-708.40382	-751.60942
206	206	-743.34032	-746.08723	-715.88961	-2.7469137	-740.25534	-690.33097	-740.57979
207	207	-590.09271	-592.84767	-562.10703	-2.7549673	-586.84094	-537.31893	-587.25948
208	208	-744.97489	-747.7262	-736.28799	-2.7513105	-741.92027	-712.20331	-741.37194
209	209	-1037.6194	-1040.642	-1023.6697	-3.0226341	-1034.7838	-997.53201	-1032.1888
210	210	-590.41167	-593.14898	-533.65764	-2.7373078	-587.12635	-508.77511	-587.54414
211	211	-681.44525	-682.76296	-661.03317	-1.3177154	-678.25081	-636.40622	-674.45107
212	212	-579.19904	-581.95598	-544.0804	-2.7569376	-575.86148	-518.39649	-576.24357
213	213	-736.16148	-738.88111	-720.0538	-2.7196296	-733.06245	-695.50641	-732.38833
214	214	-678.59568	-681.30589	-673.4662	-2.7102086	-675.44328	-651.39899	-674.54485
215	215	-869.04694	-872.06289	-864.86794	-3.0159571	-864.90445	-843.13024	-862.75682
216	216	-661.7406	-664.46819	-630.28864	-2.7275864	-658.6114	-605.2852	-659.02169
217	217	-756.0656	-758.8013	-751.16753	-2.7357024	-753.01948	-725.04434	-753.43706
218	218	-597.94161	-600.66038	-586.55318	-2.7187672	-594.66034	-561.71221	-595.07786
219	219	-715.50246	-718.2356	-704.08218	-2.7331334	-712.39454	-682.82418	-712.81192
220	220	-827.8569	-827.71823	-816.58802	0.13866871	-824.88957	-786.08531	-818.40075
221	221	-883.32145	-886.05627	-865.00875	-2.7348214	-880.38205	-840.32167	-880.79979
222	222	-567.42305	-570.18869	-570.79602	-2.7656433	-564.11035	-549.00827	-564.52773
223	223	-680.58789	-683.21463	-658.51701	-2.6267414	-677.39003	-631.85639	-676.56003
224	224	-913.64475	-916.38742	-901.29257	-2.7426777	-903.25954	-876.39535	-910.30822
225	225	-891.18855	-893.91649	-888.82259	-2.7279398	-888.25449	-865.47735	-887.9386
226	226	-584.95577	-587.70221	-541.63298	-2.7464373	-581.6393	-517.41267	-582.05712
227	227	-785.67053	-788.42927	-779.83009	-2.7587476	-782.63386	-759.42477	-782.98397
228	228	-748.95857	-751.6794	-752.29138	-2.7208292	-745.90772	-729.03052	-745.28845
229	229	-786.45614	-788.69996	-776.63953	-2.2438241	-783.38772	-749.49716	-779.65914
230	230	-727.46307	-730.21395	-698.4761	-2.7508771	-724.33962	-675.44959	-723.62656
231	231	-990.09806	-992.83861	-994.41181	-2.7405567	-987.29874	-972.14782	-987.71661
232	232	-1062.0341	-1066.514	-1025.6486	-4.4798883	-1028.4786	-1002.0189	-1029.2361
233	233	-618.81666	-621.38633	-611.57297	-2.5696742	-615.59281	-590.81972	-614.58731
234	234	-618.48527	-621.22979	-560.88944	-2.7445219	-615.21306	-536.01598	-615.63082
235	235	-815.06312	-817.8031	-779.11373	-2.7399816	-812.03388	-754.67997	-812.45192
236	236	-621.90789	-624.53947	-622.32459	-2.6315798	-618.68365	-595.57494	-617.789
237	237	-1044.8144	-1047.0134	-1034.361	-2.1989916	-1036.9776	-1010.003	-1036.8725
238	238	-886.68234	-889.70503	-890.72801	-3.0226908	-883.72567	-878.06695	-881.44064
239	239	-1019.1693	-1026.6276	-983.7558	-7.4582403	-1000.6859	-962.05211	-986.60784
240	240	-557.25599	-560.05264	-532.52845	-2.7966561	-553.9448	-507.92314	-554.36222
241	241	-682.97255	-685.72729	-674.18307	-2.7547427	-675.6864	-650.42638	-679.93845
242	242	-590.34442	-584.18688	-504.18607	6.1575326	-554.85828	-479.20214	-578.56896
243	243	-519.97882	-522.70767	-487.75455	-2.7288506	-516.62625	-462.69332	-517.04399
244	244	-935.12249	-937.8256	-896.91959	-2.7031082	-918.57655	-873.51389	-912.9586
245	245	-790.45122	-793.44502	-738.14674	-2.9938032	-760.01902	-716.29041	-761.01666
246	246	-692.45432	-695.16995	-653.38936	-2.7156325	-689.32815	-626.28388	-666.17336
247	247	-960.76712	-963.51575	-958.84864	-2.7486305	-957.88748	-936.73219	-956.77257
248	248	-751.30596	-754.35567	-720.60329	-3.0497084	-748.24906	-693.50152	-746.72115
249	249	-858.68725	-861.41489	-856.61992	-2.7276389	-855.72517	-829.49971	-855.24528
250	250	-720.14264	-722.9046	-692.71223	-2.7619587	-717.01278	-667.32007	-717.4305
251	251	-755.96859	-758.70415	-746.19714	-2.7355607	-752.87783	-721.12457	-752.09868
252	252	-577.46543	-580.18869	-562.48309	-2.723252	-574.1286	-539.67574	-574.5463
253	253	-771.00643	-774.00426	-701.01321	-2.9978292	-737.85587	-677.3482	-738.73794
254	254	-674.77065	-677.50045	-678.99992	-2.7298005	-671.60405	-665.77993	-670.83644
255	255	-678.03666	-680.77272	-682.58171	-2.7360559	-674.89346	-662.88499	-675.10973
256	256	-979.34392	-982.07246	-979.07938	-2.7285498	-976.46746	-954.51379	-976.88483
257	257	-975.06472	-978.81211	-942.50065	-3.7473937	-939.70866	-919.48121	-939.96485
258	258	-714.77025	-717.51479	-716.6244	-2.7445424	-711.69374	-696.07254	-711.23885
259	259	-714.33338	-715.59265	-654.54535	-1.2592668	-677.74044	-629.96486	-678.21159
260	260	-668.69468	-671.44249	-632.88248	-2.7478156	-665.49164	-603.51759	-663.33937
261	261	-637.52847	-640.29073	-629.40833	-2.7622622	-634.33192	-604.78291	-634.48506
262	262	-544.03624	-546.77585	-489.96703	-2.7396013	-540.69286	-464.8491	-541.11023
263	263	-483.75891	-486.4791	-487.98315	-2.7201915	-480.32912	-477.85685	-480.4585
264	264	-763.96883	-765.13176	-694.14981	-1.1629251	-729.09419	-669.68255	-729.51726
265	265	-659.21477	-661.9766	-633.07353	-2.7618267	-648.18591	-605.57033	-649.96816
266	266	-972.83432	-977.73952	-908.63948	-4.9052046	-938.57851	-884.58297	-938.70258
267	267	-471.09373	-473.85158	-455.78144	-2.7578483	-467.61364	-433.21876	-468.03506
268	268	-705.06091	-704.77175	-630.96845	0.28915726	-668.17178	-604.12958	-665.14871
269	269	-856.49911	-860.41784	-821.75363	-3.9187323	-823.80903	-797.40176	-824.07821
270	270	-764.89794	-768.50208	-704.42339	-3.6041427	-726.60217	-680.0472	-727.09369
271	271	-716.94161	-719.6638	-707.81806	-2.7221885	-713.82458	-684.95023	-714.24208
272	272	-785.28208	-788.03288	-782.16153	-2.7508	-782.21412	-754.32696	-781.49173
273	273	-819.11763	-821.88628	-799.67322	-2.7686554	-816.09889	-777.52735	-815.43825
274	274	-598.94041	-601.65413	-583.47462	-2.713722	-595.64934	-561.80172	-596.06703
275	275	-798.42265	-801.13982	-784.64803	-2.7171663	-795.41872	-760.37659	-795.83685
276	276	-630.6875	-633.42544	-608.65466	-2.7379308	-627.46785	-585.07574	-627.88597
277	277	-720.87826	-723.62679	-654.97715	-2.7485273	-686.79586	-630.16598	-700.63321
278	278	-646.30365	-649.03923	-604.21649	-2.735579	-643.06059	-578.5482	-643.47853
279	279	-701.03322	-703.78367	-697.10546	-2.7504474	-697.91521	-672.65055	-697.70397
280	280	-565.60842	-568.33023	-564.74549	-2.7218071	-562.26447	-543.95934	-562.2916
281	281	-538.29508	-541.01825	-514.03436	-2.7231707	-534.91807	-489.51993	-535.33568
282	282	-703.41401	-706.15184	-699.29177	-2.737834	-700.25617	-681.38926	-700.67378
283	283	-635.27727	-636.99079	-627.32629	-1.7135107	-632.02155	-599.97897	-629.00309
284	284	-739.73538	-742.26653	-729.22859	-2.5311433	-736.62711	-704.27922	-735.4064
285	285	-595.37865	-598.00879	-580.07002	-2.6301392	-592.07858	-551.10929	-591.13648
286	286	-767.10842	-769.88097	-766.02497	-2.7725505	-764.04699	-746.23386	-764.46458
287	287	-593.49779	-596.23027	-571.49094	-2.7324805	-590.20082	-551.69002	-590.61827
288	288	-472.94162	-475.68805	-463.45757	-2.7464249	-469.47951	-441.36997	-469.89746
289	289	-726.73744	-729.46841	-700.31818	-2.7309688	-723.62059	-671.57419	-724.03801
290	290	-788.77459	-791.49732	-783.63102	-2.7227372	-785.73113	-762.44869	-784.21195
291	291	-702.24104	-704.99577	-651.41596	-2.7547299	-699.08088	-626.07848	-699.49952
292	292	-580.87429	-583.29882	-551.92081	-2.424532	-577.57311	-524.63387	-575.79583
293	293	-710.4093	-713.16211	-695.69444	-2.7528124	-707.2884	-668.9411	-707.70702
294	294	-594.62915	-597.37623	-590.11918	-2.7470794	-591.33299	-562.85731	-590.04574
295	295	-830.02466	-832.7773	-810.16494	-2.7526395	-827.02678	-782.33742	-826.71055
296	296	-906.23763	-908.98619	-897.92339	-2.7485651	-903.30422	-875.90729	-903.7223
297	297	-650.02616	-652.6022	-624.48019	-2.5760381	-646.83029	-595.70993	-645.92092
298	298	-782.37165	-784.92586	-744.55657	-2.554218	-779.30107	-717.86065	-778.16527
299	299	-931.28337	-935.08068	-859.78223	-3.7973032	-898.86872	-835.88915	-898.82763
300	300	-528.34886	-530.88059	-494.47794	-2.5317257	-524.95299	-467.69069	-523.89456
301	301	-735.33239	-738.08936	-700.1773	-2.7569706	-732.24355	-676.15624	-732.66098
302	302	-738.02528	-740.73863	-701.16346	-2.71335	-734.87243	-672.64481	-733.25526
303	303	-727.06726	-729.81316	-718.77173	-2.745902	-723.92246	-696.70149	-724.34069
304	304	-541.34951	-544.11213	-532.22139	-2.7626265	-537.97531	-507.07768	-538.39286
305	305	-641.47328	-644.23752	-573.07336	-2.7642327	-638.25132	-547.74082	-638.66888
306	306	-640.91113	-643.63132	-645.14181	-2.720191	-637.68909	-637.76492	-638.10741
307	307	-663.35154	-666.09613	-659.81862	-2.7445861	-660.16725	-634.01422	-659.29597
308	308	-596.07722	-598.79122	-558.67161	-2.7140035	-592.7542	-530.90884	-592.81165
309	309	-621.84229	-624.58903	-605.12676	-2.7467341	-618.58925	-580.09457	-619.00755
310	310	-578.05913	-580.84013	-549.90924	-2.7810033	-574.7608	-525.02005	-575.17871
311	311	-715.45671	-715.66304	-650.50073	-0.20632722	-677.25125	-625.33864	-676.11935
312	312	-533.68264	-536.44118	-515.13927	-2.7585435	-530.33665	-490.10218	-530.75463
313	313	-673.5321	-676.52749	-664.2815	-2.9953921	-670.37695	-636.47603	-665.67028
314	314	-860.952	-864.14333	-804.60077	-3.1913315	-825.69887	-780.00557	-826.11547
315	315	-685.08844	-687.82968	-687.31783	-2.7412406	-681.94668	-669.46458	-682.36447
316	316	-476.2138	-478.96133	-462.43309	-2.7475356	-472.7457	-435.23925	-472.49228
317	317	-855.95778	-860.83735	-819.33919	-4.8795683	-825.78061	-797.79749	-826.37467
318	318	-645.19066	-647.94758	-616.71479	-2.7569205	-641.99644	-590.75561	-642.41444
319	319	-753.32935	-755.84767	-736.98806	-2.518315	-750.27031	-715.56324	-749.10512
320	320	-748.55338	-751.302	-735.01637	-2.7486272	-745.46969	-709.88112	-745.00982
321	321	-727.90137	-734.26707	-680.2552	-6.3657026	-724.76323	-652.24172	-693.61283
322	322	-745.14563	-747.88956	-717.42507	-2.7439263	-742.01577	-691.54842	-742.43486
323	323	-844.97507	-847.74463	-822.33739	-2.7695648	-842.01106	-797.80456	-842.42915
324	324	-895.37954	-898.10974	-894.10472	-2.7302033	-892.42597	-871.98459	-892.84337
325	325	-669.40604	-672.15074	-610.95615	-2.7447023	-666.23114	-583.97578	-665.49493
326	326	-951.42781	-954.57069	-934.53457	-3.142882	-927.67405	-909.55543	-927.9537
327	327	-789.53998	-792.29658	-777.18753	-2.7565938	-786.49733	-754.7324	-786.91499
328	328	-675.68083	-678.40818	-647.90722	-2.7273498	-672.51396	-622.32064	-672.93167
329	329	-703.14813	-705.89609	-691.97024	-2.747955	-700.01145	-667.87124	-700.42924
330	330	-681.84869	-684.61682	-681.19642	-2.7681352	-678.6678	-655.27033	-679.08521
331	331	-705.40544	-708.1525	-690.90019	-2.7470511	-702.25604	-667.69675	-702.67359
332	332	-899.15486	-901.9346	-892.90555	-2.779733	-895.53642	-870.52442	-895.4175
333	333	-789.43902	-792.19028	-749.94051	-2.7512603	-786.38083	-723.03477	-786.71963
334	334	-804.86424	-807.61537	-787.69438	-2.7511216	-792.8868	-762.16717	-792.14706
335	335	-885.29965	-888.04083	-863.19692	-2.7411867	-882.34234	-839.75622	-881.30583
336	336	-553.29268	-555.84654	-524.20886	-2.5538667	-549.91489	-497.48903	-548.95218
337	337	-709.67652	-712.39363	-681.56146	-2.7171083	-706.55585	-660.91588	-706.97357
338	338	-1184.7657	-1187.831	-1167.7818	-3.0653621	-1167.5218	-1142.8082	-1165.4443
339	339	-659.17195	-661.93214	-619.59188	-2.760188	-655.99145	-596.22335	-656.40894
340	340	-762.55169	-765.29028	-681.20708	-2.7385847	-747.81801	-656.27283	-731.72349
341	341	-711.04898	-713.79496	-685.79704	-2.7459788	-707.91375	-660.93433	-708.33132
342	342	-767.29983	-770.03921	-745.54278	-2.7393722	-764.26485	-720.87671	-763.58892
343	343	-652.97412	-655.37588	-613.74804	-2.4017564	-649.74202	-585.69566	-647.92861
344	344	-1009.334	-1011.4927	-990.2753	-2.1587346	-1006.4878	-961.2646	-1002.4365
345	345	-540.85463	-543.54964	-520.49556	-2.6950172	-537.47014	-499.90269	-537.88778
346	346	-1065.5632	-1072.305	-1050.4557	-6.7418788	-1036.9838	-1027.7783	-1035.483
347	347	-827.328	-830.08019	-826.39089	-2.752189	-824.35114	-797.49374	-822.59392
348	348	-877.24912	-880.01118	-856.20821	-2.7620665	-874.30052	-828.82827	-872.81575
349	349	-514.64482	-517.37034	-495.35237	-2.7255139	-511.29625	-475.30679	-511.71448
350	350	-736.72612	-739.43053	-710.31562	-2.7044116	-733.59047	-685.72847	-732.73576
351	351	-996.22389	-998.96992	-991.94346	-2.746023	-993.06421	-966.85084	-977.17028
352	352	-730.45138	-732.94753	-672.37574	-2.4961528	-695.26995	-650.55177	-695.10002
353	353	-1041.5438	-1045.0675	-973.42213	-3.5236702	-1007.6358	-949.46152	-1008.442
354	354	-914.59482	-917.10434	-913.97619	-2.5095125	-911.65864	-889.82215	-909.70157
355	355	-637.22502	-639.95341	-625.39667	-2.7283877	-634.04409	-605.49194	-634.46159
356	356	-702.84857	-705.57372	-668.92061	-2.7251519	-699.69892	-646.04021	-700.11665
357	357	-600.74848	-603.47575	-586.00168	-2.7272685	-597.45119	-562.70876	-597.86895
358	358	-894.45834	-897.20589	-860.23418	-2.7475576	-891.50146	-828.60295	-891.0359
359	359	-748.24975	-751.28708	-688.24579	-3.0373273	-713.9431	-663.73713	-713.76542
360	360	-644.32593	-646.88191	-630.6931	-2.5559738	-641.05971	-602.31685	-639.90138
361	361	-673.04944	-675.76829	-621.43037	-2.7188503	-643.98542	-596.43061	-643.95321
362	362	-677.58808	-680.33825	-636.02727	-2.7501695	-674.40743	-610.91921	-674.82527
363	363	-630.3721	-633.12351	-632.64301	-2.7514094	-627.13931	-616.24087	-626.38272
364	364	-620.16111	-622.75421	-606.16675	-2.5931006	-616.8861	-581.18164	-615.97368
365	365	-547.39894	-550.15692	-546.31717	-2.7579767	-544.07335	-524.40253	-544.49121
366	366	-615.07415	-617.82054	-588.04822	-2.7463897	-611.80329	-562.44741	-609.60046
367	367	-732.49101	-735.22474	-716.20929	-2.7337284	-729.43586	-690.85363	-727.67014
368	368	-778.69516	-781.42372	-765.26492	-2.7285597	-775.61747	-744.48934	-776.03513
369	369	-922.43839	-925.21949	-907.78268	-2.7810959	-919.55216	-884.11946	-918.71578
370	370	-860.42807	-866.09395	-831.41036	-5.6658798	-825.77607	-802.66666	-823.77222
371	371	-689.67707	-692.41627	-648.92201	-2.7391997	-678.49412	-626.43953	-676.90978
372	372	-751.28355	-754.00231	-738.50593	-2.7187656	-748.16798	-714.33017	-748.38125
373	373	-716.94073	-717.90695	-641.80667	-0.96622394	-682.1492	-617.08236	-712.45729
374	374	-592.78203	-595.56485	-564.5081	-2.7828137	-589.51925	-540.4947	-589.52979
375	375	-621.441	-624.14579	-573.46004	-2.7047924	-618.17565	-546.45971	-618.59305
376	376	-735.35228	-738.08569	-725.85675	-2.7334087	-732.2332	-701.68385	-732.65107
377	377	-609.11077	-611.87541	-586.81314	-2.7646454	-605.87938	-560.81834	-606.29747
378	378	-765.56674	-768.30428	-732.27295	-2.7375434	-754.94497	-713.69723	-753.8377
379	379	-453.05772	-455.80473	-452.92376	-2.7470127	-449.56919	-428.75982	-449.28882
380	380	-606.5118	-609.27908	-586.00557	-2.7672758	-603.27464	-561.23799	-603.69207
381	381	-577.51473	-582.79179	-513.58718	-5.2770561	-540.08031	-488.55266	-540.51856
382	382	-562.93872	-565.66656	-537.29115	-2.7278332	-559.5643	-509.5551	-559.98208
383	383	-707.95429	-710.71269	-639.34477	-2.7584004	-704.79348	-614.3533	-705.21142
384	384	-775.50845	-778.2639	-742.53966	-2.7554467	-772.47766	-716.77876	-772.89507
385	385	-777.08843	-779.84713	-732.38608	-2.7586979	-774.02775	-707.52429	-774.4459
386	386	-759.66011	-762.40017	-750.32008	-2.740061	-756.58686	-723.88699	-756.57232
387	387	-828.09966	-830.82258	-800.35073	-2.7229223	-825.07977	-774.81952	-824.53097
388	388	-495.82364	-498.55873	-452.39844	-2.7350883	-492.40713	-427.18213	-492.82455
389	389	-910.5885	-913.32358	-912.83	-2.7350844	-907.67688	-890.26528	-908.09438
390	390	-744.98692	-747.72495	-705.23691	-2.7380257	-741.90036	-678.91828	-741.33548
391	391	-518.87694	-521.61613	-457.56341	-2.7391969	-515.5019	-432.34493	-515.91959
392	392	-698.69378	-701.44724	-683.83115	-2.7534672	-695.56956	-657.72945	-695.98709
393	393	-703.33243	-706.0598	-698.28485	-2.7273685	-700.1638	-675.96353	-700.58123
394	394	-618.06078	-620.77366	-594.62396	-2.7128723	-614.78616	-570.14645	-615.20362
395	395	-694.2658	-696.96162	-690.95046	-2.6958137	-691.11846	-669.88141	-691.53634
396	396	-690.21354	-692.96499	-694.0362	-2.7514558	-687.07292	-672.30568	-687.49036
397	397	-710.31729	-713.07271	-660.1533	-2.7554151	-707.13847	-633.97966	-706.35048
398	398	-779.29928	-782.02895	-769.00343	-2.7296655	-776.21571	-748.05358	-775.56809
399	399	-603.70444	-606.46459	-575.91775	-2.7601501	-600.40047	-551.06536	-600.81838
400	400	-726.42002	-729.15358	-715.2313	-2.7335598	-723.29225	-690.44944	-723.70976
401	401	-706.15722	-708.90424	-693.41377	-2.7470224	-703.03398	-668.04234	-702.50144
402	402	-427.60021	-430.331	-428.91389	-2.7307867	-424.07305	-408.1122	-424.49064
403	403	-957.47021	-960.20137	-941.34122	-2.7311608	-954.58985	-917.21294	-955.00809
404	404	-552.69191	-555.42422	-467.61611	-2.7323084	-549.34721	-442.43365	-549.76471
405	405	-619.97233	-622.70504	-602.28621	-2.732713	-616.70096	-575.69689	-617.11925
406	406	-708.12199	-710.08911	-657.11286	-1.967125	-668.73262	-630.80219	-668.66721
407	407	-649.6567	-652.41645	-636.70602	-2.7597517	-646.44283	-615.92537	-646.86066
408	408	-1114.5202	-1117.1908	-1099.8747	-2.670635	-1096.161	-1078.7301	-1096.8465
409	409	-864.70929	-867.45495	-832.35521	-2.7456573	-861.72875	-807.80621	-862.14619
410	410	-790.1776	-792.92312	-787.35851	-2.7455219	-787.15665	-763.34904	-787.57417
411	411	-695.41307	-698.00039	-678.16399	-2.5873213	-692.27941	-653.35057	-691.43895
412	412	-506.26237	-508.96552	-440.86215	-2.7031523	-502.81502	-415.50889	-503.23244
413	413	-994.92985	-997.64882	-966.75103	-2.7189671	-992.05403	-940.03895	-987.78239
414	414	-699.48008	-700.48874	-628.86969	-1.0086614	-664.1724	-604.25093	-664.60399
415	415	-976.06265	-979.1012	-977.61298	-3.0385485	-973.24228	-944.49317	-969.83291
416	416	-855.33341	-858.04432	-788.82641	-2.710909	-823.91708	-764.59774	-824.40974
417	417	-768.74052	-771.47044	-752.07581	-2.7299167	-765.71515	-726.07498	-765.14409
418	418	-791.27516	-794.01755	-777.67128	-2.7423829	-788.25253	-751.21843	-787.68763
419	419	-740.12	-741.43449	-691.28451	-1.3144899	-704.6144	-666.68922	-705.12341
420	420	-596.89091	-599.63558	-542.74589	-2.7446743	-593.6211	-517.58828	-594.03877
421	421	-681.07253	-684.07498	-598.42535	-3.0024481	-641.19227	-573.73772	-641.64273
422	422	-1035.3163	-1038.3847	-1039.556	-3.0683803	-1032.122	-1026.4999	-1029.5465
423	423	-588.64321	-591.34877	-560.81821	-2.7055618	-585.36675	-532.23045	-582.39786
424	424	-660.45303	-663.22491	-655.43788	-2.7718844	-657.27475	-627.66108	-656.56987
425	425	-822.60126	-825.6717	-803.10448	-3.0704357	-819.60343	-776.67609	-818.17064
426	426	-844.96953	-847.6988	-825.93853	-2.7292719	-841.99665	-801.25246	-841.40109
427	427	-956.18329	-958.92933	-956.10236	-2.7460359	-953.30597	-937.38745	-953.7259
428	428	-804.54774	-807.29279	-792.34356	-2.7450476	-801.54876	-767.95518	-801.96613
429	429	-811.92337	-814.66885	-792.5903	-2.7454884	-808.87555	-768.30117	-809.2931
430	430	-715.13052	-717.87496	-640.21794	-2.7444368	-712.0015	-615.62535	-712.42078
431	431	-767.09225	-769.80826	-740.45043	-2.716014	-764.04211	-712.73512	-762.39758
432	432	-717.08415	-719.82118	-684.68369	-2.7370266	-713.96378	-659.92926	-714.38131
433	433	-718.90046	-721.61988	-703.25998	-2.7194193	-715.76258	-674.56458	-716.18006
434	434	-733.87192	-736.63273	-699.09078	-2.7608144	-730.76769	-674.29181	-731.18507
435	435	-733.70032	-736.43379	-729.29709	-2.7334729	-730.58691	-705.80706	-731.00546
436	436	-790.18974	-793.19711	-747.96823	-3.007374	-755.98762	-723.58292	-756.40753
437	437	-592.87326	-595.28058	-584.08429	-2.4073115	-589.55182	-560.1987	-588.03236
438	438	-632.59354	-635.63612	-606.45998	-3.0425826	-629.32187	-578.72656	-626.71471
439	439	-508.23959	-511.0088	-466.13736	-2.7692053	-504.86382	-441.31265	-505.28123
440	440	-638.89681	-641.64234	-632.24507	-2.745528	-635.72466	-607.76056	-636.14206
441	441	-713.98839	-716.68212	-692.13261	-2.6937249	-710.81338	-667.39259	-711.2333
442	442	-674.02782	-676.76762	-653.06278	-2.7397965	-670.84674	-624.0044	-671.26445
443	443	-647.7971	-650.59368	-582.77483	-2.7965789	-616.93273	-558.07138	-617.36645
444	444	-660.4469	-663.18898	-663.54685	-2.7420824	-657.28211	-646.33727	-657.69949
445	445	-804.17746	-805.38283	-731.99833	-1.2053711	-773.55201	-709.39072	-774.4317
446	446	-577.77431	-580.48542	-559.87492	-2.7111051	-574.45204	-535.89146	-574.86966
447	447	-682.30741	-684.82059	-672.93632	-2.5131809	-679.13437	-649.5056	-677.78996
448	448	-867.25546	-869.9736	-831.15265	-2.7181416	-864.25095	-805.93949	-863.84379
449	449	-474.36772	-476.87158	-448.78688	-2.5038597	-470.91901	-421.31947	-469.6068
450	450	-745.79922	-748.39761	-744.07672	-2.5983922	-742.69653	-718.95057	-740.19674
451	451	-717.43139	-720.17992	-684.87514	-2.7485344	-714.35637	-660.2598	-714.77414
452	452	-758.44844	-761.47328	-686.3243	-3.0248382	-724.92836	-661.8887	-725.35101
453	453	-593.99646	-596.50213	-560.049	-2.5056723	-579.97077	-534.61052	-578.78434
454	454	-855.56846	-858.304	-853.64098	-2.735543	-852.60466	-831.57401	-851.10415
455	455	-860.60746	-863.36744	-843.72898	-2.7599745	-857.60976	-818.40406	-855.51824
456	456	-683.83404	-686.58005	-663.52099	-2.7460111	-680.67213	-639.3083	-679.97296
457	457	-943.94534	-946.70533	-949.04998	-2.7599851	-941.10495	-928.2364	-941.52258
458	458	-1015.5871	-1018.3747	-991.044	-2.7875627	-1012.7632	-963.20763	-1012.5393
459	459	-597.30504	-599.86814	-566.41561	-2.5631052	-594.02829	-537.92375	-592.6932
460	460	-804.93799	-808.66798	-759.17558	-3.7299944	-770.30841	-734.59578	-770.62739
461	461	-585.75206	-590.23971	-514.44899	-4.487646	-582.44972	-489.45468	-552.56768
462	462	-545.81354	-548.43888	-479.42962	-2.6253449	-542.48773	-452.24192	-541.48683
463	463	-786.82793	-790.21379	-725.42354	-3.3858586	-753.6921	-701.045	-754.02427
464	464	-467.03213	-469.76674	-443.98241	-2.734609	-463.5597	-418.5082	-463.55925
465	465	-718.32597	-721.05557	-659.16215	-2.7295959	-715.17724	-634.45249	-715.5951
466	466	-889.08377	-891.8181	-887.61601	-2.7343272	-875.95414	-867.50297	-876.42778
467	467	-573.54481	-576.86459	-497.12298	-3.319777	-540.13639	-472.03232	-540.56897
468	468	-724.30008	-727.00591	-702.36246	-2.7058352	-721.17501	-675.45679	-720.85967
469	469	-801.14952	-803.88472	-780.99695	-2.7352038	-798.14651	-755.47142	-798.56443
470	470	-503.73884	-506.10787	-488.88316	-2.3690318	-500.33504	-463.04496	-498.52572
471	471	-715.08591	-717.17738	-710.42925	-2.0914699	-711.96695	-685.08245	-709.22744
472	472	-688.50333	-691.23226	-649.14907	-2.728929	-685.32223	-623.0703	-685.74027
473	473	-517.68494	-520.47337	-468.39404	-2.7884321	-514.29869	-442.12599	-514.71644
474	474	-842.29586	-845.02052	-833.14884	-2.7246556	-839.30944	-808.39966	-839.72685
475	475	-852.3998	-855.12302	-852.61461	-2.7232184	-849.40161	-829.36692	-849.09948
476	476	-1184.8823	-1193.7422	-1167.3896	-8.8598962	-1170.6195	-1142.9777	-1163.3624
477	477	-760.57582	-763.34767	-734.68131	-2.7718433	-757.53741	-709.74759	-757.85054
478	478	-598.16443	-600.93479	-544.67519	-2.7703586	-594.89926	-517.27328	-593.73996
479	479	-657.5746	-660.31102	-633.38086	-2.7364194	-654.39373	-611.56456	-654.81113
480	480	-723.89304	-726.64859	-696.79992	-2.755549	-713.82382	-672.60908	-713.99554
481	481	-630.3899	-633.11595	-630.06078	-2.7260545	-627.15316	-607.39137	-627.57255
482	482	-480.03006	-482.77426	-449.26019	-2.7441959	-476.61755	-426.07773	-477.03536
483	483	-840.78377	-842.92156	-842.09058	-2.1377952	-837.81091	-813.97149	-834.63632
484	484	-765.86272	-764.45186	-697.45569	1.4108547	-729.86093	-672.9513	-759.05801
485	485	-694.22843	-696.97471	-673.01949	-2.7462781	-691.0553	-648.87946	-691.47308
486	486	-503.05772	-505.76207	-486.96871	-2.7043511	-499.67236	-461.66405	-500.08974
487	487	-679.27768	-682.02377	-658.61554	-2.7460929	-676.08007	-634.40125	-676.49848
488	488	-549.00611	-551.76897	-539.3513	-2.7628556	-545.66766	-514.9424	-545.94582
489	489	-872.76256	-876.78021	-824.97113	-4.0176497	-839.31403	-800.68958	-839.2275
490	490	-504.60866	-507.33786	-487.20575	-2.7291936	-501.1943	-465.00313	-501.61172
491	491	-566.30924	-569.0164	-562.18489	-2.7071634	-562.96437	-537.06933	-562.97032
492	492	-836.59919	-839.97805	-773.85529	-3.3788598	-798.66884	-749.56821	-799.44054
493	493	-839.29549	-842.04784	-811.30687	-2.7523473	-836.31349	-783.71341	-836.71425
494	494	-743.73364	-746.47045	-746.92974	-2.7368079	-740.63856	-723.92313	-741.03912
495	495	-644.85778	-647.62365	-637.5215	-2.7658704	-641.67148	-612.51437	-642.08894
496	496	-620.86486	-623.54086	-620.80608	-2.6760002	-617.62527	-599.42118	-614.85059
497	497	-885.52958	-888.89312	-833.33138	-3.3635412	-849.80144	-810.02329	-850.22735
498	498	-878.23825	-880.97555	-852.51267	-2.7373011	-875.29789	-826.10292	-865.31622
499	499	-764.97737	-767.71435	-728.72926	-2.7369711	-761.88981	-704.89341	-762.30934
