No.	ID	loglik_NUll	loglik_RES	loglik_all	log_ratio	loglik_Max1	loglik_Max2	loglik_Max3
0	0	-1712.8669	-1689.8139	-1692.875	23.052941	-1708.6294	-1679.5517	-1679.5517
1	1	-1550.6228	-1544.1445	-1547.4975	6.4782857	-1546.3578	-1531.4687	-1531.3193
2	2	-3346.4648	-3333.1861	-3336.2404	13.27865	-3342.808	-3323.6267	-3323.6254
3	3	-3249.6974	-3238.4625	-3241.7495	11.23484	-3246.008	-3228.3685	-3228.3774
4	4	-3335.1057	-3337.8434	-3339.3626	-2.7377001	-3331.4608	-3329.5479	-3330.6303
5	5	-1937.3084	-1891.2004	-1894.2809	46.108032	-1933.2052	-1881.2097	-1881.2099
6	6	-2897.93	-2884.7198	-2887.7959	13.210186	-2894.1891	-2875.037	-2875.0394
7	7	-3346.3763	-3277.8131	-3281.3275	68.563195	-3336.6365	-3266.6813	-3266.5751
8	8	-2595.8139	-2596.8061	-2599.2051	-0.99218894	-2592.0066	-2582.7397	-2584.1692
9	9	-1750.5308	-1697.6063	-1700.6479	52.924485	-1746.3164	-1687.4726	-1687.4721
10	10	-2527.3374	-2506.1607	-2509.481	21.176711	-2523.4726	-2495.5351	-2495.5295
11	11	-1319.0177	-1309.1147	-1312.159	9.9030243	-1314.579	-1298.4452	-1298.4429
12	12	-2027.9932	-2009.1617	-2012.1901	18.831568	-2023.915	-1999.0574	-1999.0567
13	13	-1928.8476	-1865.1346	-1868.1568	63.713023	-1924.7144	-1855.1602	-1855.1607
14	14	-2941.0848	-2942.5726	-2945.138	-1.4878635	-2937.3589	-2926.2522	-2932.9437
15	15	-3108.3455	-3099.9374	-3103.1962	8.4080515	-3104.664	-3089.1029	-3089.574
16	16	-1988.0909	-1950.5347	-1953.5778	37.556211	-1984.0219	-1940.5307	-1940.5312
17	17	-2530.7095	-2492.6559	-2495.6912	38.053599	-2526.8556	-2482.9403	-2482.9399
18	18	-2675.0805	-2638.2606	-2641.3508	36.819977	-2671.2625	-2628.6332	-2628.636
19	19	-2504.1012	-2482.0715	-2485.1612	22.029785	-2500.2426	-2472.3059	-2472.3074
20	20	-3827.0194	-3828.6637	-3830.6642	-1.6443096	-3823.4738	-3818.0316	-3818.0572
21	21	-1447.57	-1378.2382	-1381.2921	69.331788	-1443.2111	-1367.8926	-1367.8967
22	22	-1980.5933	-1945.4997	-1948.5627	35.093569	-1976.5241	-1935.482	-1935.482
23	23	-2465.6438	-2419.1142	-2422.1986	46.529602	-2461.7289	-2409.4186	-2409.4174
24	24	-2414.0703	-2399.1286	-2402.6593	14.941733	-2410.1759	-2387.6594	-2387.6567
25	25	-1804.6759	-1768.636	-1772.534	36.039934	-1800.5061	-1756.8371	-1756.8362
26	26	-2983.8134	-2958.4477	-2961.8861	25.365784	-2980.0255	-2947.4758	-2947.4401
27	27	-2970.2447	-2941.6419	-2944.6773	28.602808	-2966.5104	-2932.0978	-2932.0979
28	28	-1674.6002	-1668.1698	-1671.1992	6.4303994	-1670.3621	-1657.2936	-1656.9118
29	29	-1916.4914	-1878.8939	-1881.9159	37.597502	-1912.3674	-1868.7894	-1868.7886
30	30	-2298.3167	-2253.5893	-2256.6685	44.727376	-2294.3618	-2243.7833	-2243.7834
31	31	-1753.1237	-1728.4189	-1732.6052	24.704814	-1748.9201	-1716.0051	-1716.0015
32	32	-1689.7851	-1652.1427	-1655.1528	37.642376	-1685.5589	-1641.9407	-1641.9401
33	33	-2565.5137	-2554.5855	-2558.6078	10.928195	-2561.6631	-2542.6137	-2542.613
34	34	-2383.2712	-2327.9857	-2331.0555	55.285551	-2379.3787	-2318.2872	-2318.2876
35	35	-2377.8856	-2368.6041	-2371.6753	9.2815379	-2373.9492	-2355.753	-2358.6066
36	36	-2313.9427	-2281.5772	-2284.6611	32.365539	-2309.9995	-2271.7422	-2271.7422
37	37	-2290.767	-2240.5993	-2243.6565	50.167682	-2286.815	-2230.8085	-2230.8084
38	38	-2295.5351	-2237.128	-2240.1586	58.407103	-2291.6221	-2227.4232	-2227.4229
39	39	-2451.3904	-2398.9214	-2401.9496	52.469021	-2447.5066	-2389.2156	-2389.2167
40	40	-2716.8299	-2700.4512	-2703.7664	16.378712	-2713.0204	-2689.1013	-2689.0596
41	41	-1732.2137	-1703.4575	-1706.4954	28.756211	-1728.0126	-1693.2432	-1693.2436
42	42	-2668.4895	-2656.6706	-2659.9948	11.81886	-2664.6614	-2646.1108	-2646.1081
43	43	-2361.3544	-2347.584	-2351.1325	13.77046	-2357.441	-2335.3234	-2335.3162
44	44	-2242.0864	-2220.1598	-2223.4153	21.926645	-2238.085	-2209.7389	-2209.7326
45	45	-2596.0227	-2586.8484	-2590.1314	9.1742763	-2592.1891	-2575.3235	-2575.2922
46	46	-2014.3563	-1942.9289	-1945.9943	71.427356	-2010.2684	-1933.0436	-1933.0426
47	47	-2694.1188	-2647.0406	-2650.4055	47.078235	-2690.3099	-2636.6363	-2636.6215
48	48	-2221.053	-2205.4568	-2208.5333	15.596217	-2217.0659	-2195.4688	-2195.4696
49	49	-1483.9377	-1464.4851	-1467.5446	19.452593	-1479.6172	-1452.8576	-1453.6559
50	50	-2727.5171	-2698.291	-2701.3526	29.226115	-2723.7012	-2687.2845	-2688.6151
51	51	-2130.6054	-2088.6387	-2091.7039	41.966768	-2126.5793	-2078.708	-2078.7073
52	52	-1725.767	-1676.815	-1680.3892	48.952036	-1721.5477	-1665.4774	-1665.4807
53	53	-2463.6417	-2435.4419	-2438.5164	28.199809	-2459.7452	-2425.6514	-2425.6456
54	54	-2920.3949	-2887.2651	-2890.3207	33.129776	-2916.644	-2877.7219	-2877.722
55	55	-2290.2155	-2245.1998	-2248.2771	45.015775	-2286.2533	-2235.4187	-2235.4181
56	56	-1398.2829	-1392.2311	-1395.4645	6.0517318	-1393.927	-1381.12	-1381.1146
57	57	-3344.1363	-3327.7659	-3330.8027	16.370397	-3340.4765	-3318.2356	-3318.2358
58	58	-2163.6069	-2139.2829	-2142.6925	24.323987	-2159.6344	-2127.7036	-2127.6971
59	59	-2616.8429	-2608.3424	-2611.401	8.5004556	-2613.0155	-2598.4654	-2598.466
60	60	-1919.0164	-1903.2801	-1906.3881	15.736341	-1914.925	-1893.1099	-1893.1101
61	61	-2524.1254	-2507.9608	-2511.0063	16.164568	-2520.2725	-2498.1282	-2498.1296
62	62	-1901.5234	-1901.5959	-1904.4432	-0.072522809	-1897.3866	-1891.2257	-1891.2238
63	63	-2937.7977	-2904.7304	-2908.0769	33.067277	-2934.035	-2893.622	-2893.5485
64	64	-2793.7775	-2784.5602	-2787.6122	9.2173461	-2790.0068	-2774.7842	-2774.7828
65	65	-3053.6871	-3011.0578	-3015.4497	42.629295	-3049.9827	-2999.5913	-2999.5894
66	66	-3246.0907	-3240.4124	-3244.2018	5.6782888	-3242.3709	-3228.4075	-3228.384
67	67	-1569.0997	-1547.5822	-1551.5781	21.517491	-1564.8129	-1535.472	-1535.4705
68	68	-1525.8347	-1511.1039	-1515.3326	14.730775	-1521.5449	-1499.079	-1498.9979
69	69	-2683.8277	-2655.6012	-2658.697	28.226505	-2680.0082	-2645.9169	-2645.9171
70	70	-2143.2208	-2064.9022	-2067.9748	78.318665	-2139.2083	-2055.1159	-2055.1171
71	71	-2201.2903	-2187.0763	-2190.5408	14.214006	-2197.2907	-2174.5324	-2174.2712
72	72	-1291.8086	-1258.3559	-1261.4124	33.452712	-1287.3366	-1246.974	-1246.9027
73	73	-1914.6485	-1881.7187	-1884.7663	32.929738	-1910.4914	-1871.6332	-1871.6335
74	74	-1309.9888	-1261.2365	-1264.2826	48.75231	-1305.5386	-1250.3906	-1250.397
75	75	-2936.4941	-2934.9742	-2938.1788	1.5199237	-2932.7672	-2923.7973	-2923.7514
76	76	-1679.4608	-1654.055	-1657.2709	25.405783	-1675.223	-1643.4064	-1643.4011
77	77	-2373.2117	-2361.9476	-2365.0171	11.264169	-2369.2882	-2351.9365	-2351.9319
78	78	-2474.6755	-2432.2994	-2435.3925	42.376067	-2470.8152	-2422.6318	-2422.6319
79	79	-2132.3562	-2120.4712	-2123.5067	11.885028	-2128.3741	-2110.1845	-2110.1699
80	80	-2417.8609	-2386.7843	-2389.8477	31.076587	-2413.9646	-2377.0107	-2377.0107
81	81	-2932.7287	-2910.6018	-2913.6853	22.126891	-2928.9385	-2901.0064	-2901.0045
82	82	-3604.8677	-3573.8292	-3576.8916	31.038441	-3601.2806	-3564.5066	-3564.5058
83	83	-2555.7136	-2540.8689	-2543.9364	14.844777	-2551.8536	-2531.0216	-2531.0207
84	84	-2727.4981	-2684.37	-2687.7241	43.128148	-2723.6759	-2673.9678	-2673.9683
85	85	-1861.6146	-1802.7546	-1805.8036	58.860037	-1857.4609	-1792.7521	-1792.7525
86	86	-2270.2809	-2176.7041	-2180.0297	93.576843	-2258.0314	-2166.2146	-2166.2127
87	87	-2011.3001	-1961.6877	-1964.727	49.612372	-2007.2238	-1951.736	-1951.7361
88	88	-1672.3713	-1642.1008	-1645.1569	30.270533	-1668.1163	-1631.583	-1631.5892
89	89	-1789.2338	-1740.1057	-1743.1904	49.128034	-1785.0143	-1728.4741	-1729.9303
90	90	-2103.9629	-2051.3626	-2054.4126	52.600392	-2099.9481	-2041.493	-2041.4937
91	91	-2244.3897	-2238.5708	-2241.9236	5.8188467	-2240.4246	-2227.624	-2227.6201
92	92	-1998.7622	-1973.1922	-1976.2401	25.569935	-1994.6861	-1963.0845	-1963.0847
93	93	-1902.6975	-1849.5233	-1852.5617	53.174201	-1898.5661	-1839.5027	-1839.5027
94	94	-1511.1182	-1479.7714	-1482.8321	31.346788	-1506.8268	-1469.3843	-1469.3599
95	95	-1960.803	-1909.2421	-1912.3135	51.56096	-1956.692	-1899.2609	-1899.262
96	96	-2337.3775	-2309.3132	-2312.3727	28.06429	-2333.4435	-2299.4513	-2299.4518
97	97	-2061.6413	-2050.2232	-2053.2571	11.418133	-2057.577	-2040.0498	-2040.0512
98	98	-2648.5565	-2615.7676	-2618.837	32.788846	-2644.7599	-2606.1411	-2606.1414
99	99	-2025.7453	-1966.4049	-1969.49	59.340429	-2021.6752	-1956.5051	-1956.5049
100	100	-2305.7678	-2293.0641	-2296.1631	12.703717	-2301.8286	-2283.1174	-2283.1174
101	101	-1805.9101	-1785.4673	-1788.8006	20.442798	-1801.7188	-1773.5047	-1773.1663
102	102	-1326.0629	-1284.8249	-1287.9321	41.237998	-1321.6358	-1274.3152	-1274.3152
103	103	-2812.278	-2799.9322	-2802.9782	12.345859	-2808.5212	-2788.5574	-2790.1809
104	104	-1640.1021	-1601.2899	-1604.3662	38.812169	-1635.8582	-1591.0799	-1591.0795
105	105	-2306.9562	-2293.0102	-2296.0732	13.945988	-2303.0023	-2283.0643	-2283.0646
106	106	-2300.7894	-2288.5827	-2291.6537	12.206702	-2296.8527	-2278.6281	-2278.6282
107	107	-2761.1021	-2763.5797	-2765.2259	-2.4775229	-2757.3516	-2754.1876	-2754.1862
108	108	-1814.3274	-1801.3243	-1804.3231	13.003104	-1810.1589	-1790.7457	-1790.7479
109	109	-2816.2458	-2795.1526	-2798.4634	21.093226	-2812.4539	-2784.7678	-2784.7678
110	110	-2392.6616	-2384.6699	-2388.0471	7.9917586	-2388.7498	-2373.8148	-2373.8108
111	111	-3181.2983	-3147.4161	-3150.4938	33.882291	-3170.8756	-3137.5748	-3137.9875
112	112	-2024.1222	-2013.6951	-2016.7409	10.427056	-2020.0269	-2003.4865	-2003.4838
113	113	-2898.5925	-2875.9807	-2879.0775	22.611806	-2894.8266	-2866.3474	-2866.3475
114	114	-2178.8045	-2135.0756	-2138.4555	43.728869	-2174.8086	-2124.2047	-2124.2056
115	115	-1892.082	-1868.8964	-1871.9292	23.185551	-1887.9636	-1857.9611	-1858.7149
116	116	-2287.724	-2227.1319	-2230.1935	60.592028	-2283.7528	-2217.3875	-2217.3876
117	117	-2035.7364	-1968.4248	-1971.4765	67.311574	-2031.6863	-1958.5212	-1958.5222
118	118	-1399.8527	-1341.3831	-1344.6273	58.469595	-1395.4484	-1330.4874	-1330.4771
119	119	-2108.9053	-2047.1635	-2050.226	61.741778	-2104.884	-2037.2973	-2037.2978
120	120	-2558.7764	-2557.7536	-2560.8281	1.0228698	-2554.9455	-2547.8305	-2547.8308
121	121	-1785.3771	-1744.6748	-1748.0382	40.702261	-1781.2006	-1733.3281	-1733.3242
122	122	-2801.4356	-2775.9005	-2779.1921	25.535143	-2797.6591	-2765.4618	-2765.4682
123	123	-1825.2665	-1804.8764	-1808.6801	20.390097	-1821.1371	-1793.0244	-1793.0243
124	124	-2347.4816	-2337.5541	-2341.033	9.9275129	-2343.5722	-2326.3913	-2326.3862
125	125	-2269.5141	-2230.2671	-2233.7149	39.246956	-2265.565	-2219.2458	-2219.2398
126	126	-2473.9188	-2420.6131	-2423.6657	53.305645	-2470.0367	-2410.9308	-2410.9313
127	127	-2404.0046	-2398.7267	-2401.7662	5.277865	-2400.1091	-2388.7363	-2388.7365
128	128	-2209.7724	-2196.318	-2199.4024	13.454388	-2205.7928	-2186.1416	-2185.9493
129	129	-1986.8758	-1964.9175	-1967.9826	21.958231	-1982.7639	-1954.772	-1954.7728
130	130	-1356.28	-1290.5789	-1293.6284	65.701098	-1351.8871	-1280.1613	-1280.1609
131	131	-2266.0763	-2256.9497	-2259.9907	9.1265752	-2262.0817	-2246.8616	-2246.8625
132	132	-1948.7173	-1915.178	-1918.2392	33.539328	-1944.6065	-1905.0237	-1905.0089
133	133	-2530.0079	-2513.6822	-2516.7293	16.325652	-2526.1581	-2503.8489	-2503.8484
134	134	-3326.7864	-3305.8697	-3308.8828	20.916694	-3323.0941	-3296.3085	-3296.3078
135	135	-2619.7156	-2622.4432	-2623.9718	-2.7276277	-2615.92	-2613.592	-2612.3854
136	136	-2255.1875	-2227.205	-2230.2318	27.982525	-2251.2183	-2217.2758	-2217.2744
137	137	-1809.0059	-1761.5643	-1764.5864	47.441612	-1804.8065	-1751.486	-1751.4863
138	138	-2077.6901	-2044.6642	-2047.7407	33.025892	-2073.6524	-2034.6866	-2034.6856
139	139	-2962.2105	-2933.9382	-2937.2025	28.272248	-2958.472	-2923.7276	-2923.7142
140	140	-1671.0375	-1581.6118	-1584.6416	89.42571	-1666.7805	-1571.5495	-1571.5494
141	141	-2580.6158	-2565.982	-2569.4554	14.633767	-2576.7586	-2554.5848	-2554.9175
142	142	-2079.2741	-2067.8052	-2072.9349	11.468974	-2075.2551	-2056.5908	-2056.2744
143	143	-2643.341	-2645.8561	-2647.585	-2.5150842	-2639.4813	-2635.3278	-2636.1694
144	144	-1841.3083	-1799.912	-1802.9543	41.396266	-1837.1587	-1789.7956	-1789.7952
145	145	-2318.5143	-2298.9839	-2302.0556	19.530405	-2314.6089	-2289.0877	-2289.0884
146	146	-1684.1522	-1651.1956	-1654.2465	32.956632	-1679.9269	-1640.9897	-1640.9906
147	147	-1677.7753	-1645.1554	-1648.2455	32.619942	-1673.5641	-1634.935	-1634.9344
148	148	-1483.2185	-1426.4561	-1429.5473	56.762434	-1478.8926	-1415.6707	-1415.4677
149	149	-1437.1591	-1421.6167	-1424.6686	15.542396	-1432.8188	-1410.1041	-1411.0835
150	150	-1880.4367	-1839.9501	-1843.0129	40.48662	-1876.2932	-1829.8519	-1829.8523
151	151	-3157.8794	-3126.4937	-3129.5653	31.385731	-3154.1764	-3117.0653	-3117.0643
152	152	-2803.3115	-2802.8973	-2805.9593	0.41420252	-2799.5487	-2791.1305	-2793.0454
153	153	-1724.53	-1707.0147	-1710.4703	17.515312	-1720.2854	-1694.3501	-1694.9476
154	154	-2975.0549	-2935.5723	-2938.8403	39.482627	-2971.3377	-2925.4994	-2925.501
155	155	-2053.1352	-2018.0129	-2021.6032	35.122291	-2049.0851	-2006.7319	-2006.7246
156	156	-4059.489	-4051.973	-4055.2165	7.5160393	-4055.9864	-4042.2223	-4042.2076
157	157	-2878.2452	-2871.6692	-2874.9588	6.5760259	-2874.4847	-2861.2178	-2861.2499
158	158	-2946.887	-2949.6398	-2951.1064	-2.7527771	-2943.1441	-2940.4842	-2940.4242
159	159	-1818.9229	-1821.0911	-1823.0587	-2.1681875	-1814.7547	-1809.4667	-1809.4417
160	160	-2942.5877	-2930.7361	-2934.0761	11.851597	-2938.8711	-2920.2581	-2920.2578
161	161	-2186.9563	-2129.0853	-2132.1675	57.871031	-2182.9384	-2119.2709	-2119.2713
162	162	-2321.5039	-2304.5712	-2307.9238	16.932691	-2317.5482	-2293.1567	-2293.1533
163	163	-2439.3288	-2439.2665	-2442.1399	0.062272377	-2435.4416	-2427.3726	-2429.0275
164	164	-2385.9145	-2337.927	-2342.1919	47.987456	-2382.032	-2325.6381	-2325.6365
165	165	-2585.8574	-2574.311	-2577.6608	11.546357	-2581.9845	-2563.579	-2563.5825
166	166	-2357.6681	-2349.5485	-2352.6134	8.1195208	-2353.7507	-2339.5659	-2339.5674
167	167	-1999.6379	-1947.3318	-1950.4155	52.306089	-1995.5771	-1937.4204	-1937.4205
168	168	-2118.2207	-2099.2621	-2102.2975	18.958589	-2114.1948	-2089.2087	-2089.2088
169	169	-1501.3541	-1442.2127	-1445.2799	59.141392	-1497.0335	-1431.927	-1431.9282
170	170	-2101.4998	-2079.8847	-2082.9245	21.615169	-2097.4388	-2069.8007	-2069.8002
171	171	-1665.2437	-1610.503	-1613.9614	54.740768	-1660.9808	-1599.0453	-1599.0441
172	172	-1273.3985	-1242.0543	-1245.1123	31.344242	-1268.9074	-1231.4104	-1231.4105
173	173	-1695.0167	-1692.9716	-1696.0626	2.0450303	-1690.7916	-1682.5634	-1682.5622
174	174	-1880.6306	-1842.2784	-1845.2867	38.352174	-1876.4882	-1832.1769	-1832.1772
175	175	-3501.3423	-3482.1731	-3485.2258	19.169276	-3494.3283	-3472.7292	-3472.728
176	176	-2020.8231	-2012.5797	-2015.6465	8.2433625	-2016.7262	-2002.144	-2002.1436
177	177	-1922.2403	-1908.5014	-1911.7266	13.738846	-1918.1145	-1898.0383	-1898.0384
178	178	-2072.3805	-2034.2221	-2037.2861	38.158441	-2068.3251	-2024.2558	-2024.2555
179	179	-1553.281	-1521.7934	-1525.0355	31.487582	-1549.0107	-1510.9712	-1510.9713
180	180	-2221.2012	-2178.2152	-2181.5673	42.986053	-2217.1726	-2167.3595	-2167.3602
181	181	-1840.6971	-1752.445	-1755.4401	88.252086	-1836.531	-1742.476	-1742.476
182	182	-2582.5664	-2578.636	-2582.6806	3.9303302	-2578.7272	-2564.4815	-2564.2569
183	183	-1640.1898	-1613.9071	-1616.944	26.282704	-1635.9614	-1603.6084	-1603.6083
184	184	-3227.156	-3207.1797	-3211.1692	19.976237	-3223.4337	-3194.8074	-3194.8014
185	185	-2091.8766	-2084.2635	-2087.1824	7.6131139	-2087.843	-2070.0518	-2072.8199
186	186	-2262.8358	-2186.6018	-2189.6668	76.234045	-2258.8708	-2176.9103	-2176.9099
187	187	-2767.0069	-2738.0589	-2741.1058	28.947953	-2763.2302	-2728.4218	-2728.4225
188	188	-1506.842	-1451.3499	-1454.3995	55.492093	-1502.5602	-1441.0816	-1441.0808
189	189	-1833.508	-1774.0189	-1777.1261	59.489089	-1829.3564	-1764.004	-1764.0036
190	190	-1795.4289	-1770.6838	-1773.8182	24.745106	-1791.2559	-1760.4394	-1760.4211
191	191	-2444.4506	-2436.5313	-2439.8992	7.9193021	-2440.5519	-2425.0917	-2425.0943
192	192	-1848.7928	-1809.251	-1812.7096	39.541886	-1844.6306	-1797.9926	-1797.989
193	193	-2931.5069	-2896.094	-2899.136	35.412879	-2927.764	-2886.5528	-2886.5523
194	194	-3141.5204	-3121.0442	-3124.1107	20.476139	-3137.8356	-3111.4878	-3111.4879
195	195	-2679.9451	-2671.2933	-2674.3669	8.6517754	-2676.1097	-2661.0662	-2661.4544
196	196	-2542.5172	-2526.8039	-2532.2913	15.713362	-2538.65	-2513.1255	-2513.1238
197	197	-2231.1354	-2193.5427	-2196.5848	37.592655	-2227.1229	-2183.6333	-2183.6324
198	198	-2445.6894	-2429.6801	-2432.7421	16.009267	-2441.7852	-2418.399	-2419.8232
199	199	-2760.8319	-2741.4115	-2745.2081	19.420415	-2757.0791	-2730.4645	-2730.463
200	200	-2391.84	-2373.2883	-2377.2849	18.551689	-2387.9326	-2356.1597	-2358.954
201	201	-3002.2181	-2985.2422	-2988.3104	16.975872	-2998.5005	-2975.647	-2975.644
202	202	-1994.9593	-1954.1039	-1957.5999	40.855408	-1990.8698	-1942.6161	-1942.6136
203	203	-1888.5581	-1845.4249	-1848.5211	43.133157	-1884.4348	-1835.3699	-1835.3696
204	204	-1196.3698	-1134.9378	-1138.285	61.431994	-1191.8198	-1123.5129	-1123.5148
205	205	-2609.6139	-2576.4605	-2580.0213	33.153426	-2605.788	-2565.1269	-2565.0795
206	206	-2610.4505	-2595.3454	-2598.4236	15.105051	-2606.6231	-2585.5667	-2585.5678
207	207	-3048.8915	-3018.5044	-3022.1923	30.387051	-3045.1813	-3007.3468	-3007.3468
208	208	-2171.0916	-2145.5955	-2149.2122	25.496125	-2167.0991	-2133.626	-2133.6271
209	209	-3453.276	-3449.399	-3452.3021	3.876906	-3449.6561	-3435.9449	-3439.77
210	210	-3215.2363	-3211.4105	-3213.8452	3.8258457	-3211.5478	-3190.6731	-3200.232
211	211	-2693.1821	-2690.4613	-2693.5203	2.7207929	-2689.3752	-2680.5794	-2680.58
212	212	-1671.2533	-1638.0648	-1641.0998	33.188459	-1667.0092	-1627.8307	-1627.8295
213	213	-2649.6503	-2609.9308	-2613.0139	39.719551	-2645.8583	-2600.3241	-2600.3258
214	214	-2722.725	-2696.7418	-2700.0766	25.983191	-2718.9184	-2685.9555	-2686.1114
215	215	-2716.6401	-2710.5226	-2713.429	6.1174858	-2712.8341	-2698.6794	-2700.6643
216	216	-1777.5715	-1713.1788	-1716.2353	64.392708	-1773.3613	-1703.1528	-1703.1519
217	217	-1551.4332	-1497.5577	-1500.6236	53.875516	-1547.1502	-1487.2912	-1487.2923
218	218	-2964.6467	-2905.0693	-2908.1225	59.5774	-2953.0689	-2895.6191	-2895.6193
219	219	-1755.3625	-1729.3423	-1732.3604	26.020227	-1751.1388	-1718.2462	-1719.0519
220	220	-2451.6609	-2401.8679	-2404.9396	49.792994	-2447.7689	-2392.1582	-2392.1602
221	221	-3039.5581	-3007.6098	-3010.6628	31.948346	-3035.8055	-2998.1054	-2998.1049
222	222	-1838.9577	-1838.4145	-1841.4714	0.54311521	-1834.7881	-1827.5175	-1827.4902
223	223	-1424.4396	-1395.2725	-1398.2904	29.167102	-1420.0901	-1384.7907	-1384.7901
224	224	-1974.9366	-1890.1935	-1893.2478	84.743109	-1970.8244	-1880.2783	-1880.2781
225	225	-2813.8786	-2801.0964	-2806.7573	12.78218	-2810.1099	-2789.4947	-2789.4008
226	226	-2911.5943	-2878.0914	-2881.1106	33.502881	-2907.8456	-2868.4984	-2868.4984
227	227	-2888.2335	-2851.704	-2855.4845	36.529509	-2884.4681	-2840.4417	-2840.442
228	228	-1918.0645	-1898.2013	-1902.1406	19.863163	-1913.9604	-1885.9704	-1885.9697
229	229	-1963.3705	-1948.2609	-1951.3187	15.109624	-1959.2791	-1937.9611	-1937.955
230	230	-1894.1978	-1885.7006	-1889.0431	8.4971553	-1890.0658	-1873.8159	-1873.8149
231	231	-2512.2681	-2484.0421	-2487.1168	28.225924	-2508.419	-2474.3337	-2474.3325
232	232	-2227.232	-2219.3573	-2222.3947	7.8746693	-2223.2658	-2209.016	-2208.97
233	233	-2084.7967	-2058.2921	-2061.3559	26.504575	-2080.7451	-2048.2461	-2048.2472
234	234	-2152.9866	-2086.5186	-2089.5761	66.468026	-2148.9864	-2076.6957	-2076.6954
235	235	-2319.2523	-2283.7166	-2286.8028	35.535771	-2315.2978	-2273.8809	-2273.8814
236	236	-2114.1328	-2079.2327	-2082.2786	34.900026	-2110.1078	-2069.2804	-2069.2801
237	237	-2891.5187	-2883.8566	-2886.6225	7.6620306	-2887.742	-2871.4472	-2870.8568
238	238	-3527.5059	-3526.516	-3529.3044	0.98989363	-3523.8929	-3513.7776	-3514.5464
239	239	-2672.4535	-2652.014	-2655.0673	20.439493	-2668.6322	-2642.2757	-2642.2757
240	240	-2141.388	-2124.6383	-2127.7165	16.749756	-2137.3901	-2114.5902	-2114.5922
241	241	-3046.6064	-3041.329	-3044.7891	5.2774482	-3042.884	-3029.4493	-3029.4237
242	242	-1379.5224	-1314.7988	-1317.8581	64.723638	-1375.1274	-1304.3947	-1304.395
243	243	-1921.9523	-1872.3513	-1875.4148	49.600969	-1917.8475	-1862.3472	-1862.3467
244	244	-2153.1252	-2102.8208	-2105.88	50.30435	-2149.121	-2092.9755	-2092.9755
245	245	-2072.3971	-2064.6223	-2067.6549	7.7747431	-2068.3663	-2053.8862	-2053.8396
246	246	-3412.85	-3384.364	-3387.8193	28.486046	-3409.1923	-3373.8894	-3373.8787
247	247	-2115.2009	-2065.2722	-2068.7524	49.928688	-2111.1819	-2054.1048	-2054.1025
248	248	-2117.9674	-2094.0272	-2097.4342	23.940135	-2113.939	-2082.8838	-2082.884
249	249	-1847.7271	-1825.9289	-1828.9435	21.798212	-1843.5919	-1815.7218	-1815.722
250	250	-2637.1902	-2635.3476	-2638.4039	1.8426108	-2633.3421	-2622.8346	-2625.3167
251	251	-1961.0413	-1912.9872	-1916.0233	48.054039	-1956.9617	-1902.9739	-1902.9737
252	252	-2112.4283	-2084.4924	-2087.5205	27.935887	-2108.4206	-2073.6132	-2074.4799
253	253	-2179.2715	-2174.9129	-2177.9407	4.3586807	-2175.242	-2162.3594	-2163.7
254	254	-1382.1798	-1301.6442	-1304.7055	80.535638	-1377.7537	-1291.2066	-1291.2059
255	255	-2868.1515	-2826.8378	-2830.1403	41.313682	-2864.401	-2816.664	-2816.6579
256	256	-2340.1831	-2312.2422	-2315.5991	27.94092	-2336.2669	-2301.8898	-2301.8732
257	257	-1782.939	-1687.1407	-1690.1811	95.798334	-1778.7315	-1677.1587	-1677.1585
258	258	-3353.2907	-3334.6529	-3337.9269	18.637776	-3349.6343	-3324.5353	-3324.5247
259	259	-2379.8145	-2330.9924	-2334.0779	48.822085	-2375.8702	-2321.2602	-2321.2632
260	260	-2292.4455	-2239.533	-2242.98	52.912529	-2288.4756	-2228.4281	-2228.4255
261	261	-2325.5093	-2318.7489	-2322.0565	6.7603632	-2321.5731	-2306.6212	-2307.2064
262	262	-2848.5617	-2830.6959	-2834.0258	17.865793	-2844.7755	-2820.2224	-2820.2156
263	263	-2839.6545	-2818.9896	-2822.922	20.664858	-2835.8895	-2807.3251	-2807.3046
264	264	-2252.6773	-2242.7788	-2246.6536	9.8984819	-2248.6986	-2228.8202	-2230.078
265	265	-2923.2121	-2914.4939	-2917.5275	8.7181798	-2919.4534	-2904.7146	-2904.7145
266	266	-2013.1654	-1976.3295	-1979.3859	36.83586	-2009.1168	-1966.319	-1966.3194
267	267	-2436.041	-2397.3893	-2401.4425	38.651669	-2432.1412	-2385.7938	-2385.7945
268	268	-2218.275	-2206.7966	-2209.9933	11.478418	-2214.306	-2195.3524	-2195.3081
269	269	-2237.569	-2206.7641	-2210.3102	30.804917	-2233.5854	-2193.736	-2193.737
270	270	-2744.3945	-2712.4711	-2715.5208	31.923391	-2740.6235	-2702.8764	-2702.8751
271	271	-1460.299	-1423.2097	-1426.2545	37.0893	-1455.9532	-1412.7864	-1412.7863
272	272	-2264.1476	-2205.4699	-2208.535	58.677675	-2260.1948	-2195.7103	-2195.7094
273	273	-3388.6221	-3365.4514	-3369.1281	23.170667	-3384.9894	-3354.4586	-3354.4578
274	274	-2932.8342	-2919.5	-2922.5699	13.334195	-2929.1272	-2909.8319	-2909.8318
275	275	-2112.9842	-2098.3527	-2101.4224	14.631504	-2108.9334	-2088.2764	-2088.2781
276	276	-1567.3018	-1530.5249	-1533.5669	36.776952	-1562.9919	-1520.2038	-1520.2048
277	277	-2272.0132	-2267.0206	-2271.4296	4.9925208	-2268.0764	-2254.3566	-2254.2091
278	278	-2772.0654	-2755.2142	-2758.2671	16.851242	-2768.2651	-2745.4932	-2745.4928
279	279	-2655.8913	-2640.6038	-2644.0446	15.287506	-2652.0714	-2629.5923	-2629.5947
280	280	-1966.404	-1869.6963	-1872.7638	96.707628	-1962.2945	-1859.8421	-1859.8421
281	281	-2537.8683	-2494.1138	-2497.1859	43.754492	-2533.9911	-2484.4306	-2484.4304
282	282	-2504.2266	-2465.5905	-2468.6641	38.636095	-2500.3726	-2455.9069	-2455.9071
283	283	-1757.1407	-1699.7607	-1702.8225	57.380064	-1752.9555	-1689.7081	-1689.7086
284	284	-3008.9024	-3003.8575	-3006.6335	5.0449301	-3005.1729	-2992.2315	-2992.4126
285	285	-1808.4377	-1767.9175	-1770.9774	40.520216	-1804.2554	-1757.8238	-1757.8254
286	286	-2648.7767	-2630.2371	-2633.2879	18.539599	-2644.9374	-2620.4591	-2620.4591
287	287	-1316.0473	-1210.8207	-1213.8445	105.22666	-1311.5983	-1200.3963	-1200.3964
288	288	-2091.8217	-2064.695	-2068.033	27.126662	-2087.7528	-2052.9402	-2052.8905
289	289	-2670.7226	-2638.3538	-2641.4215	32.368768	-2666.9246	-2628.6903	-2628.6918
290	290	-2474.1186	-2431.6661	-2434.7001	42.452543	-2470.2243	-2421.9012	-2421.9007
291	291	-2355.8688	-2320.5256	-2323.9483	35.343193	-2351.9353	-2309.5556	-2309.5548
292	292	-2886.5871	-2879.8848	-2883.1885	6.7023003	-2882.8356	-2868.5489	-2869.4128
293	293	-1303.4325	-1272.9211	-1276.15	30.511383	-1298.9679	-1261.7023	-1261.6927
294	294	-2119.7129	-2092.3183	-2095.3943	27.394626	-2115.7135	-2082.3473	-2082.3276
295	295	-3115.5449	-3106.7537	-3110.178	8.7912054	-3111.8623	-3096.7135	-3096.7154
296	296	-2637.2775	-2591.4491	-2594.4855	45.828456	-2633.4478	-2581.8291	-2581.828
297	297	-2910.8201	-2890.8049	-2894.0669	20.015223	-2907.0519	-2880.6045	-2880.594
298	298	-2955.6264	-2953.3469	-2957.019	2.2795413	-2951.8989	-2941.1962	-2941.1917
299	299	-2349.6315	-2324.6626	-2327.7145	24.968896	-2345.7168	-2314.8179	-2314.8181
300	300	-1299.1283	-1223.8981	-1226.9395	75.230221	-1294.6492	-1213.3693	-1213.3675
301	301	-2402.3345	-2354.8874	-2358.1006	47.447109	-2398.4369	-2345.061	-2345.0526
302	302	-2439.4056	-2415.7956	-2418.8859	23.610025	-2435.5328	-2405.9959	-2405.9948
303	303	-2190.0358	-2169.9171	-2173.4524	20.11871	-2186.0676	-2159.1268	-2159.1343
304	304	-2415.2855	-2361.627	-2364.6794	53.658487	-2411.3878	-2351.9452	-2351.9451
305	305	-2491.9067	-2472.8054	-2475.855	19.101347	-2488.0323	-2462.9702	-2462.9694
306	306	-2484.1406	-2460.3009	-2463.5569	23.83973	-2480.2593	-2449.8949	-2449.8875
307	307	-2127.9339	-2130.1864	-2131.9728	-2.2524918	-2123.8921	-2118.4946	-2118.8017
308	308	-2623.2651	-2618.9216	-2624.328	4.3434491	-2619.43	-2609.1745	-2608.8808
309	309	-3258.1569	-3236.4225	-3239.8452	21.734384	-3254.4577	-3224.5202	-3224.4783
310	310	-2604.5269	-2569.1631	-2572.2257	35.363794	-2600.6668	-2559.4721	-2559.4712
311	311	-2276.5293	-2239.7344	-2242.7718	36.794992	-2272.6017	-2229.9034	-2229.9043
312	312	-3434.6134	-3394.9741	-3398.1616	39.639243	-3424.1497	-3385.2103	-3385.2052
313	313	-3056.6211	-3043.9877	-3047.2446	12.633442	-3052.8498	-3033.1838	-3034.2177
314	314	-1914.9228	-1897.15	-1900.2071	17.77274	-1910.8072	-1886.9843	-1886.9856
315	315	-2352.5186	-2308.8595	-2312.3839	43.659085	-2348.5876	-2298.3473	-2298.3501
316	316	-2270.0851	-2239.6837	-2243.4128	30.401402	-2266.1011	-2227.1353	-2226.9264
317	317	-2442.5345	-2422.025	-2425.3785	20.509488	-2438.6503	-2410.5279	-2410.3389
318	318	-2053.8447	-2046.7094	-2049.7467	7.1352739	-2049.8231	-2036.2086	-2036.212
319	319	-3603.1962	-3583.0764	-3586.3317	20.119711	-3599.6368	-3573.2186	-3573.1792
320	320	-1595.3546	-1542.538	-1547.0104	52.816631	-1591.0804	-1529.8799	-1529.8797
321	321	-3572.4406	-3565.5391	-3568.8443	6.9014817	-3568.8384	-3554.9723	-3554.9606
322	322	-1979.0267	-1942.8357	-1945.9219	36.191008	-1974.9398	-1932.8146	-1932.8144
323	323	-2794.1124	-2783.7414	-2786.8457	10.370943	-2790.3344	-2773.9785	-2773.9785
324	324	-1560.2019	-1486.8649	-1490.4935	73.336987	-1555.9282	-1475.4046	-1475.4026
325	325	-2571.974	-2560.7775	-2564.0973	11.196531	-2568.0914	-2550.037	-2550.0353
326	326	-1754.2859	-1723.8789	-1726.9608	30.407026	-1750.0916	-1713.7081	-1713.7076
327	327	-2374.5128	-2364.5695	-2367.6164	9.9433634	-2370.6021	-2354.1647	-2354.5882
328	328	-2080.7666	-2054.3759	-2057.4673	26.390746	-2076.7345	-2044.374	-2044.3738
329	329	-1976.4916	-1967.5951	-1970.6611	8.8964486	-1972.3924	-1956.9044	-1956.9044
330	330	-2107.3303	-2073.2819	-2076.3038	34.048395	-2103.3065	-2063.2913	-2063.2921
331	331	-1805.8945	-1802.4141	-1805.1107	3.4803727	-1801.7277	-1785.3344	-1789.5995
332	332	-1574.4434	-1554.4183	-1557.6495	20.02507	-1570.1631	-1543.4658	-1543.4642
333	333	-3027.6612	-3021.2115	-3024.2823	6.4496398	-3023.9431	-3011.4893	-3011.5224
334	334	-1721.9769	-1641.8869	-1644.9592	80.089972	-1717.7405	-1631.8457	-1631.8457
335	335	-1528.1623	-1494.3137	-1497.3743	33.848625	-1523.878	-1483.9852	-1483.987
336	336	-1921.1702	-1914.0103	-1917.0936	7.1599404	-1917.066	-1903.7791	-1903.7785
337	337	-1731.0799	-1697.1165	-1700.1623	33.963383	-1726.8563	-1686.9003	-1686.8997
338	338	-1796.6708	-1780.5652	-1783.591	16.105568	-1792.4679	-1770.2827	-1770.2883
339	339	-2325.5182	-2292.3949	-2295.7559	33.123246	-2321.5511	-2281.6572	-2281.6513
340	340	-2117.9529	-2092.264	-2095.3026	25.688895	-2113.9272	-2082.2125	-2082.1791
341	341	-1684.0461	-1661.7599	-1664.836	22.286226	-1679.8386	-1651.5089	-1651.5081
342	342	-2529.9105	-2484.2755	-2487.34	45.635016	-2526.0426	-2474.6097	-2474.6093
343	343	-2217.5114	-2182.2006	-2185.5656	35.310816	-2213.517	-2171.3293	-2171.3309
344	344	-3001.5875	-2978.3606	-2981.6547	23.226944	-2997.8585	-2968.1653	-2968.1508
345	345	-1654.06	-1613.1982	-1616.2646	40.861843	-1649.8363	-1602.9844	-1602.9849
346	346	-2875.2718	-2849.5125	-2852.5872	25.759317	-2871.505	-2838.2923	-2839.8965
347	347	-3459.5526	-3452.8525	-3455.9415	6.7000983	-3455.9206	-3441.968	-3442.6552
348	348	-1604.2472	-1552.4269	-1555.4644	51.820252	-1599.991	-1542.2009	-1542.2014
349	349	-2057.7433	-2044.2346	-2047.2924	13.508703	-2053.7065	-2034.1145	-2034.114
350	350	-3487.6786	-3469.5617	-3472.5673	18.116884	-3484.0413	-3460.0477	-3460.0475
351	351	-2012.0746	-1956.8859	-1960.3135	55.188756	-2007.9949	-1945.8304	-1945.827
352	352	-3400.5243	-3387.4073	-3393.241	13.117057	-3396.8581	-3371.6335	-3373.8434
353	353	-2602.1623	-2582.9727	-2585.806	19.189602	-2598.3435	-2570.6004	-2573.2123
354	354	-1967.7848	-1944.4949	-1947.567	23.289907	-1963.666	-1934.3925	-1934.3948
355	355	-3541.1302	-3524.4063	-3527.4531	16.723894	-3537.5274	-3514.4819	-3514.3899
356	356	-1829.8333	-1800.5046	-1803.7338	29.328696	-1825.6837	-1790.2068	-1790.2083
357	357	-2719.0172	-2720.7153	-2722.8802	-1.6980213	-2715.2167	-2710.7835	-2710.7835
358	358	-2047.6765	-1998.5866	-2002.0494	49.089947	-2043.6467	-1987.5647	-1987.5679
359	359	-2336.333	-2267.0293	-2270.2645	69.303749	-2332.402	-2256.8617	-2256.8629
360	360	-2809.2501	-2789.46	-2792.4904	19.790121	-2805.4701	-2778.1984	-2779.727
361	361	-1891.5432	-1873.5777	-1876.6273	17.965497	-1887.4346	-1863.3887	-1863.3887
362	362	-3708.1302	-3691.5545	-3694.6384	16.575792	-3704.5532	-3681.8124	-3682.162
363	363	-1857.0162	-1824.1509	-1827.1953	32.865283	-1852.8809	-1813.9827	-1813.983
364	364	-2336.5252	-2302.2872	-2305.3389	34.237981	-2332.5666	-2292.4449	-2292.4453
365	365	-1897.1759	-1818.2742	-1821.3434	78.901639	-1893.0298	-1808.3269	-1808.3256
366	366	-2265.2542	-2242.7516	-2245.8466	22.502654	-2261.2888	-2232.8167	-2232.8155
367	367	-1519.874	-1493.9319	-1496.9876	25.94206	-1515.5775	-1483.2427	-1483.5648
368	368	-2142.2111	-2123.4325	-2126.708	18.77861	-2138.2025	-2112.6508	-2112.6521
369	369	-1650.6415	-1580.7838	-1583.8611	69.857637	-1646.3846	-1570.6426	-1570.6427
370	370	-1799.4266	-1726.1239	-1729.5307	73.302747	-1795.2386	-1714.8528	-1714.851
371	371	-2935.4436	-2916.2532	-2919.5175	19.190381	-2931.6807	-2906.0487	-2906.0447
372	372	-1736.1855	-1690.2457	-1694.1644	45.93981	-1731.9752	-1679.0826	-1679.0811
373	373	-2066.2663	-2027.6644	-2030.7469	38.601894	-2062.2178	-2017.331	-2017.2797
374	374	-3240.0572	-3224.8724	-3227.8834	15.184811	-3236.3697	-3214.7104	-3215.27
375	375	-2178.6189	-2160.2647	-2163.307	18.354159	-2174.6187	-2150.1078	-2150.1164
376	376	-1490.3907	-1393.318	-1396.3882	97.07277	-1486.0617	-1383.077	-1383.0772
377	377	-3775.6565	-3778.217	-3779.8983	-2.560527	-3772.0874	-3761.8644	-3768.1665
378	378	-2285.0326	-2276.4272	-2279.4898	8.6054068	-2281.0789	-2266.4112	-2266.411
379	379	-1744.4696	-1728.7566	-1731.8483	15.71304	-1740.2863	-1718.483	-1718.4833
380	380	-1863.3308	-1841.341	-1844.3844	21.989755	-1859.1666	-1831.0019	-1830.9974
381	381	-2671.846	-2655.3513	-2658.3825	16.494728	-2668.036	-2645.5636	-2645.562
382	382	-2110.4955	-2063.8176	-2066.9051	46.677858	-2106.4891	-2053.9751	-2053.9695
383	383	-1487.7587	-1455.4046	-1458.6402	32.354091	-1483.4643	-1444.4879	-1444.487
384	384	-2508.7845	-2482.9594	-2486.3413	25.825088	-2504.9152	-2472.2431	-2472.2423
385	385	-2012.3332	-1924.5195	-1928.6089	87.813715	-2008.2615	-1912.6355	-1912.6355
386	386	-1750.2476	-1719.6588	-1722.6857	30.588771	-1746.0531	-1709.4526	-1709.4455
387	387	-2884.7555	-2846.2977	-2849.7064	38.457822	-2880.9848	-2833.107	-2832.9234
388	388	-2298.7081	-2292.5433	-2295.6192	6.1648071	-2294.752	-2282.4965	-2282.4931
389	389	-2106.5501	-2046.449	-2049.527	60.101032	-2102.5152	-2036.6261	-2036.625
390	390	-2121.9187	-2081.7415	-2084.7686	40.177212	-2117.8955	-2071.5733	-2071.5747
391	391	-2418.0124	-2380.1773	-2383.2113	37.83506	-2414.1038	-2370.3823	-2370.3824
392	392	-2728.1055	-2722.517	-2725.5918	5.5884881	-2724.3189	-2712.6763	-2712.6766
393	393	-2244.0154	-2220.7711	-2223.8344	23.244278	-2240.0557	-2210.8523	-2210.8521
394	394	-2802.9265	-2805.6707	-2807.159	-2.7441403	-2799.1593	-2798.7714	-2798.7312
395	395	-2059.4469	-2004.0318	-2007.0987	55.4151	-2055.3989	-1994.1472	-1994.1474
396	396	-2219.7125	-2130.1387	-2133.4848	89.573847	-2215.7257	-2119.5656	-2119.5627
397	397	-1537.3952	-1516.591	-1519.6659	20.804188	-1533.1049	-1506.1832	-1506.1827
398	398	-1669.673	-1630.2201	-1633.4894	39.45286	-1665.444	-1618.1619	-1618.1581
399	399	-2263.137	-2233.008	-2236.061	30.128955	-2259.1736	-2222.7144	-2223.1132
400	400	-3019.5089	-2999.651	-3002.7266	19.857907	-3015.7965	-2990.052	-2990.0515
401	401	-2869.6582	-2863.6227	-2866.7263	6.0354979	-2865.9104	-2853.8521	-2853.8525
402	402	-3217.451	-3208.6632	-3211.9542	8.787742	-3213.7533	-3198.2966	-3198.418
403	403	-1432.3548	-1406.2812	-1409.3618	26.07363	-1428.003	-1395.8207	-1395.8211
404	404	-2884.3622	-2869.6598	-2872.7238	14.70239	-2880.6374	-2859.9892	-2859.9894
405	405	-1301.2172	-1266.185	-1269.2586	35.032195	-1296.7936	-1255.6535	-1255.6533
406	406	-1867.5818	-1820.703	-1823.7955	46.87879	-1863.4047	-1810.6221	-1810.622
407	407	-2227.7402	-2206.0682	-2209.1043	21.671952	-2223.7677	-2195.9479	-2196.0844
408	408	-1659.1546	-1577.7992	-1580.8538	81.355375	-1654.9052	-1567.7052	-1567.7052
409	409	-1926.7838	-1909.5068	-1912.5719	17.277029	-1922.6887	-1899.3439	-1899.3435
410	410	-3884.9669	-3876.1423	-3879.3487	8.8246355	-3881.4602	-3864.9526	-3866.3984
411	411	-1340.4753	-1310.9577	-1314.0097	29.517558	-1336.0372	-1300.3687	-1300.368
412	412	-2128.9073	-2089.9262	-2092.9867	38.981087	-2124.8989	-2079.9978	-2079.9976
413	413	-2661.3954	-2647.8574	-2651.192	13.537923	-2657.5675	-2637.1838	-2637.1718
414	414	-2279.651	-2260.416	-2263.9505	19.235013	-2275.6865	-2249.5958	-2249.5962
415	415	-2928.3293	-2926.1318	-2929.2106	2.1974972	-2924.605	-2913.2055	-2915.6789
416	416	-2401.8012	-2359.3471	-2363.3791	42.454154	-2397.8699	-2347.6313	-2347.6323
417	417	-1881.6958	-1841.211	-1844.2505	40.484821	-1877.5562	-1831.1554	-1831.156
418	418	-1721.9754	-1643.9845	-1647.5754	77.990897	-1717.7315	-1632.6776	-1632.6786
419	419	-1760.7621	-1642.0817	-1645.6466	118.68047	-1756.5567	-1630.9055	-1630.8996
420	420	-2015.3938	-1994.4497	-1997.5161	20.944096	-2011.3155	-1984.3536	-1984.3549
421	421	-3315.3633	-3291.0567	-3294.125	24.306626	-3311.6978	-3281.5893	-3281.5917
422	422	-1962.6183	-1889.7134	-1893.3225	72.90488	-1958.5466	-1878.7169	-1878.7137
423	423	-3105.4393	-3100.1332	-3103.2252	5.3061352	-3101.7482	-3090.0311	-3090.4556
424	424	-2408.5158	-2362.1918	-2365.2566	46.324034	-2404.604	-2352.4427	-2352.4426
425	425	-2153.6926	-2135.2723	-2138.3116	18.420323	-2149.6963	-2125.2336	-2125.2335
426	426	-2447.601	-2421.9093	-2424.9734	25.691686	-2443.7004	-2411.9347	-2412.086
427	427	-2934.0474	-2894.2982	-2897.3458	39.749218	-2930.2901	-2884.7554	-2884.7592
428	428	-2192.4948	-2151.8371	-2154.9239	40.657706	-2188.4764	-2141.9395	-2141.9393
429	429	-1986.1759	-1980.6886	-1984.0739	5.4872105	-1982.0769	-1968.7708	-1968.7737
430	430	-2210.9494	-2160.9227	-2163.9865	50.026674	-2206.9582	-2151.087	-2151.0879
431	431	-1921.6583	-1852.4656	-1855.5622	69.1927	-1917.5481	-1842.5339	-1842.5338
432	432	-2219.0649	-2194.4408	-2197.5103	24.624045	-2215.0595	-2183.8496	-2183.8417
433	433	-1703.1149	-1643.2146	-1646.9391	59.900337	-1698.8941	-1631.4982	-1631.3587
434	434	-3207.8803	-3203.2585	-3206.0414	4.6217702	-3204.1755	-3191.1509	-3190.4648
435	435	-2726.799	-2718.9721	-2722.3142	7.8269456	-2722.9934	-2706.737	-2706.7232
436	436	-2405.7294	-2405.0379	-2408.0774	0.69143739	-2401.8227	-2393.8056	-2394.9223
437	437	-2814.0673	-2793.9347	-2798.0319	20.132614	-2810.2966	-2779.3298	-2782.4436
438	438	-4686.688	-4671.6418	-4675.2309	15.046221	-4683.3164	-4660.0993	-4660.0903
439	439	-2493.9218	-2412.7564	-2415.7905	81.165379	-2490.0428	-2403.1637	-2403.1655
440	440	-2384.3785	-2347.8212	-2351.17	36.557277	-2380.4318	-2337.1548	-2337.1537
441	441	-2172.3506	-2164.0228	-2167.0705	8.3277392	-2168.3771	-2153.9294	-2153.9301
442	442	-1837.0163	-1799.9359	-1803.3841	37.080348	-1832.8438	-1788.6247	-1788.6244
443	443	-2655.2726	-2625.4452	-2629.2404	29.82739	-2651.4462	-2614.0417	-2614.042
444	444	-2046.6251	-2010.8448	-2013.8908	35.780269	-2042.5976	-2000.1247	-2000.8744
445	445	-2254.5777	-2230.6726	-2234.078	23.905095	-2250.594	-2219.6841	-2219.6797
446	446	-2050.46	-2031.1952	-2035.234	19.26478	-2046.4147	-2019.2663	-2019.2666
447	447	-1881.1279	-1866.395	-1870.1026	14.732937	-1877.0057	-1854.4898	-1854.4878
448	448	-2636.1692	-2566.1173	-2569.1945	70.051873	-2632.3206	-2556.5512	-2556.5512
449	449	-3184.6756	-3183.9322	-3187.6001	0.74335475	-3180.9703	-3167.1671	-3172.2141
450	450	-3237.6819	-3240.1645	-3238.7107	-2.482664	-3233.9608	-3217.4438	-3231.5389
451	451	-1696.9142	-1683.4018	-1686.5834	13.512456	-1692.6749	-1669.9162	-1669.7783
452	452	-2054.7148	-2007.3272	-2010.9297	47.38763	-2050.6659	-1996.3198	-1996.3215
453	453	-2557.3025	-2538.704	-2541.7863	18.598486	-2553.4134	-2527.9787	-2527.9862
454	454	-2948.8821	-2931.2655	-2934.319	17.616659	-2945.1597	-2920.4831	-2921.6112
455	455	-2154.9454	-2129.9397	-2133.0123	25.005726	-2150.9666	-2119.9939	-2119.9844
456	456	-2070.3116	-2050.5089	-2053.5843	19.802653	-2066.2732	-2039.1623	-2040.4419
457	457	-3026.9687	-3021.1268	-3024.1605	5.8418325	-3023.2482	-3011.14	-3011.389
458	458	-2708.7204	-2622.4907	-2626.5095	86.229699	-2704.912	-2611.2654	-2611.2651
459	459	-2064.5703	-2044.7642	-2047.8421	19.806052	-2060.4852	-2034.3513	-2034.6838
460	460	-1991.0742	-1961.8302	-1965.2731	29.243979	-1986.9676	-1950.5149	-1950.5097
461	461	-2542.3389	-2518.3262	-2521.7867	24.012636	-2538.5048	-2506.5124	-2506.4581
462	462	-2246.1335	-2231.2442	-2234.3216	14.889318	-2242.1646	-2221.2536	-2221.2537
463	463	-2302.0661	-2289.4618	-2292.8367	12.604234	-2298.1043	-2278.5007	-2278.4587
464	464	-3133.225	-3110.3178	-3113.3794	22.907165	-3129.5267	-3100.4655	-3100.4435
465	465	-3012.5873	-2997.088	-3000.3527	15.499298	-3008.8676	-2987.0363	-2987.0342
466	466	-2024.736	-2013.5289	-2013.6906	11.207083	-2020.6517	-1994.6537	-2001.577
467	467	-2480.3459	-2461.1644	-2464.1101	19.181477	-2476.4697	-2446.158	-2451.342
468	468	-2178.3183	-2119.7898	-2123.1841	58.528561	-2174.3307	-2109.0335	-2109.0355
469	469	-2323.9299	-2262.4629	-2265.527	61.467029	-2319.9755	-2252.7588	-2252.7585
470	470	-1731.1178	-1675.3281	-1678.407	55.789684	-1726.9037	-1665.2455	-1665.248
471	471	-1736.8753	-1628.4567	-1632.0471	108.41861	-1732.6711	-1617.2671	-1617.2644
472	472	-2039.858	-2001.769	-2004.8241	38.089006	-2035.8141	-1991.8003	-1991.8029
473	473	-2614.2201	-2554.8279	-2557.8751	59.392269	-2610.4033	-2545.2615	-2545.2632
474	474	-2773.2929	-2763.0789	-2766.1497	10.214051	-2769.5281	-2753.321	-2753.3207
475	475	-2498.9017	-2440.449	-2443.8714	58.452695	-2495.0693	-2428.9826	-2428.9374
476	476	-1929.2134	-1882.9952	-1886.0461	46.218145	-1925.1091	-1873.023	-1873.0222
477	477	-1904.0124	-1883.7995	-1886.8819	20.212932	-1899.9148	-1873.6616	-1873.6604
478	478	-2160.5958	-2118.4594	-2122.1856	42.136443	-2156.5842	-2106.0266	-2106.018
479	479	-2507.1619	-2486.2602	-2489.3397	20.901663	-2503.2819	-2476.4444	-2476.4433
480	480	-2898.1167	-2874.8667	-2878.206	23.249957	-2894.373	-2863.8355	-2863.8386
481	481	-1524.0319	-1489.4622	-1492.5089	34.56967	-1519.7426	-1479.1354	-1479.135
482	482	-3072.6806	-3058.7702	-3064.4041	13.910354	-3068.9403	-3047.5051	-3046.7313
483	483	-2905.9516	-2897.0929	-2900.287	8.8587127	-2902.1914	-2886.1253	-2886.1117
484	484	-2148.1307	-2138.224	-2141.2918	9.906687	-2144.114	-2128.1306	-2128.1298
485	485	-2197.5123	-2168.3645	-2171.4491	29.147718	-2193.5093	-2158.4393	-2158.4399
486	486	-2471.914	-2439.4912	-2442.8185	32.422847	-2468.0129	-2428.2728	-2428.2688
487	487	-3548.2255	-3549.64	-3551.9534	-1.4144474	-3544.6178	-3534.2716	-3540.0076
488	488	-1732.89	-1679.4108	-1682.4596	53.479269	-1728.6796	-1669.2967	-1669.2972
489	489	-2111.194	-2105.2258	-2108.8638	5.9681905	-2107.1631	-2094.1284	-2094.1236
490	490	-2252.8503	-2227.6647	-2230.7058	25.185562	-2248.8714	-2217.3052	-2217.2933
491	491	-2333.7857	-2292.346	-2295.4005	41.439662	-2329.8515	-2282.5379	-2282.5375
492	492	-2326.2957	-2316.6303	-2319.7025	9.665344	-2322.3776	-2306.6571	-2306.6579
493	493	-1692.4973	-1623.3361	-1626.41	69.161202	-1688.2758	-1613.2501	-1613.2496
494	494	-2052.2485	-2033.9602	-2037.0231	18.288308	-2048.2064	-2023.8581	-2023.8595
495	495	-2062.3982	-2049.0436	-2052.0717	13.354604	-2058.3647	-2038.9458	-2038.945
496	496	-3339.7854	-3328.0258	-3331.4906	11.759674	-3336.1597	-3316.4595	-3317.3445
497	497	-2179.0054	-2147.9347	-2151.3444	31.070717	-2175.0222	-2136.7045	-2136.7014
498	498	-3061.4796	-3058.5368	-3061.6271	2.9427565	-3057.7712	-3048.8446	-3048.8464
499	499	-2490.4019	-2454.7359	-2457.806	35.666042	-2486.519	-2445.0081	-2445.0083
