No.	ID	loglik_NUll	loglik_RES	loglik_all	log_ratio	loglik_Max1	loglik_Max2	loglik_Max3
0	0	-558.35282	-540.39471	-552.58179	17.958108	-554.99711	-526.83992	-530.48902
1	1	-761.16141	-719.55821	-731.72634	41.603198	-744.10348	-712.64133	-713.82585
2	2	-959.09052	-921.84474	-934.15099	37.245778	-939.28989	-911.97156	-916.41711
3	3	-795.27815	-759.03802	-771.27444	36.240131	-776.7392	-751.57902	-753.93867
4	4	-754.58385	-749.77608	-759.16794	4.8077651	-751.51865	-738.73045	-743.47991
5	5	-837.20016	-816.37053	-828.40486	20.829634	-822.1776	-806.91391	-808.83183
6	6	-649.9129	-603.32853	-616.42308	46.584365	-631.41313	-597.9616	-597.96164
7	7	-777.88155	-729.02249	-742.22244	48.85906	-759.98371	-723.3376	-723.29475
8	8	-538.34421	-491.53295	-504.6479	46.811262	-518.72806	-485.80438	-485.80467
9	9	-742.65162	-699.7179	-712.92725	42.933718	-724.56097	-693.93287	-693.89317
10	10	-615.29007	-599.32261	-612.43984	15.967453	-612.0142	-593.32535	-593.39209
11	11	-481.61161	-448.83003	-459.9846	32.781575	-478.13392	-434.88074	-437.92398
12	12	-1018.1937	-987.99716	-1000.3148	30.196573	-1001.2258	-980.19696	-983.27836
13	13	-969.01154	-935.24627	-946.14833	33.765263	-944.54995	-924.18754	-930.23698
14	14	-790.9068	-762.7436	-775.97469	28.163199	-774.28031	-756.66896	-757.17009
15	15	-570.70594	-531.48854	-544.58141	39.2174	-551.30344	-525.85789	-525.8581
16	16	-734.52359	-689.13902	-702.2713	45.384571	-715.05594	-683.85672	-683.95176
17	17	-785.56178	-771.2295	-781.78853	14.332287	-782.51407	-761.90632	-764.82973
18	18	-875.50496	-857.16685	-870.587	18.338112	-864.35092	-849.92183	-851.69945
19	19	-552.63742	-515.70571	-526.68808	36.931706	-537.94202	-509.84229	-509.51751
20	20	-1005.9444	-1005.6453	-1010.6641	0.29908862	-1003.1196	-993.44031	-997.31708
21	21	-618.69466	-580.90399	-594.12447	37.790673	-600.55847	-575.33109	-575.33827
22	22	-738.86728	-705.02506	-717.85743	33.842215	-720.4061	-697.7757	-699.75843
23	23	-629.87795	-572.5979	-585.67297	57.280048	-611.70323	-565.59225	-566.56868
24	24	-691.43673	-664.62727	-677.85794	26.809459	-674.0802	-657.91684	-658.00437
25	25	-694.01495	-667.70837	-677.90099	26.306585	-685.78986	-661.7455	-662.4076
26	26	-664.17055	-622.85904	-635.95381	41.311516	-645.89039	-617.5106	-617.50984
27	27	-801.12958	-774.64014	-783.75964	26.489444	-786.64093	-764.75063	-766.5603
28	28	-726.03064	-688.23823	-701.27765	37.792416	-706.21331	-682.73347	-683.01148
29	29	-551.3693	-494.76371	-507.95198	56.605596	-532.7371	-487.36027	-488.81413
30	30	-770.0348	-759.67116	-769.12702	10.363635	-759.94965	-748.40637	-754.23733
31	31	-775.01235	-778.01706	-779.25289	-3.0047075	-771.98191	-769.68988	-769.47823
32	32	-643.15334	-598.81933	-612.03361	44.334003	-624.79293	-593.31896	-593.3077
33	33	-815.91921	-787.36675	-799.86158	28.552455	-802.62748	-782.0256	-782.02947
34	34	-636.50128	-610.92559	-622.71271	25.575689	-622.58836	-602.30388	-602.42473
35	35	-542.20308	-495.3561	-508.36628	46.846977	-522.58372	-487.72312	-489.05943
36	36	-633.61855	-607.07347	-619.06439	26.545077	-630.30808	-599.79397	-598.96521
37	37	-956.21646	-931.07446	-942.9917	25.142004	-939.97325	-926.0022	-925.98557
38	38	-774.50934	-715.86057	-729.05892	58.648769	-756.65384	-710.50737	-710.50721
39	39	-818.94202	-776.09393	-787.55873	42.848084	-798.42884	-771.15553	-771.15548
40	40	-625.61073	-599.37486	-612.29365	26.235865	-607.85531	-593.34801	-593.98493
41	41	-752.96587	-717.17308	-729.27827	35.792791	-733.28732	-708.05634	-708.03777
42	42	-871.40727	-864.90612	-872.31729	6.5011461	-868.45261	-851.29167	-858.60726
43	43	-996.92876	-985.6448	-995.40088	11.283956	-981.61599	-974.64548	-977.94476
44	44	-674.04912	-659.75983	-669.40409	14.289293	-670.82836	-650.2977	-653.30144
45	45	-1181.7204	-1153.0031	-1164.7735	28.717362	-1163.9335	-1142.705	-1146.9061
46	46	-638.86987	-605.79573	-619.01934	33.074142	-626.58867	-600.36968	-600.36286
47	47	-748.52997	-709.67975	-720.43334	38.850223	-729.67552	-701.97827	-703.84463
48	48	-739.63887	-716.3841	-726.2816	23.254771	-723.8228	-710.24508	-710.76744
49	49	-902.0779	-885.80937	-899.17608	16.268531	-899.08217	-879.1614	-880.24298
50	50	-634.21532	-607.57333	-619.44128	26.64199	-630.94002	-601.24375	-602.11422
51	51	-800.89326	-792.19885	-798.27923	8.6944124	-797.85463	-783.72004	-783.72341
52	52	-719.31383	-687.84347	-700.15333	31.470358	-707.09485	-679.4428	-682.02496
53	53	-484.72121	-465.87429	-475.99265	18.84692	-481.26459	-460.0353	-460.02319
54	54	-813.64834	-783.87416	-795.69476	29.774176	-798.35367	-775.02266	-778.74589
55	55	-931.64325	-902.42807	-915.45348	29.215187	-913.81216	-894.83975	-897.40428
56	56	-936.45773	-889.62907	-902.7457	46.82866	-919.45728	-884.77418	-884.77486
57	57	-833.09474	-798.74848	-808.8876	34.346259	-819.15748	-793.35482	-793.76039
58	58	-684.89927	-648.68227	-661.76764	36.216999	-673.76042	-640.19356	-640.51783
59	59	-1040.2925	-1021.4223	-1031.9699	18.870185	-1017.8786	-1014.3663	-1014.354
60	60	-649.56535	-615.63266	-628.76487	33.932697	-646.35026	-609.8265	-609.76736
61	61	-979.03052	-964.54356	-974.86466	14.486964	-966.18868	-953.85164	-957.50031
62	62	-792.09414	-779.03246	-786.42741	13.061683	-783.33465	-770.4326	-771.18399
63	63	-790.17915	-767.38115	-780.57876	22.798001	-774.86017	-760.96638	-761.81434
64	64	-907.75775	-905.10759	-909.65014	2.6501637	-904.7837	-892.57248	-895.9085
65	65	-748.44725	-728.62707	-737.22872	19.820181	-739.23086	-723.04805	-722.55592
66	66	-437.82751	-423.20649	-429.50921	14.621018	-434.28316	-409.73165	-416.02057
67	67	-968.67594	-939.43962	-952.54306	29.236318	-951.145	-932.48617	-932.52885
68	68	-613.69514	-604.55633	-612.30027	9.1388089	-610.39039	-593.92323	-594.16648
69	69	-673.49684	-640.09758	-653.01535	33.399256	-656.18592	-634.67018	-634.66892
70	70	-681.92699	-658.65936	-670.01283	23.267626	-670.07713	-653.14478	-653.22967
71	71	-836.9295	-801.75519	-814.83913	35.174309	-817.20392	-794.32247	-796.56761
72	72	-1047.0459	-1002.6767	-1015.9313	44.369145	-1028.7725	-997.85773	-997.85343
73	73	-716.24224	-657.86543	-671.1433	58.376807	-697.2209	-651.85458	-651.85882
74	74	-707.96983	-663.3567	-676.59722	44.61313	-690.05034	-657.60567	-657.47179
75	75	-750.7043	-722.31307	-731.27177	28.391229	-740.5641	-714.31603	-715.84644
76	76	-658.61149	-627.82735	-641.07784	30.784134	-641.66703	-622.17525	-622.3604
77	77	-603.22828	-561.07814	-574.33683	42.150141	-585.01515	-554.36033	-553.93213
78	78	-842.73622	-788.72323	-801.84268	54.012998	-824.43808	-783.73975	-783.74014
79	79	-971.88142	-953.04198	-965.4478	18.839439	-950.73411	-945.44129	-948.11403
80	80	-901.55652	-858.70162	-871.92557	42.854895	-882.77874	-853.34761	-853.35143
81	81	-632.12714	-594.54172	-606.92104	37.585417	-613.73418	-587.99533	-588.4908
82	82	-647.03354	-613.57399	-625.71679	33.459544	-624.65074	-607.94732	-607.73012
83	83	-615.55124	-563.42159	-576.6382	52.129642	-596.55844	-557.29793	-557.29262
84	84	-579.88323	-531.82303	-544.80791	48.060204	-560.08719	-525.30841	-526.20339
85	85	-586.06768	-561.91123	-574.59763	24.156447	-578.03726	-553.26637	-556.29618
86	86	-570.65135	-517.79098	-530.90955	52.860371	-552.2062	-512.06185	-512.04073
87	87	-741.75006	-708.28306	-720.71018	33.467009	-724.45036	-699.9258	-703.10187
88	88	-721.2	-684.18476	-697.3108	37.015238	-703.27513	-678.20636	-677.95989
89	89	-729.70804	-727.86568	-731.78821	1.8423637	-726.59045	-712.35904	-722.03238
90	90	-523.74467	-479.2536	-492.46733	44.491072	-505.41008	-473.1181	-472.99867
91	91	-669.80415	-631.31262	-644.42023	38.491528	-652.14893	-623.41655	-625.58931
92	92	-564.27742	-517.49151	-530.59188	46.785909	-544.74	-511.16288	-511.85488
93	93	-553.17032	-515.4637	-528.56177	37.706618	-533.6013	-509.82277	-509.82207
94	94	-767.85963	-739.3479	-750.39462	28.511733	-749.84507	-732.27874	-733.65059
95	95	-888.41223	-849.79144	-863.02361	38.620787	-866.25251	-844.17449	-844.19533
96	96	-714.12342	-682.46768	-695.67772	31.655745	-694.6549	-676.80328	-676.80441
97	97	-873.27242	-852.77292	-864.54405	20.499498	-854.44442	-842.2974	-847.33561
98	98	-769.1532	-759.5382	-767.51761	9.6149903	-766.11477	-750.06559	-754.36376
99	99	-711.68564	-666.7896	-679.57351	44.89604	-693.67967	-656.79031	-659.20789
100	100	-689.18224	-655.14816	-668.41512	34.034082	-668.95026	-649.79945	-649.79036
101	101	-760.61642	-720.08411	-730.38238	40.532313	-742.16335	-714.91083	-715.11256
102	102	-675.81594	-614.20314	-627.24664	61.612802	-657.66422	-607.01373	-608.78281
103	103	-958.35442	-945.54095	-953.51465	12.813469	-944.55111	-937.11177	-939.62122
104	104	-643.44692	-636.7244	-642.19559	6.7225139	-640.18725	-627.11851	-630.24756
105	105	-693.93731	-669.62656	-678.27778	24.310747	-679.48031	-660.41282	-663.68317
106	106	-732.5157	-709.44007	-720.39861	23.075623	-714.55977	-699.36191	-699.35941
107	107	-634.06507	-608.00964	-620.85035	26.055432	-620.20737	-600.27991	-602.60243
108	108	-924.9324	-901.42924	-914.35034	23.503154	-910.2674	-896.41072	-896.06429
109	109	-396.78084	-336.99677	-350.159	59.784075	-376.89416	-330.21509	-330.21304
110	110	-742.90752	-720.55165	-733.56284	22.355868	-739.79915	-713.39605	-715.30875
111	111	-932.55439	-890.40362	-903.09108	42.150773	-913.6541	-884.82054	-885.36347
112	112	-536.28785	-487.6876	-500.79281	48.600245	-517.90039	-481.94039	-481.94107
113	113	-817.31306	-802.96684	-815.56699	14.34622	-814.29158	-795.19874	-797.43913
114	114	-965.33461	-938.37672	-951.87711	26.957885	-953.5088	-926.95572	-933.02892
115	115	-680.81978	-647.25627	-660.4978	33.563509	-670.00765	-641.17584	-641.88292
116	116	-789.36486	-744.96875	-758.2088	44.396113	-764.73327	-737.32275	-739.24533
117	117	-719.24232	-693.0946	-704.8261	26.147712	-708.33207	-683.05914	-687.68159
118	118	-698.32888	-669.16555	-681.02454	29.163325	-680.59394	-662.30105	-663.7955
119	119	-655.6758	-619.5929	-632.82458	36.082899	-637.67339	-614.09371	-614.09534
120	120	-563.97977	-545.90872	-556.24788	18.07105	-560.58642	-534.32957	-539.36837
121	121	-675.80866	-672.58859	-677.17842	3.2200698	-672.66226	-661.56086	-665.72331
122	122	-665.28063	-619.71514	-632.76451	45.565497	-646.13398	-612.30117	-614.23282
123	123	-512.68839	-483.72069	-496.84624	28.967699	-502.71615	-477.79133	-477.68535
124	124	-753.69275	-722.47222	-735.68914	31.220522	-734.58051	-716.91211	-717.1971
125	125	-550.27694	-508.85862	-521.96422	41.418321	-530.8271	-501.80428	-502.66755
126	126	-640.02511	-633.31562	-643.1539	6.7094917	-636.82734	-627.69326	-627.74402
127	127	-581.53115	-550.59165	-563.80265	30.939498	-563.2435	-544.96674	-544.96622
128	128	-664.90445	-604.89011	-618.14241	60.014337	-646.6708	-599.29902	-599.30362
129	129	-678.40967	-646.39373	-656.31759	32.015944	-659.00412	-638.56457	-638.50569
130	130	-667.94128	-638.68632	-651.78663	29.254957	-648.22619	-632.48627	-632.56903
131	131	-740.53276	-716.74092	-729.9494	23.791845	-728.2013	-710.9436	-711.0906
132	132	-813.26661	-784.14025	-797.21197	29.126363	-797.1254	-777.46101	-778.5299
133	133	-777.71644	-756.17512	-767.40561	21.541321	-759.58289	-749.93259	-750.96684
134	134	-1115.3373	-1107.6873	-1115.7228	7.6499257	-1103.9731	-1102.1308	-1102.9703
135	135	-593.19767	-551.51105	-564.72353	41.686618	-574.77692	-545.86279	-545.87457
136	136	-707.53478	-675.42325	-688.52402	32.111529	-690.40809	-669.05057	-670.10895
137	137	-1180.2559	-1183.2755	-1184.4638	-3.019561	-1174.9164	-1165.151	-1175.3691
138	138	-900.7816	-887.18923	-898.43914	13.592367	-885.52909	-881.0615	-881.58626
139	139	-879.69132	-835.1819	-848.43401	44.509417	-860.30051	-829.55073	-829.49096
140	140	-598.72535	-579.01181	-589.38967	19.713537	-595.42962	-571.00366	-573.4882
141	141	-471.55301	-443.95077	-456.11963	27.602242	-464.42934	-435.73683	-437.62594
142	142	-619.57798	-587.21342	-600.30682	32.364565	-601.65785	-581.79629	-581.79627
143	143	-577.85306	-545.38218	-557.60863	32.470878	-558.63423	-539.06739	-539.25693
144	144	-795.86871	-772.93444	-786.1807	22.93428	-777.74418	-767.35638	-767.36174
145	145	-461.56981	-408.0337	-421.27963	53.536104	-441.64669	-401.64643	-401.65394
146	146	-439.04926	-406.77774	-419.86366	32.271523	-435.48798	-400.60033	-400.60128
147	147	-889.28115	-887.77618	-893.83636	1.504967	-886.35119	-875.03359	-882.41654
148	148	-879.7518	-852.04271	-865.17133	27.709085	-859.66868	-846.57056	-846.52018
149	149	-797.65833	-774.43942	-787.66594	23.218913	-778.99023	-768.77867	-768.86108
150	150	-640.32692	-596.33685	-609.56865	43.990072	-621.25978	-589.94248	-590.8324
151	151	-1210.5269	-1181.5208	-1194.4241	29.006173	-1191.2458	-1175.4315	-1176.9988
152	152	-686.90334	-663.70017	-673.95288	23.203164	-679.87233	-658.04434	-658.22386
153	153	-532.62067	-498.21761	-509.11043	34.403062	-513.93611	-491.14023	-492.32378
154	154	-709.38409	-674.12153	-685.95848	35.262556	-691.88671	-662.5646	-666.63685
155	155	-744.81481	-733.55138	-744.24299	11.263426	-741.70725	-725.26943	-725.27324
156	156	-627.60435	-600.56434	-612.81928	27.040019	-616.47564	-591.01088	-594.63514
157	157	-668.39971	-636.14331	-647.65437	32.256394	-651.33722	-629.11825	-629.32683
158	158	-769.30199	-744.45185	-755.55223	24.850136	-751.9175	-731.41546	-737.73902
159	159	-581.84407	-535.16807	-548.39808	46.675998	-561.97654	-528.84462	-529.52361
160	160	-587.00151	-569.02144	-578.38906	17.980064	-583.70117	-561.77012	-563.49852
161	161	-697.09771	-677.46373	-690.8079	19.63398	-693.89806	-669.81118	-670.64738
162	162	-669.52649	-645.66862	-658.45617	23.857863	-653.03908	-635.87147	-636.99315
163	163	-714.98027	-701.01688	-713.22915	13.963394	-706.87907	-694.72265	-694.71825
164	164	-809.42084	-787.69318	-800.75616	21.727662	-789.84895	-782.59196	-782.58072
165	165	-929.91394	-919.70556	-927.82879	10.208379	-912.60422	-910.63599	-914.12366
166	166	-674.81339	-642.12428	-655.27578	32.689105	-654.54202	-633.30803	-633.2921
167	167	-543.20149	-495.4326	-508.65854	47.768895	-524.26476	-489.53775	-489.50812
168	168	-832.18391	-802.25914	-811.50823	29.924771	-812.10236	-794.62405	-795.09044
169	169	-580.15233	-558.83814	-572.26346	21.314189	-576.83111	-550.25227	-550.41697
170	170	-1025.9787	-988.93914	-1002.0214	37.039589	-1003.5191	-983.19272	-984.30836
171	171	-868.80599	-829.81766	-841.09095	38.988324	-850.42051	-824.67209	-824.61918
172	172	-661.80588	-620.83839	-633.99719	40.967491	-643.84147	-611.37981	-613.15958
173	173	-679.19862	-652.60349	-665.26167	26.595126	-661.83494	-643.64175	-643.64063
174	174	-737.53369	-701.1835	-714.45253	36.350187	-719.51678	-695.45865	-695.36512
175	175	-863.19804	-847.29157	-860.39213	15.906471	-844.10254	-838.31961	-838.71787
176	176	-715.38787	-652.86141	-666.00029	62.526469	-696.01788	-647.58339	-647.58245
177	177	-498.22136	-490.82762	-500.02628	7.393732	-494.75302	-482.99579	-482.9735
178	178	-637.56042	-590.4126	-603.62029	47.147825	-619.08487	-584.88392	-584.88385
179	179	-755.61109	-737.13145	-750.52006	18.47964	-738.22532	-728.77778	-729.43847
180	180	-522.60781	-493.92926	-507.05266	28.678555	-509.74292	-486.9288	-487.69333
181	181	-600.84111	-560.66922	-573.7655	40.17189	-581.39116	-553.67519	-554.53624
182	182	-629.36452	-614.97547	-621.96381	14.389052	-626.09437	-600.65458	-607.59333
183	183	-702.10343	-646.74748	-659.96641	55.355941	-683.66209	-641.3727	-641.37039
184	184	-822.79526	-797.81175	-810.89263	24.983502	-805.50051	-792.50404	-792.74542
185	185	-654.08928	-620.02801	-632.98491	34.061263	-635.65076	-614.17438	-614.0681
186	186	-730.14344	-692.2826	-705.52895	37.860837	-711.92092	-685.93158	-686.03107
187	187	-943.46388	-913.09388	-925.95206	30.369999	-925.72697	-906.12479	-908.23686
188	188	-972.75494	-945.46238	-958.68715	27.292557	-956.06662	-940.07577	-940.02123
189	189	-620.85855	-596.30639	-609.7895	24.552156	-611.67776	-588.44688	-590.46335
190	190	-1114.2031	-1084.3198	-1097.4293	29.883257	-1096.3795	-1079.2387	-1079.2448
191	191	-491.78329	-442.58305	-455.85529	49.200239	-471.80605	-436.119	-436.12588
192	192	-643.40062	-599.9378	-613.18157	43.462818	-624.36628	-593.98748	-593.99031
193	193	-814.51315	-775.42928	-788.70849	39.083868	-796.91065	-769.6332	-769.67834
194	194	-577.82338	-527.92733	-541.03749	49.896054	-559.22471	-522.27017	-522.27162
195	195	-659.28286	-609.30038	-622.40548	49.982486	-639.59657	-603.55178	-603.93482
196	196	-748.76016	-714.77733	-727.87804	33.982833	-730.19647	-706.73602	-706.84304
197	197	-637.25219	-597.23682	-610.31454	40.015369	-622.26393	-588.18476	-589.29945
198	198	-977.503	-958.74061	-971.86463	18.762386	-961.4218	-948.47053	-951.44977
199	199	-997.16363	-968.52776	-979.57211	28.635869	-979.38841	-953.84296	-962.32753
200	200	-933.17481	-898.79019	-912.06413	34.384616	-915.57345	-893.37509	-893.33125
201	201	-879.10289	-865.52122	-876.1059	13.581666	-862.52623	-855.30041	-858.23689
202	202	-585.87978	-541.44176	-554.66608	44.438022	-567.51792	-535.79662	-535.79562
203	203	-841.17077	-813.35573	-826.25605	27.81504	-824.12368	-806.28698	-808.26071
204	204	-693.37122	-661.21175	-674.41763	32.159472	-675.13024	-650.37525	-651.72778
205	205	-769.87518	-737.35924	-750.29781	32.515944	-751.90892	-730.83747	-730.82348
206	206	-573.04552	-541.89259	-554.50147	31.15293	-569.66986	-535.17281	-536.07913
207	207	-546.83128	-496.75648	-509.86332	50.074801	-527.70707	-491.03733	-491.0363
208	208	-945.50666	-934.16066	-945.00635	11.346005	-942.61085	-926.10831	-927.54978
209	209	-745.09445	-713.98917	-726.89442	31.105275	-730.11819	-706.14868	-708.77205
210	210	-850.38878	-844.82255	-851.30891	5.5662233	-847.40016	-834.75606	-836.11157
211	211	-930.48944	-904.7368	-917.83458	25.752639	-912.61432	-897.99749	-897.76134
212	212	-631.14137	-583.5622	-596.39426	47.579173	-613.08963	-575.10245	-577.41195
213	213	-592.88917	-552.48969	-565.59718	40.399478	-574.17609	-546.14715	-546.27161
214	214	-819.578	-775.61932	-788.65395	43.958672	-799.85985	-769.17442	-770.36502
215	215	-739.75829	-701.33688	-714.44037	38.421411	-721.46923	-695.64499	-696.14876
216	216	-527.4247	-497.98428	-510.83075	29.440423	-511.00073	-490.89287	-492.10161
217	217	-731.72217	-694.69763	-707.5633	37.024547	-713.08715	-688.90808	-689.51345
218	218	-785.74122	-758.57683	-770.90215	27.164396	-767.66456	-750.93949	-753.13271
219	219	-541.15519	-500.2547	-513.09091	40.900488	-524.09387	-494.52867	-494.52253
220	220	-721.99884	-690.30093	-703.2826	31.697911	-705.36471	-683.63015	-684.47596
221	221	-831.3587	-787.37732	-800.61173	43.98138	-813.12196	-781.87896	-781.82214
222	222	-543.32943	-513.9718	-527.17555	29.357637	-539.92711	-508.25422	-508.24147
223	223	-604.38508	-556.34291	-569.45171	48.04217	-586.06051	-550.20283	-550.14869
224	224	-875.02016	-852.83401	-865.94443	22.186153	-856.82623	-846.7559	-846.75088
225	225	-552.36182	-531.1397	-543.47719	21.222118	-548.98058	-523.87719	-525.36075
226	226	-610.60298	-568.62055	-581.84334	41.982422	-592.79708	-561.83959	-563.05866
227	227	-974.66143	-949.73301	-962.83509	24.92842	-958.29259	-944.89363	-944.89065
228	228	-886.85954	-859.19996	-872.42749	27.659582	-868.30659	-854.17527	-854.17421
229	229	-764.27486	-736.26546	-748.34259	28.009401	-747.63814	-730.52528	-731.04635
230	230	-636.35991	-612.93553	-622.3526	23.42438	-619.49964	-606.58436	-606.50367
231	231	-555.1864	-497.7779	-510.91184	57.408503	-536.86845	-492.0901	-492.09106
232	232	-628.72537	-589.44689	-601.453	39.278474	-609.98023	-583.23069	-583.89299
233	233	-843.47695	-812.72825	-825.81073	30.748708	-824.78548	-806.20308	-807.61742
234	234	-854.73327	-851.16547	-853.86514	3.5678062	-851.76525	-835.88926	-839.98522
235	235	-642.8762	-601.78834	-615.03112	41.087858	-631.83119	-595.67132	-595.8951
236	236	-986.04451	-964.2877	-977.00582	21.75681	-969.86379	-952.17169	-956.57868
237	237	-662.99921	-616.88954	-629.82913	46.109662	-643.99906	-610.13322	-611.58762
238	238	-932.17646	-899.89	-912.35415	32.286462	-916.0587	-891.7633	-895.02966
239	239	-530.94213	-501.21435	-510.06537	29.727774	-517.38427	-491.23832	-491.24312
240	240	-833.18057	-823.82874	-836.1076	9.3518326	-830.17954	-816.1973	-815.7862
241	241	-514.04644	-464.23798	-476.1536	49.808466	-495.60542	-456.61544	-457.9561
242	242	-705.89677	-676.59119	-689.70296	29.30558	-686.94737	-670.82784	-670.38011
243	243	-647.99716	-607.27991	-620.33989	40.717246	-629.93337	-600.12812	-601.29649
244	244	-716.52599	-699.91321	-710.9874	16.612783	-713.38009	-692.2387	-694.10963
245	245	-845.21919	-804.00885	-813.78222	41.210346	-827.58642	-796.66726	-798.68282
246	246	-596.42823	-552.63019	-565.17615	43.798042	-578.30947	-547.1	-547.09684
247	247	-803.49839	-781.61391	-792.69793	21.884473	-791.58854	-775.84518	-776.0773
248	248	-646.16374	-596.36867	-609.57684	49.795067	-627.69536	-590.42507	-590.35032
249	249	-758.83011	-717.15746	-730.24078	41.672652	-741.1138	-711.60046	-712.0274
250	250	-651.90389	-609.7929	-622.90112	42.110989	-631.53788	-604.45274	-604.45288
251	251	-677.49815	-636.66927	-649.76313	40.828887	-659.18841	-631.02767	-631.31088
252	252	-819.34796	-772.13275	-785.2924	47.215214	-800.46721	-767.15201	-767.15234
253	253	-616.40511	-599.85534	-612.44562	16.549774	-613.12955	-588.52673	-591.73495
254	254	-994.72557	-967.86148	-981.09889	26.864083	-977.30903	-962.99919	-962.99832
255	255	-761.55501	-734.62359	-747.91228	26.931422	-742.85027	-726.15338	-727.10172
256	256	-1020.7736	-1000.5349	-1014.0545	20.238665	-999.68321	-990.44801	-992.84013
257	257	-847.2724	-811.22095	-824.46608	36.05145	-829.39595	-806.10199	-806.09593
258	258	-553.75084	-510.44391	-523.52823	43.306927	-537.88281	-503.311	-503.18613
259	259	-457.03528	-417.61597	-430.82461	39.419313	-437.64209	-411.60673	-411.59578
260	260	-397.84498	-359.59948	-372.72617	38.245506	-378.98328	-352.96602	-352.95709
261	261	-746.43126	-702.39306	-715.61904	44.038195	-726.55248	-696.57882	-696.56723
262	262	-679.72981	-667.13022	-676.15003	12.599591	-665.97003	-654.93801	-655.50414
263	263	-700.25279	-658.98034	-672.1219	41.272453	-682.01885	-653.4887	-653.469
264	264	-760.80754	-713.09193	-725.49386	47.71561	-743.00068	-704.11622	-707.23263
265	265	-741.52777	-701.75011	-714.60728	39.777654	-723.81812	-693.3069	-695.3276
266	266	-754.7237	-754.62506	-758.97963	0.098643428	-751.68019	-748.1263	-747.37778
267	267	-769.27803	-750.19775	-761.74756	19.080283	-766.20245	-744.12395	-744.98562
268	268	-728.39754	-719.54079	-726.51201	8.8567519	-725.2746	-708.04663	-709.93599
269	269	-690.23727	-659.81008	-672.82854	30.427196	-682.05764	-653.66525	-654.06896
270	270	-703.50832	-690.39511	-700.99633	13.113211	-700.4006	-679.31536	-684.67704
271	271	-621.99384	-564.12481	-577.36273	57.869035	-603.25137	-558.41584	-558.41463
272	272	-775.67513	-728.25385	-741.35874	47.42128	-756.77001	-722.80009	-723.15693
273	273	-621.60331	-570.12054	-583.09247	51.482776	-602.03161	-563.56071	-564.63429
274	274	-790.61185	-751.86546	-765.10923	38.746394	-771.71992	-745.68882	-746.57758
275	275	-791.0363	-756.21928	-769.44107	34.817018	-773.30063	-750.41506	-750.93726
276	276	-730.6363	-706.71598	-719.3961	23.920327	-714.88203	-701.14516	-701.22568
277	277	-837.53528	-811.9467	-820.92881	25.588581	-821.89724	-805.89975	-806.00724
278	278	-578.68512	-550.25439	-563.36621	28.430729	-565.91228	-544.35118	-544.31091
279	279	-636.58758	-595.91669	-608.94014	40.670897	-617.90621	-590.45088	-590.45205
280	280	-478.61298	-438.28927	-451.48573	40.323709	-475.13479	-432.28311	-432.28346
281	281	-551.96792	-495.58569	-508.83955	56.382231	-533.86846	-489.7748	-489.77545
282	282	-639.10026	-628.79423	-637.11862	10.306031	-635.82355	-615.93524	-622.85037
283	283	-1096.3962	-1085.1898	-1094.9946	11.206428	-1089.9749	-1076.2777	-1080.2861
284	284	-658.64116	-610.65467	-622.78265	47.986495	-640.17815	-605.12379	-604.73482
285	285	-826.73056	-803.04822	-813.67808	23.682344	-810.69739	-792.71003	-794.28048
286	286	-553.33433	-548.84634	-557.54732	4.4879935	-550.00701	-541.41654	-541.79029
287	287	-825.36422	-787.14482	-800.17805	38.219404	-804.1923	-779.97939	-779.9044
288	288	-825.88394	-779.52611	-792.62573	46.357825	-807.97917	-774.46666	-774.55152
289	289	-799.68972	-768.47101	-781.57391	31.218708	-781.94326	-763.24717	-763.4864
290	290	-833.17347	-801.53304	-814.61623	31.640423	-815.55138	-796.44544	-796.44567
291	291	-824.66372	-801.96414	-814.82084	22.699576	-803.73457	-796.05545	-796.73542
292	292	-735.22509	-726.45051	-732.56947	8.7745747	-723.98429	-714.51824	-719.00743
293	293	-624.01556	-585.14021	-598.20729	38.875348	-604.23683	-579.65728	-579.65683
294	294	-672.81083	-667.57797	-676.74554	5.2328689	-669.63622	-660.24013	-661.44702
295	295	-578.65496	-544.7073	-557.9482	33.94766	-560.65438	-538.78441	-538.72344
296	296	-662.28618	-622.45106	-635.33347	39.835123	-644.46523	-615.21214	-617.14268
297	297	-602.49273	-584.28287	-596.7093	18.209863	-589.60565	-572.74781	-574.90882
298	298	-527.24334	-481.80635	-495.07268	45.436987	-509.07856	-474.76286	-475.62424
299	299	-553.39497	-511.63354	-524.7519	41.761433	-534.72417	-503.94392	-506.02561
300	300	-500.99595	-465.99497	-478.86474	35.000977	-482.67855	-458.67853	-460.22956
301	301	-921.18654	-914.28409	-924.17915	6.9024477	-909.94822	-907.4338	-907.57542
302	302	-579.30762	-562.41425	-572.76496	16.893371	-575.9678	-551.48162	-556.48376
303	303	-704.07921	-659.23491	-672.14131	44.844294	-687.03954	-653.42006	-653.38993
304	304	-909.75569	-875.29714	-888.53045	34.458543	-891.96797	-868.9669	-869.77813
305	305	-472.78345	-411.88543	-425.01694	60.898016	-453.80412	-405.18774	-405.1503
306	306	-892.53951	-831.53083	-844.3528	61.008687	-874.53647	-826.08809	-826.08241
307	307	-581.85576	-550.47242	-563.23273	31.38334	-571.83978	-540.87652	-543.64724
308	308	-559.80975	-516.66954	-528.54546	43.140215	-539.47556	-507.07914	-510.94496
309	309	-948.4743	-914.44056	-927.32984	34.033732	-931.52674	-908.05822	-909.55275
310	310	-828.5334	-816.43998	-824.33933	12.093424	-817.54966	-809.6847	-811.35621
311	311	-780.90795	-734.88119	-747.97898	46.026757	-763.27243	-728.52403	-729.67362
312	312	-613.92244	-602.65174	-612.90026	11.270703	-610.64567	-591.82587	-592.72762
313	313	-799.08374	-768.89728	-781.77349	30.186457	-785.59792	-759.83354	-759.8728
314	314	-652.04963	-639.87981	-648.44275	12.169822	-648.8362	-629.05395	-633.51926
315	315	-860.33744	-838.33451	-850.12711	22.002937	-842.30793	-831.95166	-833.18808
316	316	-768.52983	-720.10258	-733.33066	48.427249	-748.89986	-714.74005	-714.84595
317	317	-484.19922	-449.51662	-462.49316	34.682601	-472.02903	-441.53582	-443.61457
318	318	-527.67092	-489.48796	-502.58608	38.182959	-513.23807	-482.41418	-483.74011
319	319	-736.00215	-683.18732	-696.41855	52.814828	-717.8886	-677.32916	-677.11097
320	320	-494.83854	-474.72353	-485.76205	20.115009	-491.44675	-466.5978	-466.60048
321	321	-375.24424	-357.39745	-367.747	17.846793	-371.54671	-351.18433	-351.18278
322	322	-719.28726	-688.2451	-699.04919	31.042165	-704.46857	-681.89367	-682.87008
323	323	-672.65205	-635.19353	-648.44139	37.458525	-653.63106	-629.37031	-629.36917
324	324	-634.25572	-590.73977	-603.85327	43.515955	-617.4076	-584.65448	-585.30061
325	325	-800.42469	-792.76676	-802.83507	7.657928	-797.36358	-784.86765	-784.78264
326	326	-456.21484	-435.13669	-443.63261	21.078143	-452.72548	-428.00372	-429.04781
327	327	-672.55593	-629.32664	-641.60931	43.229294	-654.98685	-620.27999	-624.02674
328	328	-593.42645	-551.11342	-564.35348	42.313028	-575.36602	-545.50413	-545.50404
329	329	-601.90796	-582.73121	-595.81527	19.176758	-598.6248	-576.15842	-576.71362
330	330	-1049.061	-1029.8034	-1042.9009	19.25762	-1033.5747	-1024.6575	-1024.703
331	331	-824.71078	-807.36134	-820.15427	17.349435	-807.23122	-800.18743	-802.26481
332	332	-520.59391	-503.9146	-516.94758	16.67931	-517.23939	-495.96723	-498.22203
333	333	-763.11743	-746.11608	-755.82739	17.001345	-746.13085	-739.97559	-740.03527
334	334	-655.11813	-612.83068	-623.25581	42.287447	-639.54206	-607.27707	-607.24854
335	335	-580.90479	-572.80793	-580.98404	8.0968632	-577.56545	-565.64542	-565.49521
336	336	-771.85748	-747.9903	-760.07235	23.86718	-753.45006	-742.60279	-742.35571
337	337	-824.57929	-795.46381	-808.53576	29.115478	-806.68353	-789.46998	-789.79835
338	338	-746.87154	-728.16962	-738.05069	18.70192	-743.71839	-721.94801	-721.68722
339	339	-534.31989	-502.70565	-512.11558	31.614233	-517.37169	-495.45483	-495.81856
340	340	-870.21483	-825.04166	-838.20569	45.173171	-852.04678	-820.11178	-820.11134
341	341	-773.15444	-740.83478	-750.09036	32.319659	-752.8178	-734.84485	-734.84098
342	342	-762.05764	-725.83994	-738.97311	36.217699	-743.73731	-720.61936	-720.62137
343	343	-618.1142	-563.27121	-576.41528	54.842985	-599.82409	-557.74776	-557.74982
344	344	-633.9955	-622.23463	-629.19107	11.760875	-630.75524	-612.92339	-612.93331
345	345	-721.63006	-694.12254	-706.8856	27.507516	-718.49461	-685.45981	-688.34805
346	346	-521.07075	-493.66652	-506.64574	27.40423	-517.68777	-487.60132	-487.62094
347	347	-948.44909	-926.90721	-941.07768	21.541875	-931.38078	-918.68826	-920.95156
348	348	-555.95698	-523.05175	-532.93465	32.905229	-543.08923	-508.00578	-513.60383
349	349	-639.65811	-617.98313	-629.63282	21.674977	-636.42488	-611.86655	-612.59316
350	350	-591.83078	-546.18403	-556.6655	45.646747	-573.61126	-540.20343	-539.72098
351	351	-835.71898	-800.64849	-813.88956	35.070489	-816.71972	-795.4949	-795.49329
352	352	-719.29677	-666.54629	-679.75159	52.750476	-701.20034	-661.15767	-661.15395
353	353	-930.22123	-899.48327	-910.32795	30.737959	-913.67886	-893.87004	-894.351
354	354	-670.03953	-632.55578	-645.67213	37.483754	-655.23514	-627.02265	-627.00999
355	355	-832.61407	-793.19005	-805.62544	39.424016	-812.97983	-782.99731	-787.52624
356	356	-594.42615	-554.52432	-567.60272	39.90183	-574.84872	-548.96939	-548.96947
357	357	-903.31452	-872.07005	-885.28121	31.244465	-885.38509	-867.1486	-867.14255
358	358	-630.10276	-587.91223	-600.67444	42.190531	-612.12754	-579.31346	-581.62608
359	359	-917.89429	-886.03848	-898.85475	31.855812	-902.01055	-877.78844	-877.79624
360	360	-701.06386	-665.65423	-678.56023	35.409633	-682.89184	-660.23007	-660.22726
361	361	-539.57196	-479.0659	-492.21422	60.506056	-520.84495	-473.27864	-473.28053
362	362	-1018.2522	-1001.3598	-1012.6737	16.892426	-1010.2485	-991.18791	-994.67941
363	363	-775.09219	-747.42931	-760.67254	27.662883	-757.26311	-741.76089	-741.73402
364	364	-681.23938	-655.01402	-667.66274	26.225363	-663.89854	-649.58101	-649.55694
365	365	-756.47822	-721.03127	-732.99095	35.446943	-737.46133	-711.47724	-715.74133
366	366	-769.46934	-764.66589	-771.79934	4.8034484	-766.40161	-753.614	-758.45662
367	367	-623.51006	-577.09836	-586.20076	46.411707	-605.0821	-570.69572	-570.69523
368	368	-680.67207	-653.83522	-666.70223	26.836841	-662.48243	-648.43005	-648.11342
369	369	-697.863	-675.97746	-689.26008	21.885531	-684.19147	-670.28711	-670.36034
370	370	-603.26281	-579.43945	-589.94892	23.823358	-599.97365	-568.46168	-572.07043
371	371	-680.3969	-645.94262	-658.80445	34.454276	-663.34921	-640.56915	-640.56197
372	372	-967.16419	-919.45738	-932.70387	47.706815	-949.2964	-914.49621	-914.49887
373	373	-571.5867	-541.31764	-554.44256	30.269066	-553.80341	-534.11119	-535.60791
374	374	-804.73349	-780.81351	-794.03999	23.91998	-789.11406	-775.05278	-775.27282
375	375	-709.81953	-688.0384	-701.18693	21.781121	-700.45753	-681.26123	-682.74515
376	376	-665.87152	-625.98593	-638.01596	39.885594	-648.4627	-616.58948	-616.59243
377	377	-414.10645	-389.03229	-401.37316	25.07416	-410.49873	-380.89021	-382.99416
378	378	-754.98816	-721.31503	-734.10507	33.673136	-737.86736	-713.65676	-715.47077
379	379	-703.40963	-688.41887	-701.79644	14.990762	-700.25224	-680.27504	-680.26269
380	380	-907.85262	-875.25433	-888.49282	32.598299	-889.78397	-870.18319	-870.17023
381	381	-655.44392	-628.42291	-640.20981	27.021011	-652.17954	-621.699	-622.98814
382	382	-770.93851	-750.68434	-764.18695	20.254176	-761.77046	-743.35834	-745.09808
383	383	-726.3781	-705.66837	-717.72451	20.709729	-723.25559	-698.83913	-700.40118
384	384	-603.75353	-578.66063	-587.36152	25.092897	-600.42789	-568.97808	-572.44141
385	385	-755.4888	-743.6598	-755.54368	11.828991	-752.42753	-736.78673	-738.02059
386	386	-650.25184	-625.217	-637.08404	25.034834	-647.03381	-619.51397	-619.62777
387	387	-797.15895	-782.60458	-792.18095	14.554373	-794.07968	-770.39678	-773.76565
388	388	-876.16404	-829.10005	-842.29597	47.063982	-858.2109	-823.25885	-823.25285
389	389	-498.11839	-469.85375	-483.09049	28.264635	-483.94276	-462.19798	-462.19141
390	390	-790.56349	-724.02139	-737.11067	66.542104	-772.3351	-718.93185	-718.93221
391	391	-737.75644	-722.57157	-731.84595	15.184871	-734.62419	-715.93542	-716.3911
392	392	-702.39578	-654.67885	-667.90412	47.716937	-684.16021	-649.40432	-649.37202
393	393	-645.86707	-629.04774	-641.18516	16.819332	-638.31037	-621.98972	-623.21984
394	394	-844.93097	-803.61647	-816.84009	41.314497	-827.23838	-798.39119	-798.39128
395	395	-652.82431	-634.08899	-644.27024	18.735315	-643.26595	-626.42959	-626.43833
396	396	-725.60773	-702.33072	-713.43855	23.277014	-712.63381	-694.385	-697.05858
397	397	-605.64642	-588.4138	-599.04371	17.232626	-602.34095	-581.84447	-582.46598
398	398	-751.81876	-716.24804	-729.24869	35.570718	-733.26589	-707.37948	-707.39731
399	399	-714.3788	-684.27434	-695.33218	30.104457	-698.2535	-677.79508	-678.7731
400	400	-711.40755	-684.3046	-694.78034	27.102948	-694.93989	-675.913	-678.49962
401	401	-598.33233	-563.06615	-576.31014	35.266173	-584.08409	-557.51879	-557.51036
402	402	-685.23679	-648.16504	-661.36378	37.071749	-666.43129	-642.19323	-642.73313
403	403	-591.54401	-544.76455	-557.97761	46.779459	-571.41595	-539.13242	-539.11644
404	404	-475.46447	-442.22946	-455.42848	33.235012	-471.96402	-432.75335	-432.75163
405	405	-715.10262	-671.21004	-684.33197	43.892579	-697.23819	-666.03794	-666.03836
406	406	-850.61984	-827.88239	-840.9712	22.737448	-827.39566	-819.80316	-822.25167
407	407	-725.87447	-682.66831	-694.94486	43.206164	-707.91948	-674.06011	-677.03376
408	408	-718.60411	-673.94859	-686.64672	44.655529	-700.5535	-668.78231	-668.78198
409	409	-678.29349	-656.06195	-667.75063	22.231535	-668.67989	-649.24698	-650.19623
410	410	-593.70632	-539.72109	-552.93401	53.985233	-575.10867	-533.98966	-533.99616
411	411	-1039.693	-1024.9985	-1033.8975	14.694504	-1030.1727	-1015.5536	-1015.5509
412	412	-1043.8912	-1004.0416	-1016.0945	39.84962	-1019.3878	-998.09208	-999.344
413	413	-964.46777	-942.65828	-955.79572	21.809487	-946.62985	-936.96707	-937.22377
414	414	-734.60927	-708.51931	-721.98811	26.089954	-731.48477	-700.37785	-701.63358
415	415	-961.66025	-937.37836	-950.18485	24.28189	-936.87603	-928.35489	-931.90444
416	416	-569.936	-539.22814	-551.85833	30.707868	-561.30395	-532.28616	-533.23181
417	417	-1032.5254	-1020.6334	-1028.3652	11.892077	-1015.7879	-1007.8229	-1015.0957
418	418	-750.96865	-726.00088	-736.68965	24.967771	-734.9692	-719.38267	-720.75944
419	419	-733.68501	-703.59043	-716.83907	30.094584	-716.39787	-697.45293	-697.90662
420	420	-938.82377	-904.34886	-917.16111	34.474914	-920.98603	-896.96527	-899.34126
421	421	-668.86129	-664.14565	-670.51804	4.7156397	-665.66581	-649.78494	-653.89152
422	422	-856.79845	-794.03619	-806.42528	62.762253	-838.91749	-788.85383	-788.84894
423	423	-609.52544	-569.96396	-582.28981	39.56148	-590.27407	-563.61499	-563.86352
424	424	-739.76798	-706.35919	-719.27265	33.408789	-721.86065	-700.70222	-700.60428
425	425	-727.31077	-697.2755	-710.11986	30.035268	-709.34209	-691.94128	-692.03834
426	426	-587.96461	-540.98263	-554.08491	46.981978	-569.30661	-535.41431	-535.4129
427	427	-804.01371	-779.58454	-791.48883	24.429168	-791.20512	-772.32873	-774.00666
428	428	-663.62073	-621.07458	-634.15197	42.546155	-644.22308	-615.76177	-615.76303
429	429	-649.80164	-629.70087	-638.46147	20.100774	-641.41869	-622.80864	-623.37524
430	430	-758.24926	-718.65668	-731.44462	39.592577	-741.34482	-712.31149	-713.33231
431	431	-612.991	-590.36186	-603.76935	22.62914	-594.93599	-579.62549	-582.93591
432	432	-751.56702	-720.5634	-733.79669	31.00362	-732.2468	-714.81863	-714.8145
433	433	-778.24476	-758.76468	-772.23254	19.480084	-760.64472	-750.56787	-752.79758
434	434	-844.81437	-801.85181	-814.77464	42.962557	-825.61412	-795.33585	-796.80728
435	435	-921.80968	-885.63817	-898.88083	36.171506	-903.23527	-880.58237	-880.58137
436	436	-464.27059	-427.82157	-440.07146	36.449023	-449.93418	-421.88199	-421.88053
437	437	-629.90229	-593.22125	-605.47205	36.681035	-617.31035	-587.23405	-587.23103
438	438	-727.27918	-698.85742	-712.13427	28.421761	-710.62571	-689.34894	-690.22565
439	439	-666.12725	-644.41104	-656.47999	21.716202	-662.89997	-637.7073	-637.54352
440	440	-754.67198	-705.53778	-718.63224	49.1342	-735.71465	-700.32342	-700.3239
441	441	-612.47214	-584.44316	-596.91993	28.028976	-594.52464	-575.6406	-578.63533
442	442	-715.8698	-670.62312	-683.85328	45.246677	-696.20727	-664.8947	-664.85153
443	443	-727.28923	-696.22844	-706.66671	31.060785	-707.63869	-687.08899	-687.32044
444	444	-698.54245	-677.19394	-689.9532	21.348511	-689.9765	-667.83365	-671.42749
445	445	-633.30158	-597.45096	-610.42975	35.85062	-614.68921	-589.88321	-591.80025
446	446	-492.89788	-460.36685	-473.45829	32.531027	-489.4134	-453.38463	-453.15373
447	447	-918.52195	-893.11779	-904.09811	25.404161	-900.2715	-884.1407	-888.08485
448	448	-550.28249	-520.6843	-531.87196	29.59819	-536.84334	-511.91949	-514.53983
449	449	-749.6852	-710.70736	-723.95404	38.977838	-731.64099	-704.97747	-704.97024
450	450	-762.43952	-747.03059	-757.88965	15.408936	-744.83439	-738.0411	-738.82543
451	451	-566.11233	-529.35516	-542.47219	36.757174	-558.02669	-520.07626	-523.1827
452	452	-600.16772	-548.80124	-558.11089	51.366484	-580.88045	-539.36992	-543.42178
453	453	-692.3464	-669.42108	-681.00403	22.925319	-689.17211	-662.2514	-663.65546
454	454	-580.77916	-558.72538	-567.95879	22.053777	-577.40814	-550.76768	-551.86916
455	455	-635.8838	-580.56259	-593.79436	55.321206	-616.86275	-574.38033	-574.37503
456	456	-861.28407	-815.59209	-828.6768	45.691977	-843.37641	-810.59011	-810.591
457	457	-830.52952	-797.05924	-808.95799	33.470279	-812.63827	-787.85816	-788.04192
458	458	-644.11446	-600.73839	-613.98542	43.376071	-625.99334	-594.78422	-594.70608
459	459	-532.46702	-491.7709	-504.87074	40.696119	-513.89534	-485.88268	-485.8836
460	460	-847.63038	-840.45727	-848.85247	7.1731172	-844.674	-832.50138	-833.56408
461	461	-598.5692	-528.79502	-542.04865	69.774185	-580.0112	-522.44967	-522.38922
462	462	-591.59604	-560.80756	-571.50889	30.788488	-574.26883	-552.89771	-552.89832
463	463	-656.27252	-619.63467	-632.68665	36.637857	-643.29399	-612.48867	-613.85497
464	464	-541.59925	-532.47193	-543.41323	9.1273194	-538.23013	-524.24482	-524.71868
465	465	-753.97577	-739.92838	-751.03788	14.047397	-750.9005	-730.88745	-734.43335
466	466	-601.7358	-575.63155	-586.27583	26.104257	-587.38773	-570.4054	-570.38915
467	467	-683.86447	-646.33358	-659.57492	37.530892	-665.47868	-640.8619	-640.86173
468	468	-685.95254	-640.98912	-653.76152	44.963421	-667.8846	-635.66823	-635.66493
469	469	-601.00726	-556.24232	-569.35284	44.764942	-583.63422	-550.49541	-550.7298
470	470	-727.05301	-698.79308	-711.91239	28.259927	-707.98055	-693.39415	-693.62519
471	471	-516.75422	-469.56566	-482.83054	47.18856	-497.90416	-463.11122	-463.05601
472	472	-922.19384	-918.45114	-923.39349	3.7426976	-919.29187	-906.34949	-911.40928
473	473	-992.89205	-970.86837	-980.60857	22.023687	-981.14567	-965.16205	-965.74623
474	474	-712.5595	-686.0658	-695.20295	26.4937	-700.37138	-680.01172	-680.01177
475	475	-722.37336	-668.55358	-681.66581	53.819777	-703.65272	-663.36087	-663.36094
476	476	-871.27811	-849.81826	-860.91138	21.459851	-857.42215	-842.03043	-844.83544
477	477	-689.7622	-655.4316	-663.88521	34.330599	-678.60139	-648.83356	-648.82682
478	478	-732.27299	-678.88507	-691.8484	53.387917	-714.06402	-670.64152	-673.01438
479	479	-737.95512	-696.85809	-708.11517	41.097034	-720.48264	-686.5184	-686.51686
480	480	-647.13554	-602.0079	-615.10027	45.127644	-630.47083	-595.92211	-595.92942
481	481	-673.56344	-633.60215	-646.82613	39.961295	-659.85007	-627.66196	-627.80557
482	482	-448.73492	-408.89392	-421.7484	39.840993	-430.28458	-400.74347	-400.75699
483	483	-812.57199	-782.84314	-795.93339	29.728848	-792.94916	-777.62978	-777.62963
484	484	-707.60571	-698.86585	-707.01703	8.7398587	-689.33295	-685.26962	-685.86463
485	485	-676.32158	-634.80567	-646.14511	41.515907	-658.60868	-629.13586	-629.28633
486	486	-1016.7149	-995.29858	-1008.3941	21.416363	-999.38918	-989.86395	-989.85979
487	487	-789.19959	-786.36387	-793.23482	2.835725	-786.13081	-779.20578	-780.18204
488	488	-861.07919	-828.87242	-841.84356	32.206774	-843.85046	-823.38377	-823.39087
489	489	-878.04699	-862.89176	-874.75334	15.155234	-860.87268	-854.60958	-855.93166
490	490	-684.14467	-674.86888	-683.38596	9.2757906	-680.98727	-667.28962	-667.04345
491	491	-736.64216	-686.68072	-699.77863	49.96143	-718.06259	-680.76836	-681.22286
492	492	-777.58743	-737.3627	-750.59259	40.22473	-759.69134	-731.65162	-731.57331
493	493	-668.94556	-635.11712	-647.94292	33.828435	-651.15885	-629.59792	-629.59837
494	494	-555.09755	-523.6912	-536.77136	31.406348	-543.39054	-517.61371	-517.57244
495	495	-580.78786	-517.10744	-530.37528	63.680419	-562.06902	-510.70881	-510.70119
496	496	-914.76118	-872.0687	-883.74221	42.692476	-897.17832	-863.01892	-867.06173
497	497	-778.51082	-774.75152	-783.05668	3.7592995	-775.47273	-763.00479	-768.14331
498	498	-1128.2427	-1094.3084	-1107.4406	33.934261	-1110.7714	-1087.9736	-1089.343
499	499	-750.87836	-719.52026	-726.39483	31.358097	-736.46189	-713.57693	-713.24407
