No.	ID	loglik_NUll	loglik_RES	loglik_all	log_ratio	loglik_Max1	loglik_Max2	loglik_Max3
0	0	-329.37411	-324.87098	-328.41345	4.5031313	-325.53977	-312.73272	-316.21499
1	1	-628.36624	-624.65827	-628.23964	3.7079772	-625.10889	-616.60445	-616.66094
2	2	-311.16648	-309.42651	-312.94566	1.7399711	-307.26944	-300.64311	-300.64279
3	3	-393.00675	-384.68338	-388.26295	8.3233746	-389.4106	-375.17002	-376.29328
4	4	-605.40727	-601.28879	-604.86037	4.118478	-602.10466	-592.99619	-593.24734
5	5	-416.66877	-416.88742	-420.03215	-0.21864915	-413.10508	-405.46035	-408.50241
6	6	-988.99187	-983.90691	-989.14733	5.0849603	-973.15496	-965.17864	-971.10309
7	7	-693.63497	-693.14476	-696.50698	0.49020412	-690.52108	-682.19924	-685.27779
8	8	-621.69205	-607.81128	-612.08633	13.880775	-618.43313	-597.98575	-597.97727
9	9	-643.84812	-645.89461	-648.07604	-2.0464904	-640.60673	-637.34835	-637.31666
10	10	-705.62385	-708.38706	-709.88022	-2.7632095	-702.52122	-699.33096	-701.00401
11	11	-390.64065	-390.5684	-393.80998	0.072247136	-386.99329	-382.09656	-382.09801
12	12	-573.38118	-568.56476	-572.079	4.816417	-570.03602	-559.97278	-560.4854
13	13	-551.95458	-554.92502	-556.13954	-2.9704438	-548.57275	-545.94615	-545.8945
14	14	-518.84198	-507.87277	-511.43147	10.969211	-515.45761	-498.01595	-499.78774
15	15	-635.6084	-625.32592	-628.57168	10.282475	-630.17824	-614.1344	-614.13373
16	16	-722.26933	-719.84426	-723.39589	2.4250624	-719.13062	-709.90305	-711.98966
17	17	-595.04871	-584.71618	-589.08825	10.33253	-591.72829	-575.05077	-575.04841
18	18	-412.67021	-401.17478	-404.75408	11.495426	-409.07048	-392.5579	-392.80005
19	19	-304.2992	-294.52712	-298.96295	9.772079	-300.44431	-282.57013	-284.31016
20	20	-673.50131	-672.49244	-676.22672	1.008873	-670.30503	-663.5569	-663.55377
21	21	-622.16841	-625.20412	-626.4229	-3.0357078	-618.87718	-616.23196	-616.01208
22	22	-574.9899	-577.7046	-578.92922	-2.7147035	-571.65625	-566.6933	-572.07401
23	23	-740.32673	-741.61824	-744.3001	-1.2915156	-737.23836	-730.68288	-734.01516
24	24	-633.97845	-636.61092	-638.25577	-2.6324706	-629.88178	-626.29937	-627.90684
25	25	-488.30719	-484.12273	-487.93367	4.1844648	-484.88923	-474.518	-475.45773
26	26	-442.22758	-443.09905	-445.98013	-0.87146475	-438.71409	-434.7082	-434.70673
27	27	-443.30397	-444.79289	-447.55425	-1.4889186	-439.78091	-434.93109	-434.91623
28	28	-538.72561	-541.52262	-543.01751	-2.7970076	-535.41139	-535.82977	-535.83102
29	29	-501.67664	-498.41773	-501.93821	3.2589117	-498.29744	-490.24158	-490.24104
30	30	-595.77802	-597.90589	-600.02657	-2.1278727	-592.52668	-589.86324	-590.32375
31	31	-611.70842	-614.43529	-615.94623	-2.726869	-608.42606	-606.22283	-608.84348
32	32	-500.6923	-499.99796	-503.36331	0.69433649	-497.33578	-489.97122	-491.85721
33	33	-482.54818	-478.47925	-482.56888	4.0689288	-479.10353	-468.93396	-469.12341
34	34	-582.18812	-577.37718	-580.64366	4.8109378	-578.86346	-564.43897	-569.07943
35	35	-500.43427	-496.91626	-500.48581	3.518006	-496.99265	-488.70881	-488.70852
36	36	-560.59016	-555.70111	-559.43231	4.8890488	-557.28694	-547.38584	-547.38543
37	37	-586.96826	-589.97148	-591.20719	-3.0032184	-583.65564	-579.53452	-580.68543
38	38	-558.5625	-556.02607	-559.49285	2.5364287	-555.20777	-547.2775	-547.86955
39	39	-853.99028	-855.05943	-857.9349	-1.0691547	-851.09555	-845.58319	-846.88837
40	40	-720.7339	-722.40625	-725.25018	-1.6723524	-717.05822	-703.01499	-713.18568
41	41	-470.66825	-473.6736	-474.91531	-3.0053434	-467.22738	-463.53839	-464.16184
42	42	-499.24008	-502.26171	-503.50081	-3.0216265	-495.81927	-491.33598	-492.71609
43	43	-391.64146	-393.99853	-395.88836	-2.3570689	-388.03625	-385.60255	-385.88916
44	44	-805.20012	-807.47565	-809.11332	-2.2755297	-802.14248	-797.27523	-798.27272
45	45	-765.53863	-767.11414	-769.73817	-1.5755131	-762.46937	-754.45374	-759.3859
46	46	-654.1824	-656.60577	-658.40339	-2.4233676	-650.98835	-648.50581	-648.68079
47	47	-582.0293	-584.78183	-586.29502	-2.7525273	-578.74337	-576.69151	-576.66304
48	48	-454.919	-457.67989	-459.16697	-2.7608957	-451.45729	-451.37228	-451.87478
49	49	-434.06819	-429.23768	-433.03108	4.8305084	-430.56128	-420.32765	-420.3035
50	50	-547.32	-518.85736	-523.05962	28.462649	-533.06331	-509.86779	-509.86618
51	51	-620.14765	-622.45211	-624.39851	-2.3044641	-616.91291	-611.61961	-614.73345
52	52	-848.74209	-851.7415	-852.984	-2.9994136	-845.76014	-839.43937	-843.78291
53	53	-701.35849	-699.60339	-702.61789	1.7551009	-698.10116	-689.69611	-689.68518
54	54	-769.5391	-772.5798	-773.75264	-3.0406999	-766.49168	-763.42934	-763.32342
55	55	-331.2449	-325.90805	-330.23944	5.3368547	-327.44001	-315.7911	-315.90283
56	56	-944.88525	-947.02434	-949.12344	-2.139096	-941.9702	-937.46832	-938.74569
57	57	-560.89909	-563.91756	-565.15825	-3.018469	-557.60007	-554.55957	-554.1429
58	58	-623.73736	-624.8349	-627.39024	-1.0975427	-620.43909	-615.48659	-616.72232
59	59	-786.81723	-782.20496	-786.72661	4.6122652	-783.76542	-772.85224	-772.84901
60	60	-616.03463	-612.24685	-617.0624	3.7877772	-612.76432	-601.90642	-602.59721
61	61	-345.5911	-338.67328	-342.16007	6.9178145	-341.81996	-330.03265	-330.03291
62	62	-727.43371	-730.17313	-731.68038	-2.7394218	-724.31939	-722.81919	-723.81872
63	63	-688.05869	-680.761	-684.29889	7.2976948	-684.87422	-672.79688	-672.78703
64	64	-470.19721	-468.85569	-472.24028	1.341521	-466.71705	-459.42501	-460.29869
65	65	-573.65357	-571.1329	-574.79735	2.5206647	-570.33941	-561.38477	-563.00769
66	66	-673.31438	-676.04603	-677.54661	-2.7316504	-670.12496	-668.38549	-668.1303
67	67	-630.12733	-623.81257	-627.84056	6.3147635	-626.83817	-615.65581	-615.67492
68	68	-647.93572	-635.5632	-639.0999	12.372512	-644.73701	-627.65482	-627.69503
69	69	-591.4916	-591.82425	-594.99642	-0.33264888	-588.20859	-582.33775	-583.75295
70	70	-944.25119	-942.95181	-946.1394	1.2993812	-932.7773	-932.12549	-931.8037
71	71	-502.19178	-498.41142	-501.96133	3.7803604	-498.80813	-490.08569	-490.08361
72	72	-637.16975	-635.68503	-639.26097	1.4847156	-633.91061	-625.94596	-627.69537
73	73	-773.72567	-773.31263	-776.92234	0.41304112	-770.64206	-763.7472	-764.27202
74	74	-739.47034	-741.81803	-743.72016	-2.3476881	-736.35425	-733.79319	-734.80448
75	75	-534.08693	-536.62741	-538.28545	-2.540486	-530.67487	-528.55063	-528.98012
76	76	-707.89477	-706.77016	-710.76604	1.1246069	-704.71377	-696.10678	-697.20504
77	77	-721.88952	-722.59153	-726.03554	-0.70200573	-718.76854	-711.76214	-712.70128
78	78	-593.12013	-585.82024	-589.70476	7.2998977	-589.80532	-575.30414	-576.61646
79	79	-440.04244	-429.61512	-433.13125	10.427318	-436.50111	-421.2846	-421.28432
80	80	-621.79064	-617.94262	-621.50376	3.8480194	-618.49397	-609.91943	-609.92004
81	81	-498.3029	-499.83125	-502.26308	-1.5283459	-494.90215	-488.44032	-491.06148
82	82	-542.04399	-534.0298	-537.54215	8.0141941	-538.73088	-525.29962	-525.98609
83	83	-743.85449	-746.44561	-748.10123	-2.5911243	-740.77417	-736.14814	-737.98332
84	84	-619.36946	-620.05881	-622.93802	-0.68934926	-616.15164	-611.39073	-612.06523
85	85	-470.45877	-473.47472	-474.68331	-3.0159512	-467.05512	-463.88476	-463.77936
86	86	-435.79506	-438.53464	-440.03717	-2.7395845	-432.27361	-432.00255	-432.69113
87	87	-638.94956	-641.6872	-643.18138	-2.7376406	-635.72228	-635.77548	-635.66881
88	88	-693.2632	-683.8141	-687.48305	9.4490968	-690.09991	-675.69225	-675.9269
89	89	-479.88729	-478.41747	-482.11929	1.4698255	-476.44906	-469.63065	-469.8586
90	90	-600.96772	-603.71118	-605.22442	-2.7434613	-597.70906	-594.63512	-598.1266
91	91	-509.56195	-508.41055	-512.19918	1.1514011	-506.09523	-498.94238	-499.72468
92	92	-741.08469	-737.62422	-742.09988	3.4604771	-737.97155	-721.77282	-727.23382
93	93	-621.24925	-612.74824	-616.34727	8.5010108	-617.9891	-604.824	-604.82484
94	94	-848.48619	-851.22965	-852.73152	-2.7434583	-845.49967	-842.8937	-844.46923
95	95	-505.64317	-504.73123	-508.46481	0.91193717	-502.25775	-496.32726	-496.32686
96	96	-417.59347	-406.70968	-410.25474	10.883788	-414.01889	-398.35468	-398.35461
97	97	-740.87365	-740.63756	-742.32295	0.23609425	-737.77109	-723.55391	-732.61389
98	98	-606.77246	-602.39303	-606.1259	4.3794351	-603.49646	-592.73235	-593.08953
99	99	-663.2399	-666.37935	-667.57879	-3.1394479	-660.18852	-653.23074	-657.5822
100	100	-670.19341	-669.13222	-672.92806	1.0611944	-667.04227	-659.53985	-659.52173
101	101	-278.6211	-281.21209	-282.85732	-2.5909895	-274.63325	-272.57252	-273.55265
102	102	-455.06326	-457.15156	-459.10191	-2.0883045	-451.59655	-446.19479	-448.73635
103	103	-309.97443	-311.85996	-314.03769	-1.885524	-306.09586	-303.45745	-303.45729
104	104	-592.44072	-588.60025	-592.09395	3.8404608	-589.17984	-577.68275	-580.57207
105	105	-1013.1378	-1013.7827	-1018.7579	-0.64488176	-1010.3198	-1000.187	-1005.3136
106	106	-501.60078	-498.11595	-501.67762	3.4848355	-498.20436	-486.67714	-489.93631
107	107	-775.61497	-772.02894	-775.55665	3.5860299	-772.57443	-760.68879	-764.25531
108	108	-574.3156	-573.26665	-576.56698	1.0489582	-571.00127	-562.57247	-562.57047
109	109	-514.26197	-503.05814	-506.80467	11.203826	-510.88176	-494.64237	-494.62691
110	110	-665.18696	-660.04203	-663.76947	5.1449346	-662.0199	-652.1685	-652.15471
111	111	-395.2776	-389.10627	-392.97953	6.1713262	-391.6302	-378.6984	-379.87687
112	112	-337.67946	-333.51104	-337.08125	4.1684148	-333.89299	-324.27919	-324.85784
113	113	-514.6075	-516.92021	-518.85476	-2.3127112	-511.22656	-510.09643	-510.08555
114	114	-758.63465	-760.73641	-762.67569	-2.1017672	-755.55493	-750.35104	-752.4066
115	115	-425.79183	-428.52139	-429.7032	-2.7295659	-422.26836	-417.63707	-421.92253
116	116	-564.09887	-565.49385	-567.8572	-1.3949819	-560.74472	-556.30502	-557.62722
117	117	-444.12064	-434.00046	-437.55056	10.120177	-440.60379	-425.71256	-425.71246
118	118	-706.31797	-703.74238	-707.18635	2.5755864	-703.18399	-691.60197	-695.84146
119	119	-783.34762	-783.494	-786.67541	-0.14637545	-780.28326	-772.16357	-775.65467
120	120	-477.60087	-471.23477	-474.75991	6.3660937	-474.16478	-462.99149	-462.99157
121	121	-522.47029	-524.87318	-526.73351	-2.4028903	-519.10453	-515.61229	-518.06837
122	122	-1102.3258	-1095.2244	-1099.5373	7.1014403	-1099.517	-1086.5948	-1086.5954
123	123	-374.56152	-374.25403	-377.38842	0.30749037	-370.89322	-363.16007	-365.68638
124	124	-595.56417	-595.5	-599.79843	0.064174047	-592.28929	-586.26212	-585.8853
125	125	-558.61954	-551.2694	-554.70813	7.3501342	-555.30303	-541.33548	-543.23597
126	126	-341.67859	-331.20976	-334.74562	10.468828	-337.88559	-322.58244	-322.58292
127	127	-386.56995	-377.60187	-381.17922	8.968084	-382.8815	-369.08951	-369.08875
128	128	-486.9878	-474.83965	-478.35734	12.148144	-483.52763	-463.87048	-466.62066
129	129	-466.18046	-469.1858	-470.42557	-3.0053439	-462.72049	-458.38332	-458.76831
130	130	-434.21615	-432.27581	-435.55671	1.940335	-430.69314	-420.94004	-423.92002
131	131	-468.60813	-464.62326	-468.12516	3.9848702	-465.13151	-456.33926	-456.34259
132	132	-746.38857	-745.99242	-749.58756	0.39614574	-743.30557	-737.03485	-737.5265
133	133	-577.5558	-567.81236	-571.37199	9.7434443	-574.23696	-559.77804	-559.83997
134	134	-676.83818	-679.28351	-681.10117	-2.4453308	-673.6554	-669.23974	-670.56276
135	135	-476.47698	-474.72782	-478.45736	1.7491539	-473.0028	-464.01756	-466.11066
136	136	-688.01527	-688.9865	-691.88081	-0.97123013	-684.84145	-678.6797	-680.02038
137	137	-470.6456	-454.21607	-458.449	16.42953	-467.16238	-444.60833	-444.94755
138	138	-458.96119	-457.31877	-460.85667	1.6424162	-455.50404	-449.06003	-449.06143
139	139	-910.79463	-903.04575	-906.8605	7.7488781	-907.87768	-894.9397	-894.93657
140	140	-548.03781	-549.9013	-552.17419	-1.8634956	-544.7417	-539.86736	-540.19723
141	141	-415.41838	-403.59951	-407.36471	11.818865	-411.80221	-394.55941	-394.55693
142	142	-428.60891	-424.91226	-429.76122	3.6966551	-425.02492	-411.61149	-414.79436
143	143	-560.3823	-562.28313	-564.50067	-1.9008343	-557.07977	-554.48067	-554.47846
144	144	-574.40346	-572.03092	-575.80815	2.3725416	-571.0803	-563.39265	-563.67053
145	145	-442.12078	-439.49653	-443.54082	2.6242519	-438.60238	-428.48819	-429.97253
146	146	-567.4055	-568.41659	-571.36163	-1.0110887	-564.06331	-558.63795	-559.32802
147	147	-544.99665	-542.44479	-546.18674	2.5518607	-540.65093	-532.14995	-532.02255
148	148	-519.08419	-521.82156	-523.30979	-2.7373689	-515.66879	-516.08722	-515.98972
149	149	-881.86172	-879.45161	-882.96439	2.4101136	-878.90708	-869.59017	-871.77339
150	150	-513.21882	-507.91672	-511.43876	5.3021025	-509.81733	-499.81986	-499.81969
151	151	-560.74023	-562.52976	-564.81475	-1.7895296	-557.39991	-551.87516	-554.6923
152	152	-524.33268	-513.65018	-517.19309	10.682499	-520.93935	-505.57223	-505.57141
153	153	-348.00748	-349.95871	-352.085	-1.9512287	-344.26044	-337.86759	-339.76829
154	154	-386.07485	-388.4018	-390.3211	-2.3269507	-382.51596	-380.38438	-380.37877
155	155	-723.4541	-717.43201	-720.93116	6.0220973	-720.33758	-709.25053	-709.58845
156	156	-493.98703	-490.44999	-494.16068	3.5370384	-490.56379	-482.0748	-482.06894
157	157	-481.65281	-480.19093	-483.74635	1.46188	-478.1658	-470.64963	-471.87806
158	158	-470.17146	-466.45793	-470.04584	3.7135301	-466.73337	-456.69499	-458.24868
159	159	-744.2799	-745.13917	-748.24105	-0.85927299	-741.19905	-736.7863	-737.80071
160	160	-368.49068	-368.16388	-371.48713	0.32679155	-364.81616	-359.6011	-359.6002
161	161	-510.13857	-506.59806	-510.34162	3.5405089	-506.73525	-495.37015	-497.93828
162	162	-386.01855	-376.56226	-380.78954	9.4562903	-382.42022	-363.52471	-366.95079
163	163	-549.86928	-549.38302	-552.88592	0.48626455	-546.54519	-538.4876	-540.88384
164	164	-697.6747	-700.26216	-701.90307	-2.5874606	-694.54849	-693.61888	-693.72281
165	165	-508.50465	-511.01505	-512.68607	-2.5104032	-505.1035	-502.74862	-502.72399
166	166	-437.90504	-436.1519	-439.71805	1.7531413	-434.41672	-427.14553	-427.81775
167	167	-796.77867	-797.07266	-801.2777	-0.29398739	-793.73957	-782.67196	-789.18501
168	168	-687.38846	-689.93316	-691.64936	-2.5447067	-684.27342	-681.66973	-682.18821
169	169	-639.33366	-642.07356	-643.56566	-2.7398995	-636.12754	-633.26793	-636.31305
170	170	-414.84594	-417.62113	-419.09276	-2.7751931	-411.314	-411.18562	-411.73289
171	171	-503.65881	-503.97262	-507.83009	-0.31381059	-500.21546	-491.80416	-493.25334
172	172	-903.36262	-902.76993	-906.30351	0.59268993	-900.45549	-893.92378	-895.14517
173	173	-410.42339	-402.10855	-405.65847	8.3148342	-406.81823	-393.71239	-393.71299
174	174	-465.71559	-450.17618	-453.72368	15.53941	-462.24859	-441.97519	-441.97518
175	175	-541.52044	-533.40667	-536.94909	8.1137787	-538.09542	-525.1396	-525.13489
176	176	-680.58633	-683.04917	-684.83569	-2.4628418	-677.40005	-671.50618	-675.43309
177	177	-421.54577	-424.28208	-425.78339	-2.7363121	-418.02403	-417.95586	-417.84077
178	178	-603.08134	-605.82045	-607.33454	-2.7391059	-599.80313	-598.74332	-598.74372
179	179	-663.8427	-650.66775	-654.63459	13.174958	-660.6173	-641.62678	-641.91524
180	180	-872.60617	-873.12369	-876.87546	-0.51752599	-869.6457	-862.74399	-865.46534
181	181	-618.41776	-609.44056	-612.75595	8.9772048	-615.11917	-595.91449	-601.43673
182	182	-525.44658	-523.35697	-528.10165	2.0896088	-522.02372	-510.47845	-513.20665
183	183	-571.61498	-564.58757	-568.10445	7.0274049	-568.2383	-556.4958	-556.49532
184	184	-864.71636	-862.17208	-865.52317	2.5442755	-861.73811	-851.40104	-854.47573
185	185	-716.66346	-716.51885	-719.81043	0.14461122	-713.55077	-708.65516	-708.65544
186	186	-693.23823	-695.98743	-697.51308	-2.7492	-690.05171	-685.16806	-689.4721
187	187	-622.09548	-618.31732	-621.88692	3.7781542	-618.84252	-608.19048	-610.30114
188	188	-690.34559	-687.64279	-691.16895	2.7028054	-687.20576	-679.46447	-679.75835
189	189	-491.01051	-475.93427	-479.48885	15.076242	-487.53583	-467.47014	-467.70799
190	190	-757.00556	-759.84049	-761.39755	-2.8349293	-754.05784	-750.07385	-753.32619
191	191	-565.30974	-557.72129	-563.01733	7.5884509	-561.92932	-547.85362	-547.85111
192	192	-703.04237	-700.50183	-704.07407	2.5405324	-699.89392	-692.63931	-692.63723
193	193	-401.30339	-404.07096	-405.54944	-2.7675675	-397.73148	-395.32292	-398.14961
194	194	-604.48836	-607.22595	-608.74678	-2.7375831	-601.24782	-598.47709	-601.6659
195	195	-612.85619	-613.06689	-616.58162	-0.21069501	-609.61431	-601.23753	-603.56302
196	196	-646.32095	-649.06046	-650.54312	-2.7395042	-643.14544	-642.45981	-642.43977
197	197	-653.68121	-652.79027	-656.33679	0.89094339	-650.48533	-644.81583	-644.81577
198	198	-467.38519	-468.25011	-471.1619	-0.8649194	-463.95438	-459.98698	-459.98294
199	199	-444.71909	-440.2354	-443.7862	4.4836883	-441.2332	-431.95322	-431.95347
200	200	-601.67028	-594.88508	-598.71312	6.7852042	-598.38811	-583.42182	-585.98086
201	201	-526.53699	-529.02592	-530.78162	-2.4889325	-523.19058	-521.98336	-521.98064
202	202	-470.6588	-464.12473	-467.91372	6.534069	-467.23692	-455.51309	-455.49414
203	203	-524.06343	-526.83291	-528.35558	-2.7694778	-520.70489	-521.12228	-521.12369
204	204	-541.14766	-544.18806	-545.37633	-3.0403955	-537.79228	-533.23641	-536.50523
205	205	-615.16527	-618.1725	-619.38785	-3.0072307	-611.88776	-610.9512	-611.14684
206	206	-624.95084	-623.31032	-626.99211	1.6405227	-621.72382	-610.29229	-614.09054
207	207	-838.29464	-841.05469	-842.54578	-2.7600422	-835.28005	-833.20123	-835.69844
208	208	-453.22071	-445.95559	-449.75535	7.2651112	-449.72851	-436.3215	-437.13135
209	209	-603.60185	-606.37105	-607.855	-2.7692032	-600.367	-599.34319	-599.34556
210	210	-562.50777	-562.49625	-565.52743	0.011526444	-559.16632	-553.03456	-553.52676
211	211	-462.47097	-463.26822	-466.11712	-0.7972535	-459.01099	-454.19525	-454.19682
212	212	-450.58586	-453.13674	-454.81877	-2.550882	-447.12423	-443.02569	-443.90602
213	213	-488.62479	-491.06162	-492.89882	-2.436825	-485.17923	-483.77849	-483.7804
214	214	-377.13793	-357.25568	-360.81809	19.882255	-373.40937	-348.76089	-348.76105
215	215	-438.00262	-430.48224	-434.05298	7.5203787	-434.49155	-421.58606	-422.2004
216	216	-549.50613	-539.92507	-543.49029	9.5810679	-546.16687	-530.51694	-531.89388
217	217	-998.54086	-989.48294	-992.68597	9.0579133	-988.03092	-971.53155	-980.85054
218	218	-654.94995	-657.2409	-659.19613	-2.2909546	-651.72389	-648.65716	-649.54451
219	219	-498.29602	-499.24835	-502.13625	-0.95232711	-494.90943	-489.66447	-489.66831
220	220	-411.79255	-406.68518	-410.25295	5.1073713	-408.24845	-398.33883	-398.33893
221	221	-381.02996	-371.36934	-374.91882	9.6606157	-377.33917	-362.87393	-362.87392
222	222	-506.21145	-505.27931	-508.82705	0.93213351	-502.8154	-496.6475	-497.0748
223	223	-796.07933	-798.81221	-800.3063	-2.732876	-793.09636	-792.65418	-792.64312
224	224	-896.16172	-884.17998	-887.7442	11.981742	-893.21491	-874.31277	-876.6454
225	225	-467.93619	-463.75039	-467.06256	4.1858039	-462.92856	-452.08839	-453.36562
226	226	-950.27246	-950.26888	-954.8016	0.0035832143	-947.39746	-938.07088	-943.6764
227	227	-910.83975	-911.76738	-913.5172	-0.92762833	-896.25456	-896.64292	-897.93273
228	228	-492.88833	-495.22744	-496.96363	-2.3391066	-489.48109	-484.48843	-487.65226
229	229	-608.85031	-611.56739	-613.09013	-2.7170765	-605.60816	-603.46541	-604.93019
230	230	-596.42974	-593.42905	-596.71806	3.0006928	-593.15081	-581.39662	-585.38692
231	231	-408.8985	-411.63635	-413.13561	-2.7378496	-405.36467	-401.99463	-405.7828
232	232	-659.94243	-644.91528	-648.49041	15.027152	-656.73827	-637.08068	-637.08501
233	233	-400.31845	-397.38046	-400.92625	2.9379901	-396.67301	-387.4865	-388.88705
234	234	-709.22814	-711.61972	-713.77132	-2.3915717	-706.13849	-692.76841	-702.02356
235	235	-611.86997	-614.63709	-616.10069	-2.7671204	-608.64825	-605.09603	-607.35094
236	236	-371.49267	-354.55764	-358.05611	16.93503	-367.75336	-346.00303	-346.00296
237	237	-821.79228	-820.04482	-823.85744	1.747463	-818.7458	-810.24113	-812.61237
238	238	-911.42972	-912.89716	-915.49251	-1.4674425	-908.50089	-901.49523	-904.13849
239	239	-613.16917	-613.564	-616.84354	-0.39482543	-609.90097	-601.32217	-605.48543
240	240	-879.14155	-881.47487	-883.37809	-2.333326	-874.81749	-871.21698	-872.58425
241	241	-681.92039	-659.9964	-663.5558	21.923984	-670.97897	-651.20514	-651.42699
242	242	-673.63144	-664.0278	-667.44851	9.6036482	-670.41655	-654.04031	-656.15345
243	243	-955.84931	-958.0812	-960.19411	-2.2318897	-947.41677	-947.82544	-946.8397
244	244	-418.91296	-420.84314	-422.86048	-1.9301811	-415.32629	-412.22883	-412.22901
245	245	-566.68422	-569.40274	-570.94462	-2.7185128	-563.38423	-561.29593	-561.30009
246	246	-670.91231	-673.95847	-675.18675	-3.0461611	-667.76239	-664.63904	-664.53378
247	247	-458.61572	-461.62909	-462.8724	-3.0133662	-455.15425	-452.45434	-452.40116
248	248	-638.30615	-634.92314	-638.45207	3.3830023	-635.08176	-626.6536	-626.63076
249	249	-663.60154	-653.09404	-656.95446	10.507496	-660.39746	-643.75291	-644.04172
250	250	-365.44363	-358.99549	-362.5582	6.4481414	-361.74046	-350.44552	-350.4439
251	251	-492.53032	-494.84451	-496.83604	-2.3141987	-489.16856	-487.87782	-487.87926
252	252	-621.4923	-613.29845	-617.0027	8.1938543	-618.26826	-605.3047	-605.30384
253	253	-618.62696	-618.99268	-622.14499	-0.36571773	-615.35086	-608.40105	-610.95154
254	254	-820.1415	-822.84184	-824.38267	-2.7003353	-817.09482	-814.32468	-815.61784
255	255	-670.32661	-671.47843	-674.19112	-1.1518208	-667.19839	-659.1929	-663.57176
256	256	-850.04637	-852.92024	-855.80357	-2.8738709	-847.10915	-832.15038	-843.77611
257	257	-703.49962	-698.87333	-702.42103	4.6262908	-700.36766	-690.20201	-690.92248
258	258	-391.87024	-379.41229	-383.30244	12.457951	-388.21293	-370.23712	-370.23685
259	259	-571.39597	-573.13217	-575.59617	-1.7362021	-568.04098	-559.3292	-563.83685
260	260	-605.99387	-604.15718	-607.58743	1.8366872	-602.70926	-590.17464	-596.09268
261	261	-935.987	-939.12976	-940.36137	-3.142768	-933.19906	-932.02305	-931.93447
262	262	-679.10101	-671.76903	-675.30441	7.331977	-675.90771	-662.41371	-663.74963
263	263	-590.70288	-586.4951	-590.15413	4.2077748	-587.46934	-573.17951	-578.51215
264	264	-732.65719	-728.49119	-732.0416	4.1660004	-729.54835	-718.43219	-719.87439
265	265	-680.99356	-683.42045	-685.23565	-2.4268933	-677.81074	-672.48858	-674.83756
266	266	-671.72596	-668.77419	-672.30645	2.951772	-668.53509	-660.55794	-660.85493
267	267	-582.9691	-585.70172	-587.20092	-2.7326245	-579.65847	-579.06954	-580.07596
268	268	-598.41352	-600.39524	-602.54067	-1.9817149	-595.16548	-590.57637	-592.77809
269	269	-499.32762	-501.80624	-503.59902	-2.4786196	-495.93594	-492.36767	-494.63847
270	270	-388.34728	-378.79567	-382.70838	9.551617	-384.6413	-369.53929	-369.5465
271	271	-572.97741	-567.16674	-571.85909	5.8106704	-569.68426	-557.38924	-557.25903
272	272	-621.68608	-622.3628	-625.39197	-0.6767267	-618.47841	-614.36325	-614.36188
273	273	-704.67038	-706.77721	-708.73614	-2.1068356	-701.54506	-697.81589	-697.81544
274	274	-557.18722	-544.16283	-548.18653	13.024392	-553.78916	-535.13509	-535.13198
275	275	-483.96529	-486.68643	-488.19507	-2.7211422	-480.54027	-480.9579	-480.95806
276	276	-399.52875	-399.18856	-402.35635	0.34018029	-395.92233	-390.32466	-391.10382
277	277	-720.3635	-713.69139	-717.66637	6.6721141	-717.24293	-704.95523	-705.06994
278	278	-563.26101	-562.91605	-566.25181	0.34496238	-559.89641	-552.49414	-554.49281
279	279	-357.87749	-348.27194	-351.79476	9.6055493	-354.17243	-339.74383	-339.74369
280	280	-683.81672	-669.69448	-673.24446	14.122241	-669.53783	-661.84134	-661.87478
281	281	-476.536	-466.86474	-470.72864	9.6712566	-473.12913	-456.26956	-456.27327
282	282	-571.73372	-567.44741	-570.94234	4.2863082	-568.41769	-558.31033	-559.37894
283	283	-569.14266	-570.83886	-573.16906	-1.6962079	-565.77446	-560.61258	-562.93367
284	284	-567.68921	-559.79404	-563.77228	7.8951668	-564.35464	-550.52013	-550.52073
285	285	-852.88034	-848.27383	-851.89056	4.6065128	-849.87591	-839.78714	-839.78395
286	286	-549.86763	-544.23681	-548.20258	5.6308168	-546.45948	-533.47062	-534.10771
287	287	-344.31684	-337.71009	-343.33141	6.6067426	-340.52928	-327.99361	-327.99236
288	288	-554.04102	-556.75482	-558.28628	-2.7137986	-550.69498	-547.51791	-551.11237
289	289	-690.54246	-689.52446	-693.27327	1.0179997	-687.37938	-680.65922	-680.65829
290	290	-390.8469	-382.03997	-385.56052	8.8069329	-387.21972	-373.54554	-373.54606
291	291	-484.8437	-486.0729	-488.71476	-1.2292016	-481.43487	-475.2276	-477.83615
292	292	-751.59658	-751.70725	-754.90602	-0.11066918	-748.54469	-743.88176	-743.88089
293	293	-463.03265	-453.34871	-456.85675	9.683938	-459.53594	-445.09464	-445.09401
294	294	-332.90665	-332.03149	-335.54684	0.8751555	-329.08859	-323.33376	-323.33361
295	295	-570.26848	-573.02798	-574.52487	-2.7594982	-566.94088	-567.35845	-567.35842
296	296	-705.73283	-700.54257	-704.83659	5.1902573	-702.57225	-691.6956	-692.80347
297	297	-584.01643	-585.93875	-587.08262	-1.9223148	-580.71182	-567.54031	-576.43883
298	298	-636.95854	-633.02413	-636.99848	3.9344147	-633.69522	-624.16458	-624.1624
299	299	-561.05484	-548.29749	-551.65138	12.757359	-555.03834	-537.73118	-537.6573
300	300	-698.43208	-698.06665	-701.39548	0.36543441	-695.33679	-690.15056	-690.21026
301	301	-476.63821	-470.0672	-473.63404	6.571011	-473.17162	-461.05045	-461.83506
302	302	-669.47684	-672.50749	-673.74286	-3.0306537	-666.33775	-659.4712	-664.22106
303	303	-573.83176	-576.54994	-578.06185	-2.7181847	-570.52665	-566.89633	-569.22118
304	304	-633.34789	-634.52694	-637.60255	-1.1790492	-630.16338	-626.90592	-626.9833
305	305	-400.46759	-403.16041	-404.66487	-2.6928209	-396.80222	-397.22009	-397.22011
306	306	-662.45074	-650.41004	-653.93542	12.040695	-659.24751	-640.70255	-642.50098
307	307	-790.7819	-793.53911	-795.04936	-2.7572135	-787.7692	-787.89809	-787.86238
308	308	-582.40385	-573.10435	-576.82944	9.2994935	-579.09504	-564.17819	-564.95887
309	309	-324.01328	-319.62455	-324.8341	4.3887311	-320.15815	-307.82389	-309.18007
310	310	-385.35162	-379.54616	-383.1174	5.8054607	-381.7283	-371.10084	-371.10137
311	311	-816.65173	-818.95826	-820.72664	-2.3065271	-813.58453	-808.68806	-810.35394
312	312	-454.44999	-452.60033	-456.17052	1.8496604	-450.93632	-444.30368	-444.30306
313	313	-489.19412	-492.21139	-493.41871	-3.0172699	-485.75947	-482.36052	-483.72478
314	314	-630.64701	-622.31765	-626.35606	8.3293595	-619.16827	-613.47762	-613.4757
315	315	-622.16984	-613.28959	-617.15431	8.8802502	-618.90039	-603.88224	-603.83185
316	316	-523.95865	-518.42354	-519.82461	5.535117	-520.59553	-503.70968	-509.42418
317	317	-607.32286	-605.8373	-609.10538	1.4855692	-604.0824	-590.83728	-597.8233
318	318	-668.17878	-648.12117	-651.67866	20.057608	-659.28982	-640.29726	-640.29745
319	319	-899.50142	-902.28642	-904.06585	-2.7850012	-896.56817	-884.35867	-896.02449
320	320	-647.19903	-642.40689	-646.26091	4.7921467	-643.97678	-632.86443	-634.52491
321	321	-596.33013	-584.75212	-588.27347	11.578013	-592.98931	-576.78117	-576.78304
322	322	-979.99304	-982.50749	-984.25046	-2.5144473	-977.15817	-970.03542	-975.56545
323	323	-373.16616	-369.73323	-373.13692	3.4329322	-369.45684	-358.32188	-361.18093
324	324	-786.84133	-786.89687	-791.62081	-0.055545476	-783.82349	-772.65435	-779.29369
325	325	-651.23773	-649.95716	-650.56955	1.2805646	-647.99638	-627.33807	-641.91942
326	326	-767.66201	-767.3404	-770.97011	0.32161444	-764.61001	-756.29317	-757.99814
327	327	-399.45943	-396.55505	-400.10187	2.9043838	-395.82782	-386.70625	-388.05948
328	328	-589.74852	-592.42199	-593.99987	-2.6734686	-586.45622	-584.97512	-584.96989
329	329	-488.06626	-487.07536	-490.319	0.99090304	-484.61873	-475.26773	-477.16283
330	330	-444.75529	-442.41198	-446.29853	2.3433157	-441.22414	-432.72256	-432.71887
331	331	-548.41189	-538.30912	-541.85285	10.102774	-545.06307	-528.30056	-530.28718
332	332	-283.50814	-280.98552	-284.32194	2.5226172	-279.51291	-272.03203	-272.03249
333	333	-561.00326	-555.85978	-558.77865	5.1434835	-557.65883	-540.62606	-546.84014
334	334	-636.98142	-637.39282	-640.77368	-0.41140373	-633.75697	-623.75543	-627.94538
335	335	-676.53505	-669.40554	-672.93445	7.1295167	-673.37079	-660.79701	-661.51818
336	336	-456.18279	-452.20758	-455.75956	3.9752082	-452.7403	-443.11851	-443.98525
337	337	-840.46139	-837.88644	-841.44321	2.574954	-837.46892	-828.2611	-830.17049
338	338	-720.43914	-720.52744	-724.52807	-0.0882945	-717.30247	-708.05827	-710.72209
339	339	-422.01457	-422.48577	-425.63424	-0.47119841	-418.49351	-411.45243	-411.76828
340	340	-470.26573	-467.58793	-471.59453	2.677797	-466.79911	-453.07985	-459.54595
341	341	-554.0772	-551.52691	-555.13565	2.5502904	-550.70648	-543.21466	-543.20759
342	342	-475.665	-459.8838	-463.4654	15.781206	-472.1609	-451.62514	-451.62422
343	343	-308.69256	-311.14077	-312.87644	-2.448211	-304.75292	-301.80875	-302.9645
344	344	-969.98862	-972.89587	-974.37036	-2.907253	-964.09165	-958.45892	-962.71224
345	345	-361.66687	-361.07096	-364.44313	0.59591195	-357.94535	-352.50129	-352.50144
346	346	-614.6317	-596.05144	-599.60581	18.580261	-611.36942	-588.14542	-588.14472
347	347	-663.99009	-647.13652	-650.67509	16.853572	-651.5578	-639.32708	-639.3277
348	348	-410.06613	-407.48273	-411.00229	2.5834034	-406.48551	-398.21476	-399.03553
349	349	-472.67523	-475.12852	-476.90656	-2.4532928	-469.23119	-467.58611	-467.85995
350	350	-560.63929	-550.71569	-554.27003	9.9236028	-557.339	-541.70372	-542.71724
351	351	-527.70077	-528.93683	-531.4339	-1.2360596	-524.33889	-521.15825	-521.15467
352	352	-773.32408	-776.08005	-777.54643	-2.7559723	-770.251	-762.99054	-769.42098
353	353	-827.61565	-823.31723	-826.647	4.2984204	-824.65059	-808.72244	-815.67556
354	354	-642.50878	-645.06605	-646.7495	-2.5572733	-639.32454	-638.29217	-638.41597
355	355	-891.46474	-888.95596	-892.50285	2.5087755	-888.47773	-876.83503	-881.26267
356	356	-492.56282	-490.23482	-496.50975	2.3279991	-489.10828	-480.96085	-480.12218
357	357	-316.55099	-307.88916	-311.6258	8.6618233	-312.63674	-293.56607	-299.33131
358	358	-445.67972	-448.05196	-449.92092	-2.3722388	-442.19099	-436.56098	-440.66276
359	359	-943.70292	-944.47479	-948.20181	-0.77186757	-940.78504	-930.32845	-936.78245
360	360	-511.22401	-512.31344	-515.05955	-1.0894225	-507.78663	-501.44356	-504.05345
361	361	-694.65065	-697.10992	-698.91313	-2.4592693	-691.54668	-689.76964	-689.76539
362	362	-834.65457	-836.8412	-838.88715	-2.1866364	-831.68217	-824.82334	-829.31931
363	363	-536.6868	-531.07691	-534.7881	5.6098872	-533.30586	-522.88146	-522.88153
364	364	-853.06338	-855.51894	-857.30624	-2.4555609	-850.09085	-845.75379	-846.59942
365	365	-758.73393	-750.70601	-754.23783	8.0279226	-755.62751	-740.35192	-742.93471
366	366	-436.72035	-439.15297	-440.97269	-2.432619	-433.19247	-430.16028	-430.47848
367	367	-360.36713	-354.33034	-359.39428	6.0367829	-356.62771	-344.04073	-344.04036
368	368	-718.28453	-713.85311	-717.36924	4.4314186	-715.18245	-703.60633	-705.88664
369	369	-738.96573	-739.31998	-742.76955	-0.35425014	-735.88268	-728.76197	-730.17972
370	370	-372.71529	-369.19328	-372.20956	3.5220131	-369.00734	-360.86091	-360.86166
371	371	-966.84902	-969.05809	-971.56314	-2.2090741	-963.55264	-958.2243	-960.33174
372	372	-508.51992	-502.8002	-506.32971	5.71972	-505.14937	-492.50251	-494.63947
373	373	-628.15872	-624.17717	-627.56887	3.9815549	-624.8977	-616.41959	-616.41912
374	374	-556.33649	-541.34712	-547.55601	14.989369	-552.97934	-530.26868	-530.77955
375	375	-874.64916	-875.28827	-879.15809	-0.63910253	-871.69962	-861.75505	-868.96994
376	376	-585.45909	-588.48022	-589.6875	-3.0211269	-582.15729	-579.22225	-579.17822
377	377	-447.10847	-433.11845	-437.31709	13.990018	-443.58067	-423.24651	-423.23092
378	378	-539.62954	-536.73785	-540.28113	2.8916867	-536.25458	-528.57666	-528.57898
379	379	-661.07584	-663.83204	-665.3298	-2.7562004	-657.88264	-657.85969	-658.30006
380	380	-655.31168	-655.76006	-659.20326	-0.44837087	-652.09644	-643.97256	-647.14331
381	381	-588.57729	-580.63408	-584.91365	7.9432096	-585.20349	-570.22627	-570.78687
382	382	-511.14919	-513.84664	-515.38425	-2.6974476	-507.75622	-504.12733	-506.20937
383	383	-821.6848	-824.42277	-825.92371	-2.7379677	-818.70264	-811.68138	-817.6841
384	384	-785.13988	-787.89914	-789.38902	-2.7592578	-782.12378	-780.13561	-782.54147
385	385	-705.18251	-707.91564	-709.42614	-2.7331243	-702.0499	-700.10538	-702.46729
386	386	-521.40232	-523.19601	-525.34904	-1.7936923	-518.03108	-512.85636	-514.0261
387	387	-549.77822	-533.97576	-537.51539	15.802452	-546.37867	-525.96642	-525.96471
388	388	-596.54645	-592.64334	-596.16726	3.9031067	-593.26573	-582.42555	-584.60998
389	389	-708.00021	-710.55612	-712.24114	-2.5559175	-704.89071	-701.84505	-703.28778
390	390	-835.97392	-832.25979	-837.94998	3.7141304	-832.9493	-820.12411	-826.67022
391	391	-766.36579	-769.1157	-770.60612	-2.7499099	-763.30299	-761.03463	-763.67719
392	392	-578.6552	-579.50999	-582.20073	-0.85478704	-575.37263	-566.64135	-571.61223
393	393	-686.74404	-683.52696	-687.09977	3.2170856	-683.57063	-671.39834	-675.64372
394	394	-457.4268	-455.88594	-459.43302	1.5408552	-453.98464	-447.62088	-447.61944
395	395	-476.87809	-475.61086	-479.14797	1.2672236	-473.4362	-467.34938	-467.35025
396	396	-594.28799	-597.31162	-598.50229	-3.0236267	-591.00466	-582.62373	-588.97793
397	397	-417.61321	-412.29169	-416.05443	5.3215244	-414.04936	-402.45544	-403.47627
398	398	-725.35586	-727.05684	-729.56982	-1.7009806	-722.23578	-715.11424	-718.97538
399	399	-628.02849	-621.88452	-625.73062	6.1439757	-624.76933	-612.97149	-613.19113
400	400	-902.25247	-901.72598	-906.40329	0.52649636	-899.30643	-893.70284	-894.43577
401	401	-651.16486	-653.56609	-655.44157	-2.4012379	-647.9785	-645.81642	-645.95245
402	402	-716.89518	-719.66969	-721.16235	-2.7745045	-713.81704	-711.29632	-713.3477
403	403	-448.02529	-446.28523	-449.83812	1.7400633	-444.54322	-437.94997	-437.9507
404	404	-577.05747	-567.70986	-571.23202	9.3476116	-573.73439	-559.7093	-559.70985
405	405	-765.10583	-768.10177	-769.3194	-2.9959406	-762.03655	-750.67783	-757.87575
406	406	-517.13022	-511.13374	-515.03945	5.996485	-513.76352	-499.62175	-501.77649
407	407	-481.16932	-477.47929	-481.02939	3.6900282	-477.75865	-468.47808	-469.28387
408	408	-436.58881	-437.01256	-440.2407	-0.4237543	-433.05207	-428.55207	-428.82905
409	409	-517.20825	-506.10513	-509.7494	11.103125	-513.84201	-497.97296	-497.71742
410	410	-669.10801	-666.19563	-669.88785	2.9123794	-665.94224	-656.40276	-657.10688
411	411	-553.31166	-550.79379	-554.37329	2.5178655	-549.9553	-542.69195	-542.69331
412	412	-595.02988	-597.47395	-599.3089	-2.4440718	-591.70279	-588.90402	-588.88833
413	413	-551.20967	-553.18523	-555.28598	-1.9755559	-547.87111	-543.78394	-544.72119
414	414	-670.92265	-673.68998	-675.16811	-2.7673236	-667.7855	-667.79798	-667.93615
415	415	-692.98716	-687.71797	-691.62306	5.2691859	-689.81561	-677.94621	-678.22638
416	416	-439.79379	-440.29099	-443.42962	-0.49719755	-436.25996	-429.82354	-429.75176
417	417	-439.91591	-432.41124	-435.97617	7.5046682	-436.36942	-424.08002	-424.08053
418	418	-997.92035	-994.79014	-998.69568	3.1302077	-995.06159	-986.40946	-986.40229
419	419	-595.73979	-593.75599	-597.30116	1.9838017	-592.44818	-585.41875	-585.68088
420	420	-488.34517	-491.36701	-492.57693	-3.02184	-484.90559	-479.36999	-481.84374
421	421	-639.50928	-635.76176	-639.23761	3.7475287	-636.25091	-627.73919	-627.73855
422	422	-803.21976	-805.56503	-807.37243	-2.3452665	-800.20434	-792.02004	-797.8919
423	423	-433.19704	-433.91888	-436.89842	-0.72183484	-429.74681	-425.03778	-425.01782
424	424	-832.41025	-834.55301	-836.66066	-2.1427599	-829.3974	-825.85762	-826.95488
425	425	-533.55494	-535.01413	-537.54474	-1.4591901	-530.19324	-524.06852	-527.06887
426	426	-383.42902	-385.43773	-387.67633	-2.0087145	-379.8309	-377.69519	-377.69041
427	427	-529.82758	-530.95287	-533.82619	-1.1252819	-526.48467	-520.76969	-520.53884
428	428	-581.6117	-575.01826	-578.55739	6.5934363	-578.28089	-566.56835	-566.99134
429	429	-568.03362	-563.07992	-566.62331	4.9536983	-564.68694	-554.41427	-554.97025
430	430	-296.27042	-293.17927	-297.62941	3.0911432	-292.3794	-283.02947	-283.02734
431	431	-584.63054	-575.65631	-579.2474	8.9742292	-581.35043	-567.69651	-567.69769
432	432	-922.63973	-925.3601	-926.88037	-2.7203691	-919.69568	-916.94993	-919.37247
433	433	-499.85402	-496.34724	-499.90956	3.5067805	-496.44044	-486.15313	-488.15792
434	434	-806.30468	-809.07476	-810.57049	-2.7700821	-803.2828	-800.40021	-802.61844
435	435	-510.83339	-513.52982	-515.05602	-2.6964357	-507.41302	-505.28575	-505.46258
436	436	-536.76201	-539.49236	-540.99644	-2.7303448	-533.3998	-533.35046	-533.66305
437	437	-446.96042	-445.04626	-448.42357	1.9141598	-443.4074	-434.08093	-436.65615
438	438	-471.23118	-458.9003	-462.46913	12.330874	-467.75515	-450.68269	-450.68434
439	439	-731.49878	-734.26812	-735.762	-2.7693437	-728.40548	-726.7988	-728.65771
440	440	-587.13587	-587.46609	-590.57118	-0.33022057	-583.83761	-579.05467	-579.34005
441	441	-779.50172	-767.53592	-772.502	11.965803	-765.55286	-759.8775	-761.71034
442	442	-493.65666	-495.13593	-497.47542	-1.4792712	-490.19564	-483.42228	-486.58221
443	443	-465.05948	-460.61403	-464.16964	4.4454535	-461.5876	-450.89201	-452.34682
444	444	-616.09849	-618.82952	-620.33891	-2.7310248	-612.84813	-611.89525	-612.04169
445	445	-672.47102	-671.49574	-675.0373	0.97528465	-669.30957	-663.00051	-663.53726
446	446	-611.32953	-614.54538	-615.5371	-3.2158517	-607.40552	-605.28815	-604.51041
447	447	-464.79175	-467.25546	-469.03325	-2.4637088	-461.31117	-459.86607	-459.85416
448	448	-534.42529	-526.55056	-530.09589	7.8747252	-531.0428	-517.53555	-518.46786
449	449	-620.19748	-622.35767	-624.12527	-2.160184	-616.96238	-612.5453	-612.32775
450	450	-402.3365	-393.80665	-397.36998	8.529847	-398.69006	-385.37093	-385.37099
451	451	-389.34787	-382.51653	-386.81215	6.8313447	-385.68357	-372.73239	-372.72879
452	452	-673.30861	-675.99547	-677.546	-2.6868582	-670.12407	-668.54927	-668.63036
453	453	-490.37342	-473.18365	-476.70088	17.189777	-486.97155	-464.4983	-465.06945
454	454	-441.168	-443.51329	-445.41858	-2.3452851	-437.67232	-433.19904	-436.13788
455	455	-421.78686	-424.22627	-426.02143	-2.4394136	-418.27511	-413.87672	-416.75451
456	456	-650.27909	-648.05224	-652.36064	2.2268522	-647.03149	-636.64464	-638.68104
457	457	-395.30123	-389.02688	-392.88186	6.274353	-391.62878	-378.82336	-379.72109
458	458	-595.18633	-597.92293	-599.45588	-2.7365966	-591.86835	-586.66231	-589.49273
459	459	-641.44879	-638.91845	-643.20779	2.5303385	-638.23297	-630.42579	-631.42817
460	460	-493.70403	-495.31934	-497.84029	-1.6153112	-490.28254	-483.93549	-484.33499
461	461	-367.35714	-367.15475	-370.42718	0.20238301	-363.7214	-358.64266	-358.64411
462	462	-361.8056	-363.35834	-365.92976	-1.5527354	-358.12761	-352.5395	-352.46773
463	463	-695.76282	-674.03784	-677.58214	21.724981	-684.30335	-666.26634	-666.26632
464	464	-493.13876	-487.0264	-490.56741	6.1123616	-489.70979	-478.81214	-478.81388
465	465	-292.49048	-290.55778	-294.07593	1.9326947	-288.59165	-281.78807	-281.78838
466	466	-717.84101	-720.89584	-722.11617	-3.054827	-714.72805	-709.1701	-712.73809
467	467	-564.18034	-561.45358	-566.3995	2.7267622	-560.83545	-551.04799	-551.0204
468	468	-620.42919	-622.5056	-624.64421	-2.0764117	-617.1813	-612.25774	-612.24188
469	469	-670.11825	-672.60875	-674.36727	-2.4905005	-666.99038	-664.06746	-663.91456
470	470	-542.90602	-540.11707	-543.64951	2.7889491	-539.55999	-531.39276	-532.00684
471	471	-732.13223	-734.88447	-736.38922	-2.7522417	-729.03935	-727.0384	-727.91599
472	472	-908.96359	-911.54177	-913.22032	-2.5781795	-906.02882	-900.13508	-905.1144
473	473	-751.78238	-750.7807	-756.37452	1.0016892	-748.71891	-739.17295	-740.23735
474	474	-433.96056	-436.42714	-438.23374	-2.4665835	-430.49128	-429.12936	-429.13097
475	475	-553.3537	-540.321	-544.05538	13.032696	-549.98312	-531.93157	-532.14872
476	476	-409.03967	-406.65085	-410.20666	2.3888132	-405.4795	-398.27596	-398.27243
477	477	-648.81433	-651.16884	-653.0464	-2.3545081	-645.54555	-642.469	-643.06282
478	478	-566.1796	-568.82377	-570.40725	-2.6441636	-562.85464	-561.23271	-561.3211
479	479	-866.48111	-869.20744	-871.0389	-2.7263267	-863.53153	-854.23682	-863.04218
480	480	-631.96796	-626.48091	-631.56534	5.4870515	-628.69156	-616.56684	-616.86356
481	481	-717.40265	-720.16749	-721.23023	-2.7648342	-714.27724	-704.54362	-714.69619
482	482	-897.0197	-898.60423	-901.11551	-1.584532	-894.10593	-886.71657	-890.60993
483	483	-451.39735	-446.44347	-449.47775	4.9538738	-447.89529	-437.94487	-437.94545
484	484	-534.41051	-536.54727	-538.6651	-2.1367608	-531.02148	-527.91844	-527.81017
485	485	-358.58817	-354.89191	-358.42588	3.6962605	-354.8382	-346.26823	-346.26465
486	486	-731.94368	-731.88555	-735.92411	0.058128187	-728.86273	-716.58773	-724.64861
487	487	-561.20476	-562.5659	-567.15297	-1.3611341	-557.88399	-554.46113	-554.48316
488	488	-969.66278	-972.71889	-973.8958	-3.0561115	-966.82624	-964.39879	-965.05601
489	489	-677.10206	-677.92015	-680.99968	-0.81809127	-673.96182	-668.26191	-669.24636
490	490	-523.2253	-514.86455	-518.40477	8.3607433	-519.83164	-506.47441	-506.70638
491	491	-845.76561	-844.60995	-848.53835	1.1556648	-840.85612	-834.52024	-835.06619
492	492	-798.12119	-800.8524	-802.28947	-2.7312074	-794.1072	-792.54255	-794.69926
493	493	-544.09768	-547.14353	-548.37212	-3.0458533	-540.76456	-539.60134	-539.15215
494	494	-561.09006	-558.86113	-562.43229	2.2289289	-557.78074	-547.84414	-550.75859
495	495	-284.32227	-274.5295	-277.94277	9.7927631	-280.31347	-263.72427	-265.64186
496	496	-805.90594	-802.57103	-805.50663	3.3349062	-802.87491	-786.01405	-793.70556
497	497	-474.04465	-476.61101	-478.29441	-2.5663602	-470.58975	-468.40726	-468.50794
498	498	-689.87599	-691.04848	-693.80356	-1.1724857	-686.69347	-680.14966	-682.76929
499	499	-388.67212	-385.55551	-389.11283	3.1166062	-385.01349	-375.78848	-377.02994
