No.	ID	loglik_NUll	loglik_RES	loglik_all	log_ratio	loglik_Max1	loglik_Max2	loglik_Max3
0	0	-434.64728	-432.52287	-435.20796	2.1244112	-431.0878	-415.91499	-423.43279
1	1	-363.48642	-359.86649	-362.65931	3.6199267	-359.81096	-349.07247	-349.0664
2	2	-809.0283	-809.0857	-813.53478	-0.057406459	-806.01073	-792.88672	-801.8616
3	3	-857.1039	-857.00478	-860.04067	0.099119374	-854.11171	-846.26105	-848.56674
4	4	-837.45782	-837.92508	-840.94029	-0.46725673	-834.43865	-825.21909	-828.62825
5	5	-473.88185	-465.14864	-468.22391	8.7332182	-470.41718	-454.48939	-456.27015
6	6	-827.86971	-818.84257	-821.91027	9.0271423	-824.87745	-808.74333	-810.53552
7	7	-871.2845	-873.16788	-875.3117	-1.8833836	-868.33107	-861.48365	-864.42548
8	8	-623.40528	-622.00063	-626.89181	1.4046474	-620.14745	-612.34849	-612.34793
9	9	-439.85981	-440.546	-443.23882	-0.68619133	-436.3474	-431.49358	-431.49232
10	10	-687.65132	-676.59038	-679.65656	11.060942	-684.45058	-667.04404	-668.08635
11	11	-306.48358	-304.15517	-307.20623	2.3284113	-302.60328	-294.71586	-294.71248
12	12	-543.21454	-533.11977	-536.85698	10.094769	-539.90216	-523.06034	-523.06203
13	13	-533.89414	-517.96154	-521.32504	15.932606	-530.51687	-505.72215	-507.73274
14	14	-729.35066	-731.57481	-733.32799	-2.2241515	-726.27022	-721.1113	-721.71336
15	15	-795.37644	-793.18636	-795.95183	2.1900761	-789.58708	-783.52676	-783.53482
16	16	-512.72852	-502.24721	-505.31054	10.481311	-509.38237	-493.46453	-493.46467
17	17	-640.23809	-639.80938	-642.89714	0.42871221	-636.91445	-627.82528	-630.21685
18	18	-611.74227	-605.72379	-609.04625	6.0184732	-608.45164	-595.98213	-595.92139
19	19	-600.70868	-596.56347	-599.8341	4.1452185	-597.43279	-586.59245	-586.69461
20	20	-829.52339	-831.40478	-833.38596	-1.8813856	-826.57822	-818.39309	-822.99437
21	21	-377.59369	-364.94024	-368.00123	12.65345	-373.91188	-355.76965	-355.76902
22	22	-551.61232	-530.66484	-533.73686	20.947472	-548.25159	-521.9822	-521.9814
23	23	-535.93373	-533.3087	-536.37438	2.6250329	-532.52048	-524.48977	-524.49123
24	24	-636.61043	-636.20223	-638.99656	0.40820201	-633.39749	-625.80661	-626.55725
25	25	-386.08341	-388.8346	-390.32109	-2.7511946	-382.49171	-381.97699	-381.97294
26	26	-724.26626	-724.34975	-728.49981	-0.083490571	-721.17071	-709.08843	-714.7925
27	27	-869.23433	-871.98022	-873.48686	-2.7458861	-866.24705	-866.00614	-866.5232
28	28	-446.86926	-449.63666	-451.12562	-2.7673967	-443.39069	-443.24754	-443.25248
29	29	-503.54561	-481.16689	-484.50656	22.378724	-500.14474	-470.85348	-470.85237
30	30	-613.22204	-605.12997	-608.21992	8.092067	-609.97443	-596.19125	-596.18529
31	31	-466.15679	-458.93065	-462.47399	7.2261347	-462.68959	-448.64036	-448.82757
32	32	-441.46612	-426.7246	-429.79995	14.741512	-434.96844	-417.83152	-417.83198
33	33	-645.12746	-640.13865	-642.94412	4.9888082	-641.87465	-630.73794	-631.21438
34	34	-622.84556	-605.84479	-608.84287	17.000771	-619.60696	-593.98776	-597.24282
35	35	-567.95284	-557.16636	-559.83748	10.786476	-554.74287	-545.39083	-546.75645
36	36	-687.87861	-677.39149	-680.45712	10.487124	-684.71737	-663.99039	-668.89905
37	37	-613.27322	-615.63387	-617.38093	-2.3606469	-610.00644	-607.04007	-607.25123
38	38	-631.37626	-626.31205	-629.37079	5.0642074	-628.16714	-617.69944	-617.70012
39	39	-551.93882	-542.54484	-545.12587	9.3939748	-548.59952	-527.79346	-533.38711
40	40	-567.94405	-570.66769	-572.1823	-2.7236455	-564.62395	-564.87865	-565.04148
41	41	-500.9965	-499.66286	-502.83843	1.3336405	-497.58319	-487.00194	-488.50988
42	42	-675.77111	-671.08064	-674.22424	4.6904705	-672.58083	-658.98485	-661.38349
43	43	-567.07441	-567.16675	-570.06661	-0.092336049	-563.76444	-557.11426	-557.0975
44	44	-593.99986	-593.97523	-598.04337	0.024631393	-590.70864	-584.77254	-585.00658
45	45	-637.48501	-631.88812	-635.60385	5.5968833	-634.2853	-622.06941	-622.07041
46	46	-501.10721	-484.8053	-487.86929	16.301906	-497.72045	-476.0522	-476.0506
47	47	-647.76905	-647.09921	-650.51282	0.66984553	-644.58555	-633.31262	-635.68126
48	48	-499.94382	-494.40634	-497.4804	5.5374709	-496.52924	-484.85802	-485.59109
49	49	-359.29959	-361.71466	-363.52355	-2.4150713	-355.56529	-352.72569	-353.95752
50	50	-618.89016	-620.76847	-623.14285	-1.8783124	-615.64552	-610.46485	-612.84479
51	51	-461.91751	-460.53022	-463.58466	1.3872931	-458.49266	-450.91276	-451.58165
52	52	-353.98156	-352.86646	-355.88393	1.1151006	-350.27985	-339.32166	-343.58325
53	53	-589.69143	-586.69115	-589.50153	3.0002843	-585.49111	-577.63332	-577.63768
54	54	-700.14395	-689.75643	-694.72875	10.387522	-696.99381	-676.46358	-680.37024
55	55	-599.24281	-602.00266	-603.50874	-2.7598473	-596.00234	-596.41986	-596.42024
56	56	-260.01936	-262.71228	-264.24193	-2.6929144	-255.95381	-253.44812	-256.28059
57	57	-869.97683	-869.41176	-872.48353	0.56506376	-864.63777	-857.77165	-861.13207
58	58	-530.83429	-532.99032	-535.82183	-2.1560289	-527.46401	-523.09189	-523.37857
59	59	-630.01231	-631.02211	-633.74869	-1.0098016	-626.75706	-617.18852	-622.29093
60	60	-519.72578	-516.35474	-519.74749	3.3710486	-516.34093	-506.07488	-506.06542
61	61	-626.48587	-626.25022	-629.04411	0.23564953	-623.2493	-614.68911	-614.66498
62	62	-487.61178	-481.43793	-484.47662	6.1738492	-484.19962	-470.9803	-472.56407
63	63	-737.40741	-740.4276	-741.61386	-3.0201855	-734.29096	-729.92748	-731.33538
64	64	-670.34366	-665.72539	-668.81465	4.6182719	-667.16191	-656.24384	-657.17881
65	65	-687.53359	-676.45654	-679.54524	11.077054	-684.34354	-667.96025	-667.96104
66	66	-809.81598	-808.67037	-811.2095	1.1456113	-805.86327	-792.61788	-800.02175
67	67	-375.51915	-378.24988	-379.78141	-2.730733	-371.86288	-371.04265	-371.03744
68	68	-442.54803	-435.63133	-438.65511	6.9166975	-439.04357	-426.63495	-426.63566
69	69	-593.66927	-581.98396	-585.68394	11.68531	-590.38956	-572.05444	-572.05514
70	70	-557.46213	-544.77891	-548.04021	12.683225	-554.10983	-534.6156	-534.60968
71	71	-561.3297	-564.37533	-565.57569	-3.0456271	-557.9963	-554.33805	-554.7445
72	72	-343.45165	-344.76999	-347.03204	-1.3183489	-339.67704	-331.62568	-335.42811
73	73	-556.04969	-553.96939	-557.0188	2.0803007	-552.71975	-543.66159	-545.16457
74	74	-350.21364	-326.18149	-329.21091	24.032145	-346.50609	-316.95698	-316.95686
75	75	-750.48855	-752.97512	-754.75383	-2.4865714	-747.39267	-745.44527	-745.94216
76	76	-411.84098	-412.01671	-414.9448	-0.17573685	-408.27545	-402.32011	-402.51768
77	77	-590.44322	-584.46989	-587.54207	5.9733291	-587.1089	-575.72519	-575.72579
78	78	-645.28983	-634.15324	-637.23121	11.136596	-642.09495	-625.6259	-625.62589
79	79	-553.06511	-555.67253	-557.2753	-2.6074271	-549.72946	-539.46924	-548.36492
80	80	-568.81673	-562.0109	-565.06874	6.8058259	-565.49529	-551.14111	-552.77756
81	81	-687.20222	-681.43795	-684.7827	5.764267	-684.06359	-671.2976	-671.37244
82	82	-928.27368	-919.17932	-921.73348	9.0943592	-921.24294	-906.58124	-908.12173
83	83	-668.92902	-671.99458	-673.17636	-3.0655632	-665.7215	-658.49263	-662.7302
84	84	-689.46168	-688.1567	-690.94275	1.3049749	-686.28616	-675.62557	-678.58024
85	85	-502.35618	-501.39791	-504.18195	0.95827807	-498.91544	-490.18848	-491.32449
86	86	-532.27125	-525.12253	-528.14435	7.1487276	-528.91823	-514.85714	-516.18352
87	87	-560.04725	-553.35602	-556.42018	6.6912272	-556.70711	-544.34122	-544.6199
88	88	-464.61197	-450.03986	-453.10563	14.572105	-461.15299	-441.18031	-441.1808
89	89	-397.39867	-396.67121	-400.03037	0.727461	-393.82009	-385.97191	-385.97104
90	90	-533.39349	-530.30322	-533.97309	3.0902677	-530.07391	-519.2404	-520.42805
91	91	-460.80371	-463.37988	-465.06613	-2.5761631	-457.33949	-455.11724	-455.11901
92	92	-490.77346	-493.50949	-493.74572	-2.7360224	-487.35155	-478.75377	-487.46147
93	93	-471.47165	-469.99229	-471.27769	1.4793643	-468.00955	-454.28116	-461.02732
94	94	-447.74493	-445.91265	-450.52849	1.8322811	-444.20227	-433.18565	-434.35412
95	95	-520.0281	-521.49303	-523.90667	-1.4649324	-516.64898	-510.75939	-511.25952
96	96	-618.55261	-621.30534	-622.55269	-2.7527305	-615.27702	-608.81422	-614.22369
97	97	-566.45187	-566.89537	-569.49447	-0.44350462	-563.07411	-557.77152	-557.77168
98	98	-680.17003	-682.88679	-684.41618	-2.7167568	-676.99976	-674.76576	-675.79608
99	99	-585.09058	-583.40243	-586.29621	1.6881486	-581.80646	-569.98046	-572.33484
100	100	-635.86146	-638.60981	-640.11582	-2.7483502	-632.64134	-630.46251	-633.05888
101	101	-430.20647	-432.95565	-434.43272	-2.7491758	-426.68679	-426.48358	-426.47417
102	102	-312.58024	-309.65023	-313.24858	2.9300056	-308.75269	-298.4214	-298.44211
103	103	-742.6492	-739.90738	-742.67194	2.7418278	-739.57769	-727.01186	-729.99909
104	104	-368.50374	-364.7146	-367.80737	3.7891464	-364.78294	-355.46577	-355.46687
105	105	-622.12861	-625.12832	-626.22062	-2.9997016	-618.83761	-609.95402	-614.77656
106	106	-601.11593	-595.27794	-598.36322	5.8379956	-597.83583	-582.03244	-586.6102
107	107	-759.64933	-762.67814	-763.8705	-3.0288112	-756.56588	-752.21473	-754.62373
108	108	-429.69378	-430.05111	-432.81445	-0.3573274	-426.17685	-419.7566	-420.95743
109	109	-751.21424	-754.22612	-755.45309	-3.0118846	-748.12005	-740.67742	-745.89275
110	110	-584.49309	-587.24714	-588.74653	-2.75405	-581.22327	-580.13634	-581.64096
111	111	-717.18438	-717.99866	-720.42342	-0.81427946	-714.08739	-706.47482	-708.16108
112	112	-451.55455	-454.30516	-455.64582	-2.7506151	-448.12649	-444.28404	-448.544
113	113	-750.92734	-741.78759	-745.09993	9.13975	-747.84663	-731.71761	-732.54766
114	114	-528.85466	-523.72751	-526.55915	5.1271452	-524.0315	-509.82398	-512.87572
115	115	-483.36804	-479.85506	-482.89	3.5129805	-479.95184	-469.60655	-470.45887
116	116	-576.48235	-565.02192	-568.08503	11.460428	-573.15677	-554.84487	-556.40311
117	117	-541.76734	-532.30192	-535.38023	9.4654133	-538.39439	-523.59652	-523.59945
118	118	-330.96205	-319.47221	-322.56981	11.489844	-327.14604	-310.15466	-310.15476
119	119	-414.95423	-409.50678	-412.07708	5.4474539	-411.33062	-395.22133	-398.10105
120	120	-670.74775	-668.10267	-671.1786	2.6450748	-667.56985	-659.26187	-659.23001
121	121	-457.72886	-460.2484	-461.96866	-2.5195439	-454.23005	-449.493	-450.24983
122	122	-753.85539	-747.40481	-750.14222	6.4505822	-750.79124	-737.37453	-737.26594
123	123	-462.19555	-455.35686	-458.72866	6.8386925	-458.73108	-444.44774	-444.45297
124	124	-504.47459	-503.93063	-507.01991	0.54396034	-501.09201	-493.75878	-495.0777
125	125	-559.92679	-557.44908	-560.73769	2.4777133	-556.60769	-546.87672	-546.83201
126	126	-622.88756	-617.17449	-619.94492	5.7130664	-619.59582	-604.46593	-607.84068
127	127	-636.21972	-635.24343	-638.446	0.97628714	-633.02542	-625.03118	-625.432
128	128	-628.61278	-620.4984	-623.55045	8.1143752	-625.34869	-607.73143	-610.54002
129	129	-498.06788	-499.88705	-501.81284	-1.8191752	-494.69002	-489.97439	-489.96657
130	130	-362.02593	-348.4469	-351.53574	13.57903	-358.30274	-339.28531	-339.28805
131	131	-555.41455	-555.62261	-558.38869	-0.20805817	-552.07067	-544.00171	-546.49336
132	132	-519.98818	-519.29603	-522.34059	0.69214176	-516.59418	-508.7104	-510.48958
133	133	-601.35759	-601.64298	-605.60422	-0.28539537	-598.09301	-595.00106	-594.75072
134	134	-792.58005	-795.61081	-796.81746	-3.0307603	-789.54711	-786.92151	-788.07874
135	135	-666.60791	-669.62205	-670.84042	-3.0141398	-663.42265	-661.22995	-660.97831
136	136	-575.18412	-577.29126	-579.21058	-2.1071427	-571.87876	-565.34509	-568.71447
137	137	-446.42578	-433.53511	-436.98429	12.890671	-442.97217	-423.42178	-423.41957
138	138	-546.43996	-548.96964	-550.67409	-2.529679	-543.0943	-540.38073	-541.7845
139	139	-734.27562	-734.9632	-738.04042	-0.6875729	-731.20618	-717.89458	-723.90974
140	140	-512.3447	-476.03573	-479.06958	36.308962	-500.57792	-467.38358	-467.38182
141	141	-597.87566	-595.88455	-599.10969	1.9911043	-594.59813	-585.3374	-585.92872
142	142	-539.41016	-542.42281	-543.66077	-3.012656	-536.05733	-531.82621	-532.81913
143	143	-656.25622	-658.98562	-660.46749	-2.7294043	-653.04069	-647.87092	-651.20884
144	144	-482.46741	-480.96165	-484.28906	1.5057691	-479.04272	-470.64153	-470.62709
145	145	-500.62381	-495.15359	-498.21996	5.4702272	-497.20244	-486.28168	-486.28124
146	146	-358.23046	-354.36531	-357.43244	3.8651475	-354.50734	-344.6372	-345.11292
147	147	-353.23163	-354.98999	-357.21666	-1.7583569	-349.55585	-346.0576	-346.05768
148	148	-388.87261	-376.78453	-379.83265	12.088074	-385.23631	-367.65796	-367.65766
149	149	-343.90028	-346.65088	-348.15174	-2.7505982	-340.06428	-339.30201	-339.74668
150	150	-390.32956	-385.11818	-387.84681	5.2113845	-386.7653	-374.62243	-374.63947
151	151	-799.72879	-785.02361	-787.43149	14.705174	-796.69845	-770.06156	-775.79481
152	152	-663.54873	-666.27578	-667.79157	-2.7270537	-660.3315	-656.3668	-660.7491
153	153	-479.50522	-481.89602	-483.74287	-2.3907966	-476.05584	-469.15386	-471.09593
154	154	-837.61715	-827.25266	-832.76294	10.364482	-834.56656	-815.66982	-818.48387
155	155	-530.30429	-512.09977	-515.15385	18.204512	-524.67361	-503.386	-503.3856
156	156	-1013.8968	-1011.97	-1017.716	1.9267379	-1008.4859	-998.77639	-1002.92
157	157	-670.09883	-672.66149	-674.32955	-2.5626653	-666.94198	-659.55972	-663.28042
158	158	-809.21112	-809.06036	-813.74368	0.15076873	-802.69696	-792.69611	-800.06263
159	159	-498.75095	-501.49711	-502.99534	-2.7461617	-495.36361	-495.51113	-495.51517
160	160	-783.53503	-786.2697	-787.7867	-2.7346691	-780.50036	-779.76153	-780.73464
161	161	-493.66191	-489.67013	-492.73826	3.9917845	-488.62001	-477.41083	-478.95231
162	162	-579.53271	-582.27506	-583.77487	-2.7423509	-575.51289	-575.7773	-575.96056
163	163	-686.10718	-688.84714	-690.34782	-2.7399595	-682.92395	-677.89305	-682.63919
164	164	-600.25267	-596.81794	-599.60256	3.4347306	-596.93744	-587.34626	-587.27136
165	165	-734.78121	-733.29275	-735.97161	1.4884608	-731.69327	-721.43031	-724.77754
166	166	-626.02999	-620.58491	-623.67891	5.4450773	-622.79916	-611.93908	-611.94214
167	167	-480.311	-464.92584	-468.24108	15.385158	-476.85266	-454.26335	-454.1881
168	168	-556.57214	-546.84191	-550.16892	9.7302252	-553.24547	-535.12458	-536.76957
169	169	-397.4385	-388.56092	-391.59231	8.8775807	-393.80618	-379.40026	-379.40346
170	170	-490.4112	-489.69245	-492.4682	0.71875003	-487.01389	-479.75083	-479.71643
171	171	-403.8561	-395.57235	-398.62088	8.2837526	-400.27505	-386.45766	-386.45901
172	172	-298.22932	-295.67456	-294.7437	2.5547606	-294.32366	-278.22856	-286.25119
173	173	-479.11994	-475.66933	-481.06113	3.4506084	-475.66158	-464.08544	-466.23581
174	174	-471.1251	-464.8085	-467.86149	6.3165934	-467.67188	-454.22737	-455.37752
175	175	-793.23753	-779.17414	-782.35862	14.063389	-784.50982	-766.61205	-766.60975
176	176	-532.18347	-535.21648	-536.46092	-3.0330073	-528.81488	-524.75652	-525.01971
177	177	-470.92459	-473.64075	-475.26489	-2.7161576	-467.22866	-461.98771	-466.90343
178	178	-467.32756	-455.38697	-458.42996	11.940595	-463.88728	-446.50307	-446.50271
179	179	-408.60959	-408.45656	-411.32654	0.1530268	-405.01488	-399.09712	-399.31857
180	180	-563.92742	-558.80411	-562.23245	5.1233144	-560.56217	-547.75292	-548.29162
181	181	-440.07021	-427.27094	-430.3425	12.799276	-436.5876	-418.37842	-418.37796
182	182	-691.06382	-693.80175	-695.30227	-2.7379331	-687.92979	-686.85409	-686.32535
183	183	-435.26125	-435.84935	-438.56276	-0.58810205	-431.76708	-426.8023	-426.80452
184	184	-653.9569	-649.75515	-652.8063	4.2017494	-650.81173	-640.46577	-640.10306
185	185	-518.34986	-521.09584	-522.58039	-2.7459804	-514.99589	-512.91544	-512.87596
186	186	-623.44932	-593.44964	-597.1504	29.999684	-618.57707	-581.78985	-581.78804
187	187	-705.73582	-703.24408	-704.84335	2.4917401	-702.57422	-689.43746	-694.74858
188	188	-397.24865	-388.35574	-391.40252	8.8929088	-393.62781	-378.01645	-379.21557
189	189	-415.46471	-404.46008	-407.52003	11.004631	-411.88459	-395.40864	-395.40824
190	190	-416.42977	-416.55065	-419.47419	-0.12087989	-412.88895	-403.39173	-403.75948
191	191	-537.3901	-537.34451	-540.18816	0.045593405	-534.01364	-528.10414	-528.49517
192	192	-481.97299	-475.8018	-478.91324	6.1711878	-478.50336	-465.71965	-466.50877
193	193	-748.26976	-746.26615	-751.48431	2.00361	-745.17494	-736.94891	-736.73053
194	194	-722.73895	-723.30959	-725.83833	-0.57063751	-719.63978	-712.90754	-712.90705
195	195	-553.34626	-550.64138	-553.84433	2.7048751	-550.03582	-539.49217	-539.95282
196	196	-589.37725	-592.14549	-593.6513	-2.7682373	-586.09709	-585.80985	-586.1503
197	197	-525.73908	-519.12628	-523.52206	6.6127958	-522.36033	-508.13803	-507.57728
198	198	-498.38794	-501.11402	-502.62226	-2.7260758	-494.97723	-495.39533	-495.39608
199	199	-722.99682	-725.72669	-727.23685	-2.7298656	-719.8786	-718.26937	-719.24952
200	200	-663.34041	-660.24258	-663.28117	3.0978255	-660.06362	-650.10961	-651.52248
201	201	-672.48153	-672.15313	-675.24261	0.32839993	-669.32349	-661.78922	-663.54922
202	202	-480.39509	-481.29632	-484.08269	-0.90123008	-476.96674	-469.4743	-470.30601
203	203	-480.19659	-479.36961	-482.39044	0.82698067	-476.78831	-469.93843	-469.9367
204	204	-263.25831	-265.99268	-267.55201	-2.7343706	-259.26001	-258.2996	-259.56938
205	205	-670.1329	-661.14525	-664.58102	8.9876527	-662.62305	-650.89956	-650.89899
206	206	-707.2694	-707.50183	-710.94222	-0.23243624	-704.13283	-692.45453	-698.0746
207	207	-762.75345	-756.18262	-759.24349	6.570821	-749.33049	-747.78355	-747.78389
208	208	-603.01666	-601.43765	-605.78018	1.5790087	-599.7561	-590.54974	-590.54756
209	209	-794.47924	-797.01144	-798.75045	-2.5322041	-789.77065	-786.00059	-787.0257
210	210	-879.87832	-881.78904	-883.96438	-1.9107229	-876.99107	-871.34763	-873.10816
211	211	-616.39343	-619.11401	-620.59906	-2.720574	-613.09554	-610.95214	-612.24993
212	212	-499.46593	-498.66067	-501.72536	0.8052602	-496.08849	-487.94922	-489.83157
213	213	-615.76833	-612.47029	-615.5594	3.2980405	-612.50092	-603.31294	-603.76173
214	214	-677.71738	-680.29028	-681.96229	-2.5728963	-674.5379	-669.74974	-670.92519
215	215	-653.35246	-653.30412	-656.40935	0.048337918	-650.16054	-639.50168	-644.34228
216	216	-430.12639	-405.04422	-408.10785	25.082166	-422.86189	-396.14292	-396.14261
217	217	-429.54039	-418.83087	-421.89382	10.709527	-425.99261	-409.35022	-409.75973
218	218	-711.31657	-706.60485	-710.24432	4.7117158	-708.13867	-694.92601	-696.86298
219	219	-440.41332	-442.88886	-444.66319	-2.4755463	-436.90819	-431.39261	-435.48271
220	220	-603.76	-602.14947	-605.31856	1.6105303	-600.45054	-589.21246	-592.11391
221	221	-761.18554	-756.44504	-759.24119	4.7405013	-758.12586	-745.03803	-748.04134
222	222	-432.95273	-432.96849	-436.0642	-0.01576484	-429.46324	-422.46849	-422.4597
223	223	-382.75991	-383.18778	-386.38685	-0.42787796	-379.10684	-371.47993	-371.6115
224	224	-542.64617	-525.23099	-528.28559	17.415174	-534.39297	-516.59253	-516.59348
225	225	-679.82027	-682.45436	-684.06464	-2.6340821	-676.68939	-672.46841	-673.62924
226	226	-753.21396	-752.40456	-755.47019	0.80940539	-750.14426	-742.05255	-743.75405
227	227	-695.49728	-691.77939	-694.85764	3.7178901	-692.38938	-681.71652	-683.29572
228	228	-580.25962	-573.61649	-576.84202	6.64313	-576.93992	-563.25808	-563.67943
229	229	-561.119	-554.1641	-559.03308	6.9549066	-557.77946	-542.86596	-543.73046
230	230	-495.60061	-495.10829	-497.88315	0.49232134	-492.18814	-484.07154	-485.14462
231	231	-713.63392	-695.7903	-698.87016	17.843614	-702.28323	-685.91724	-687.48735
232	232	-604.34507	-607.40837	-608.58501	-3.063302	-601.0628	-598.23827	-598.5885
233	233	-568.9077	-567.22957	-569.985	1.6781266	-565.55751	-557.8999	-557.89319
234	234	-541.8766	-536.67276	-539.61416	5.2038378	-538.50003	-522.36098	-527.91648
235	235	-602.1436	-602.93719	-605.5803	-0.79359292	-598.8857	-593.46217	-594.18588
236	236	-535.50473	-537.0211	-539.39897	-1.5163665	-532.1242	-526.93259	-526.92453
237	237	-740.36691	-739.43796	-742.20974	0.92895138	-737.3029	-729.66757	-730.45494
238	238	-843.45924	-846.17801	-847.73131	-2.7187684	-840.50157	-836.67662	-839.16639
239	239	-614.16638	-615.85124	-618.29753	-1.6848542	-610.87627	-602.02685	-604.35598
240	240	-534.00162	-536.78176	-538.22937	-2.7801335	-530.6611	-530.91761	-530.98495
241	241	-637.23514	-639.69479	-641.47378	-2.4596434	-634.01579	-627.85108	-632.00331
242	242	-336.70604	-335.08437	-338.22738	1.6216691	-332.90709	-322.22483	-324.57755
243	243	-557.05253	-530.92742	-534.80155	26.125111	-548.26851	-520.27186	-520.72495
244	244	-479.18092	-465.72031	-468.78135	13.460608	-467.56646	-456.9604	-456.96284
245	245	-550.74208	-546.07364	-549.09491	4.6684429	-547.4062	-537.26525	-537.26569
246	246	-858.43254	-853.2966	-858.54479	5.1359379	-851.87666	-842.97391	-842.04376
247	247	-504.25352	-496.45349	-499.50716	7.8000332	-500.89307	-487.35585	-487.33529
248	248	-584.70491	-569.4191	-572.49464	15.285811	-581.41541	-560.81142	-560.80972
249	249	-506.17924	-503.13393	-506.21361	3.0453078	-502.80455	-492.46946	-494.27568
250	250	-741.09128	-743.10531	-745.10236	-2.0140318	-737.98054	-730.19829	-734.65968
251	251	-457.07474	-428.97737	-432.04184	28.09737	-453.55999	-420.07797	-420.07883
252	252	-532.54038	-532.03822	-535.12111	0.50216724	-529.16995	-519.77157	-523.18188
253	253	-524.14933	-526.73317	-528.40567	-2.5838343	-520.81446	-515.44703	-519.30002
254	254	-349.69064	-329.18778	-332.21487	20.502855	-345.92302	-319.94671	-319.9468
255	255	-699.68988	-693.56598	-696.7194	6.1239035	-695.01301	-679.3782	-683.33876
256	256	-685.10499	-686.81674	-689.06253	-1.7117527	-681.93703	-673.62813	-677.88064
257	257	-541.93251	-529.51046	-532.57248	12.42205	-538.60192	-519.98704	-520.73475
258	258	-808.60153	-806.90054	-809.68815	1.7009919	-805.61008	-795.40806	-797.25717
259	259	-610.75617	-604.40937	-607.781	6.3467984	-607.49768	-594.05573	-594.04677
260	260	-557.92149	-555.95237	-559.02082	1.9691212	-554.52706	-547.1351	-547.13454
261	261	-588.70609	-584.31303	-589.74354	4.393057	-585.39441	-575.16338	-575.12247
262	262	-754.27477	-751.19333	-754.23938	3.0814446	-751.21298	-739.41445	-742.74193
263	263	-647.33035	-640.25157	-643.16722	7.0787749	-642.73709	-629.53687	-631.65623
264	264	-640.48413	-628.19555	-631.27077	12.288577	-637.23074	-619.63053	-619.63052
265	265	-748.78676	-750.66434	-752.72971	-1.8775772	-745.70181	-740.01225	-742.17155
266	266	-546.81251	-549.81293	-551.07334	-3.0004234	-543.46709	-540.28479	-540.55279
267	267	-558.75551	-561.5047	-563.00514	-2.7491823	-555.4049	-550.29905	-553.16976
268	268	-605.49109	-606.066	-608.61426	-0.57491551	-602.18994	-596.34588	-596.76926
269	269	-575.80655	-569.05243	-572.41634	6.7541273	-572.45738	-558.76813	-558.85121
270	270	-668.41954	-667.95449	-670.77233	0.46505482	-665.22955	-655.88429	-659.21064
271	271	-320.91224	-323.47787	-325.14428	-2.5656263	-317.11606	-315.66486	-315.65877
272	272	-634.51224	-619.60468	-622.63814	14.90757	-630.82195	-610.908	-610.88823
273	273	-733.54313	-730.20798	-733.26012	3.335151	-730.45782	-721.00977	-721.59204
274	274	-709.064	-711.81222	-713.32035	-2.7482185	-705.94741	-704.28512	-704.81623
275	275	-572.4223	-561.33052	-564.38719	11.091776	-563.07875	-552.68541	-552.68679
276	276	-415.64553	-408.20674	-411.27169	7.4387901	-412.12567	-396.95711	-399.16081
277	277	-505.56109	-503.00414	-505.78069	2.5569428	-502.19524	-490.67934	-490.6604
278	278	-708.35587	-711.10677	-712.62789	-2.7508975	-705.26699	-698.70924	-702.44486
279	279	-729.34287	-712.58249	-715.938	16.760379	-718.67503	-702.60191	-702.6024
280	280	-496.4819	-477.10854	-480.14825	19.373363	-493.06489	-468.32132	-468.32219
281	281	-619.40705	-612.86748	-616.43161	6.539574	-616.14537	-601.53888	-602.40932
282	282	-595.25308	-586.55146	-589.87809	8.7016212	-591.97983	-576.20159	-576.1489
283	283	-460.7114	-447.98792	-451.26547	12.723475	-457.19874	-436.69178	-437.53256
284	284	-700.90007	-703.35984	-705.1424	-2.4597768	-697.7747	-691.86213	-695.83378
285	285	-469.68578	-463.49414	-466.53447	6.191643	-466.2178	-454.15204	-454.10165
286	286	-626.63699	-623.74919	-626.81875	2.8877991	-623.41552	-612.99632	-615.08952
287	287	-325.5322	-317.77308	-320.76697	7.7591192	-321.72532	-308.32667	-308.38352
288	288	-471.05697	-473.81948	-475.33753	-2.7625075	-467.60769	-467.25304	-466.96025
289	289	-557.21264	-557.94571	-560.42124	-0.73307748	-553.89913	-547.97453	-548.59596
290	290	-558.85784	-541.43523	-544.64716	17.422602	-555.4913	-531.43094	-531.42343
291	291	-522.54616	-524.34988	-526.44546	-1.8037186	-519.10329	-514.30644	-515.07032
292	292	-738.88451	-741.58315	-743.12454	-2.6986429	-733.76545	-733.32352	-734.21222
293	293	-368.47903	-364.66542	-367.76132	3.8136071	-364.81807	-353.27475	-355.44819
294	294	-468.58757	-456.28542	-459.36387	12.302148	-465.11991	-447.42185	-447.4222
295	295	-783.60543	-782.95872	-786.27609	0.64670296	-780.60008	-768.68796	-774.52392
296	296	-656.13331	-654.11862	-656.92384	2.014688	-652.93459	-644.89825	-644.89329
297	297	-782.0667	-781.27005	-784.30445	0.79664948	-778.99035	-767.84361	-772.70286
298	298	-681.39628	-683.3201	-685.40779	-1.9238189	-678.2306	-671.13266	-674.0512
299	299	-636.50989	-624.27899	-625.65524	12.2309	-633.25953	-609.41289	-615.66205
300	300	-299.13676	-285.64663	-288.80535	13.490126	-295.21214	-274.79594	-274.79401
301	301	-653.748	-639.91487	-642.99676	13.833126	-649.51863	-630.59495	-631.40628
302	302	-622.68776	-617.55772	-620.64487	5.1300402	-619.44204	-608.59566	-608.60883
303	303	-573.85922	-576.64662	-578.13064	-2.7873957	-570.54395	-567.17257	-570.96136
304	304	-576.75913	-575.79598	-580.82607	0.96315079	-573.4266	-566.52245	-567.75143
305	305	-458.28116	-459.52772	-461.82444	-1.2465583	-454.82405	-449.15446	-449.63606
306	306	-649.31844	-650.97028	-653.98723	-1.6518382	-646.11477	-634.78638	-641.58727
307	307	-518.83785	-521.56146	-523.061	-2.7236103	-515.44636	-515.29667	-515.86374
308	308	-648.13855	-650.85605	-652.37754	-2.7174972	-644.95775	-643.19167	-645.1355
309	309	-778.36527	-777.45582	-780.33495	0.90945293	-773.81452	-759.87211	-768.28156
310	310	-616.92304	-606.397	-609.9696	10.526045	-613.68308	-594.80297	-594.75448
311	311	-583.98466	-580.20639	-582.965	3.7782666	-580.64578	-569.69253	-569.39683
312	312	-837.96059	-833.11243	-835.85909	4.8481638	-834.64142	-821.90275	-823.28756
313	313	-703.11283	-705.61248	-707.34471	-2.4996545	-699.98173	-697.86397	-698.23739
314	314	-523.19333	-520.26586	-523.30925	2.9274689	-519.79318	-511.02054	-511.00516
315	315	-639.72082	-640.76146	-643.86644	-1.0406407	-635.02678	-629.2459	-630.01551
316	316	-580.34932	-573.85185	-576.89411	6.4974664	-576.99828	-564.24398	-564.71241
317	317	-575.95785	-567.1615	-569.90861	8.7963551	-572.65252	-554.67437	-558.48906
318	318	-514.34696	-516.20675	-518.27825	-1.859795	-510.97424	-507.34534	-507.35032
319	319	-957.34165	-957.21497	-960.27829	0.12667675	-954.46748	-940.9189	-948.68731
320	320	-390.8063	-384.56417	-387.65973	6.2421283	-387.16292	-374.55669	-375.43419
321	321	-890.94786	-893.98242	-895.20212	-3.0345626	-886.23286	-883.06116	-883.71161
322	322	-428.19067	-425.87419	-428.96817	2.3164765	-424.63315	-416.50664	-416.80507
323	323	-645.09657	-645.9939	-648.74028	-0.89732387	-641.88523	-635.64759	-636.13366
324	324	-380.94497	-365.38078	-368.4236	15.564192	-377.29095	-355.75834	-356.2251
325	325	-657.0986	-656.38141	-659.21597	0.71719324	-653.91821	-645.10951	-645.40368
326	326	-453.69075	-446.43484	-449.47995	7.2559089	-450.16691	-435.10591	-437.42714
327	327	-601.85695	-588.28323	-591.54567	13.573719	-598.55543	-578.28497	-578.28684
328	328	-513.90762	-515.37889	-517.79091	-1.4712728	-510.52662	-503.91447	-505.10343
329	329	-457.83978	-460.53925	-462.0681	-2.6994702	-454.36428	-452.45653	-452.32892
330	330	-504.11468	-498.75754	-501.82885	5.3571402	-500.73333	-489.87565	-489.87691
331	331	-475.45165	-475.98104	-478.97801	-0.52939392	-472.01357	-465.61097	-465.60999
332	332	-422.49353	-420.25897	-423.08688	2.234563	-418.92573	-410.16963	-410.16573
333	333	-769.5328	-765.00842	-768.18688	4.5243861	-766.44595	-751.47901	-755.80126
334	334	-403.99537	-392.70732	-395.75253	11.288054	-400.36794	-383.60116	-383.60106
335	335	-382.45992	-379.15074	-382.24928	3.3091866	-378.81324	-366.72928	-370.01358
336	336	-454.71664	-455.11369	-458.21736	-0.39704519	-451.19218	-444.10103	-444.89603
337	337	-420.21631	-417.8996	-420.91298	2.3167135	-416.67485	-407.24739	-408.79864
338	338	-471.42095	-459.59087	-462.95434	11.830078	-468.01403	-448.82984	-449.20659
339	339	-525.58363	-527.24195	-529.5007	-1.6583249	-522.21798	-518.62702	-518.62832
340	340	-537.45915	-540.19785	-541.66621	-2.7386986	-534.10427	-531.36384	-534.30232
341	341	-477.73406	-480.76919	-482.02471	-3.0351301	-474.29816	-471.2391	-470.56503
342	342	-588.3991	-577.13523	-580.18828	11.263878	-585.1278	-562.42155	-566.9741
343	343	-525.44157	-515.24843	-518.32618	10.193139	-522.09222	-506.47863	-506.47842
344	344	-747.08727	-747.08865	-751.32185	-0.0013758265	-744.05215	-739.2805	-739.06881
345	345	-449.9078	-448.77921	-452.83269	1.1285982	-446.45648	-436.44058	-436.7454
346	346	-757.82742	-760.17351	-762.0929	-2.3460903	-754.74088	-751.44865	-751.38713
347	347	-838.07014	-837.34983	-842.98082	0.72031358	-832.53426	-825.12313	-824.80153
348	348	-382.81677	-382.29382	-385.33187	0.52295164	-379.14638	-367.21546	-373.05151
349	349	-530.2253	-514.09362	-517.14645	16.131685	-526.86547	-505.38249	-505.38506
350	350	-922.71828	-925.39952	-926.74968	-2.6812376	-919.84377	-912.36846	-915.66324
351	351	-613.50631	-598.31663	-601.41641	15.18968	-610.20413	-589.61041	-589.60564
352	352	-850.86504	-843.06633	-846.39591	7.7987152	-847.88306	-833.48387	-833.4836
353	353	-691.29595	-691.44564	-694.24134	-0.14969109	-688.11754	-678.37403	-681.33544
354	354	-535.34004	-537.02208	-539.17947	-1.6820465	-531.95073	-527.71628	-528.15114
355	355	-849.85525	-851.08931	-853.89069	-1.2340601	-845.0581	-839.61425	-840.46576
356	356	-430.86465	-420.5137	-423.57164	10.350953	-427.34903	-410.28805	-411.53813
357	357	-610.96299	-613.68734	-615.23052	-2.7243514	-607.70258	-608.12019	-608.12004
358	358	-560.06445	-548.04357	-551.07423	12.020886	-556.71582	-539.23446	-539.33415
359	359	-473.92284	-467.70699	-470.73297	6.2158476	-470.4847	-458.36138	-458.83754
360	360	-674.53701	-677.22536	-678.76316	-2.6883462	-671.40039	-669.41807	-669.4168
361	361	-443.49775	-431.8691	-436.11137	11.628655	-439.99349	-420.04989	-420.87421
362	362	-961.01633	-955.72793	-961.73929	5.2883975	-947.08652	-945.66883	-946.2434
363	363	-553.47649	-553.55404	-556.93492	-0.077554641	-550.13183	-542.34668	-542.14961
364	364	-603.3691	-584.82991	-588.19287	18.539193	-600.08186	-574.73357	-574.73508
365	365	-500.15055	-499.39799	-502.47106	0.75256468	-496.7559	-489.46806	-490.39062
366	366	-599.53377	-592.98261	-596.2394	6.5511671	-596.24226	-582.93056	-582.88739
367	367	-436.47011	-423.52745	-426.63605	12.942665	-432.95632	-414.58499	-414.58574
368	368	-490.40155	-484.53128	-487.59351	5.8702765	-486.98808	-475.49489	-475.66185
369	369	-342.4783	-345.22138	-346.70258	-2.7430826	-338.73777	-339.15568	-339.15547
370	370	-419.47307	-416.80032	-419.85473	2.672754	-415.92011	-407.70357	-407.70495
371	371	-713.1268	-716.30121	-717.34872	-3.1744137	-710.08256	-706.18835	-707.34002
372	372	-501.37973	-482.59676	-485.6619	18.782965	-497.46583	-472.94373	-473.45878
373	373	-525.40943	-520.06907	-523.1289	5.3403624	-522.05868	-511.25519	-511.25577
374	374	-837.49199	-838.8511	-842.01346	-1.3591029	-833.37659	-827.06522	-828.84418
375	375	-543.92329	-529.10126	-532.16971	14.822031	-537.63818	-520.43908	-520.43819
376	376	-335.94812	-328.26034	-331.30885	7.687785	-332.16746	-317.37045	-318.95924
377	377	-914.98407	-918.02583	-919.23424	-3.0417602	-912.11329	-908.65978	-910.23769
378	378	-603.90045	-600.05548	-602.82816	3.8449666	-600.58181	-588.13436	-590.86004
379	379	-442.75207	-441.26458	-444.03052	1.4874834	-439.26027	-428.9441	-431.07009
380	380	-469.52169	-470.64121	-473.20533	-1.1195215	-466.0789	-461.65933	-461.65867
381	381	-658.00251	-649.16211	-652.26774	8.8404017	-652.31976	-640.31766	-640.60744
382	382	-552.32227	-547.03818	-550.71795	5.2840904	-548.9904	-535.7806	-535.76865
383	383	-380.20931	-382.92136	-384.44789	-2.7120557	-376.55998	-374.81969	-376.00339
384	384	-600.90304	-588.11395	-590.65801	12.789091	-597.64755	-575.21676	-579.55895
385	385	-497.57174	-478.69928	-481.78032	18.872464	-494.04644	-469.45876	-469.96097
386	386	-478.08589	-474.44684	-477.81903	3.6390517	-474.65758	-464.03698	-464.03787
387	387	-788.79044	-774.08844	-777.1643	14.701996	-785.76219	-764.79689	-765.81335
388	388	-499.15515	-501.65907	-503.38318	-2.503923	-495.77013	-494.1196	-494.43818
389	389	-586.04751	-583.86144	-586.23976	2.1860612	-582.72818	-568.35168	-573.53698
390	390	-419.63344	-411.94866	-415.01167	7.6847831	-416.10246	-402.9197	-402.92016
391	391	-644.7065	-647.74226	-648.96163	-3.0357657	-641.49929	-634.65887	-639.31788
392	392	-615.52709	-609.58777	-613.21702	5.9393216	-612.27485	-594.81374	-599.93288
393	393	-613.60675	-610.41718	-613.29428	3.1895697	-610.36122	-598.98208	-601.71774
394	394	-629.80844	-632.52229	-634.03697	-2.7138526	-626.55459	-626.10385	-626.97229
395	395	-476.13109	-461.38851	-464.47962	14.742581	-472.66867	-452.54459	-452.54654
396	396	-533.38247	-526.10833	-529.17011	7.2741455	-530.00583	-515.0638	-517.31885
397	397	-386.93737	-380.65501	-383.70384	6.2823622	-383.27936	-370.20297	-371.45472
398	398	-395.97828	-398.27169	-400.0881	-2.2934063	-392.36249	-387.78587	-389.4324
399	399	-553.74547	-541.88174	-545.17348	11.863734	-550.41698	-531.49129	-531.47851
400	400	-689.45954	-690.88723	-693.97645	-1.4276942	-686.30563	-674.23565	-680.16
401	401	-746.05057	-744.94391	-747.71716	1.1066554	-742.92543	-732.19654	-733.4314
402	402	-819.70914	-820.3085	-823.95375	-0.59936186	-816.70705	-805.59043	-811.4589
403	403	-357.48319	-360.22905	-361.73132	-2.7458598	-353.75596	-351.36455	-352.64025
404	404	-658.58788	-655.91397	-662.43853	2.6739064	-655.38186	-648.68608	-648.68399
405	405	-322.54677	-323.59839	-326.15438	-1.051623	-318.68256	-314.12383	-314.1239
406	406	-495.32167	-497.77998	-498.81334	-2.4583135	-491.90398	-482.4275	-490.06685
407	407	-526.08313	-523.29985	-526.34865	2.783287	-522.73594	-513.83228	-513.81797
408	408	-396.87428	-382.41563	-385.44644	14.458654	-393.26971	-372.71118	-373.32413
409	409	-430.22411	-432.95329	-434.47882	-2.7291721	-426.66726	-426.66491	-426.65775
410	410	-857.57796	-860.6069	-861.83309	-3.0289384	-853.3582	-848.93168	-851.26138
411	411	-326.81432	-311.91728	-314.98784	14.897041	-323.01758	-302.57053	-302.57781
412	412	-576.13476	-574.06095	-577.16663	2.0738166	-572.80552	-564.65327	-565.33563
413	413	-680.16123	-677.92291	-681.04703	2.2383143	-677.0111	-667.99023	-668.25906
414	414	-565.51181	-558.93464	-562.00199	6.5771663	-562.21162	-550.20503	-550.205
415	415	-780.15811	-775.51079	-782.32836	4.6473258	-776.60268	-762.76338	-764.61222
416	416	-515.38218	-517.56872	-519.30244	-2.1865479	-512.02015	-507.51673	-507.64564
417	417	-473.63633	-469.79271	-472.85796	3.8436232	-470.19566	-459.5645	-460.54502
418	418	-474.93775	-463.27986	-466.36305	11.657894	-471.48313	-452.47335	-454.41802
419	419	-386.93879	-368.39168	-371.52572	18.547116	-383.31982	-359.34023	-359.34251
420	420	-458.0794	-460.82364	-462.31657	-2.7442377	-454.61852	-452.17299	-454.44644
421	421	-829.07837	-827.86148	-830.23111	1.2168942	-824.11922	-815.27317	-817.2568
422	422	-563.27788	-531.05606	-534.13321	32.221824	-551.65209	-522.54106	-522.54096
423	423	-785.8577	-788.89654	-790.09193	-3.0388484	-782.80607	-777.41913	-780.31085
424	424	-645.21011	-638.24654	-641.29067	6.9635707	-638.45899	-629.57863	-629.70347
425	425	-496.71501	-493.87542	-496.5841	2.8395859	-493.31427	-482.44611	-484.26314
426	426	-654.05768	-640.20039	-643.30772	13.857297	-649.93029	-631.67848	-631.6769
427	427	-770.04583	-765.07183	-768.44472	4.9740025	-766.98305	-755.6241	-756.08528
428	428	-492.5474	-484.10255	-487.1422	8.4448495	-489.12648	-474.51171	-475.24585
429	429	-574.01869	-576.77022	-578.27509	-2.751529	-570.71024	-569.3459	-571.12815
430	430	-506.80021	-496.09874	-499.53281	10.701463	-503.3975	-485.84508	-485.84447
431	431	-482.71327	-479.09278	-481.83825	3.6204921	-479.25708	-466.54678	-468.52629
432	432	-658.65702	-656.22653	-658.97921	2.4304848	-655.45184	-643.95105	-645.61686
433	433	-409.39905	-401.17962	-404.27563	8.2194255	-405.81548	-391.9293	-392.12107
434	434	-746.24537	-748.42666	-750.29485	-2.1812874	-738.78457	-739.16541	-738.76129
435	435	-713.08143	-713.47999	-716.22981	-0.39856463	-709.96063	-697.9388	-704.26128
436	436	-707.91863	-708.24756	-712.50915	-0.32893115	-704.81443	-693.12552	-698.00018
437	437	-714.22859	-716.10231	-718.03245	-1.8737156	-711.13461	-702.19	-705.90666
438	438	-1023.0028	-1026.0038	-1027.2409	-3.0010081	-1020.1942	-1011.0305	-1017.2243
439	439	-603.74198	-597.9887	-601.04701	5.7532801	-598.61935	-589.2889	-589.28952
440	440	-601.84429	-601.01508	-603.7776	0.8292068	-598.59753	-591.58162	-591.58005
441	441	-590.87869	-577.34768	-580.44248	13.531003	-587.60445	-568.75577	-568.7559
442	442	-555.57942	-539.66411	-543.48172	15.915307	-552.18177	-528.22994	-528.21783
443	443	-675.36959	-669.79684	-673.93505	5.5727458	-672.16072	-658.30248	-659.93893
444	444	-506.71083	-498.70344	-501.74023	8.0073964	-503.31569	-489.28803	-489.26067
445	445	-584.78021	-587.46843	-588.84828	-2.6882208	-581.48962	-574.39142	-576.61195
446	446	-578.0848	-581.10292	-582.35125	-3.0181226	-574.77408	-570.82932	-571.39889
447	447	-597.18638	-591.17007	-594.26144	6.0163134	-593.8982	-582.48324	-582.48279
448	448	-687.34772	-673.96469	-677.17738	13.38303	-680.15972	-663.09093	-663.02863
449	449	-734.81671	-737.85192	-738.93731	-3.0352109	-731.74468	-725.56446	-729.03015
450	450	-802.61452	-805.36332	-806.84368	-2.7487929	-799.43849	-797.92385	-798.81744
451	451	-445.83365	-441.70414	-444.45826	4.1295127	-442.3651	-430.95991	-431.5109
452	452	-493.63503	-481.93298	-484.99939	11.702046	-490.19715	-473.08666	-473.09371
453	453	-650.40935	-649.62496	-652.48375	0.78438767	-647.19617	-634.60891	-639.33328
454	454	-730.50134	-732.67388	-734.75461	-2.172538	-727.37782	-718.6849	-724.6675
455	455	-492.08199	-486.24994	-489.33064	5.8320467	-488.65223	-476.89104	-477.36477
456	456	-451.4948	-450.15385	-454.95958	1.3409547	-448.03649	-440.83832	-440.7641
457	457	-688.38591	-688.63335	-691.41149	-0.24744115	-685.27175	-678.15012	-680.03166
458	458	-730.41281	-722.66699	-728.05817	7.7458191	-727.29787	-710.01393	-711.37723
459	459	-503.72252	-504.81814	-507.65915	-1.0956162	-500.33491	-489.75377	-494.79184
460	460	-510.49293	-502.85799	-505.92014	7.6349395	-507.07371	-494.05741	-494.05631
461	461	-624.68234	-625.71837	-628.5264	-1.0360278	-621.40874	-609.64126	-616.57485
462	462	-602.29907	-598.60533	-601.64624	3.693746	-599.00431	-589.70339	-589.88986
463	463	-541.2802	-534.33199	-537.43077	6.9482023	-537.94671	-525.56093	-525.55881
464	464	-698.73926	-690.56664	-693.95837	8.1726241	-695.6378	-679.51795	-679.49205
465	465	-869.09946	-869.77326	-872.26631	-0.67380454	-865.77763	-859.51893	-859.61661
466	466	-536.29532	-526.52529	-529.59266	9.7700233	-532.91323	-517.75296	-517.75336
467	467	-645.4636	-648.21266	-649.70446	-2.7490661	-642.2838	-642.70145	-642.70223
468	468	-512.90528	-507.67048	-511.06437	5.2347982	-509.61006	-496.07059	-496.52706
469	469	-542.548	-544.12431	-546.4404	-1.5763122	-539.16995	-528.45407	-535.55834
470	470	-383.94616	-380.82319	-383.59055	3.1229774	-380.31412	-368.06103	-370.50242
471	471	-405.37162	-393.75755	-396.80692	11.614079	-401.78031	-383.67304	-384.71764
472	472	-536.53063	-531.57602	-534.66829	4.9546062	-533.19862	-518.83179	-522.52676
473	473	-615.39841	-607.62686	-610.65993	7.7715502	-612.13927	-598.94582	-598.94439
474	474	-652.23397	-653.30236	-655.89296	-1.0683884	-649.02115	-642.95619	-643.49555
475	475	-560.99728	-554.24793	-557.28632	6.74935	-557.63333	-545.36713	-545.37124
476	476	-536.70231	-520.79805	-523.82833	15.904264	-533.28149	-510.08374	-512.02894
477	477	-473.67966	-475.2272	-477.57007	-1.5475407	-470.2919	-460.40794	-463.76922
478	478	-560.57909	-553.79715	-557.13617	6.7819454	-557.2549	-544.0981	-544.09769
479	479	-649.46888	-650.9743	-653.18949	-1.5054138	-646.25934	-638.36681	-641.99515
480	480	-837.84284	-832.77817	-837.86208	5.0646704	-834.25952	-820.58356	-820.58258
481	481	-379.77017	-370.4715	-373.49986	9.2986677	-376.10233	-361.29698	-361.29755
482	482	-811.34978	-813.13905	-815.45183	-1.7892709	-808.32528	-803.2218	-804.04736
483	483	-669.24958	-671.81604	-673.48898	-2.566463	-666.0869	-663.62975	-663.45083
484	484	-431.76398	-434.2629	-435.92407	-2.4989233	-428.29948	-425.28274	-425.82072
485	485	-548.77523	-531.62981	-534.69947	17.145416	-545.44646	-522.98953	-522.98965
486	486	-667.18984	-660.30461	-663.39378	6.8852301	-663.99552	-650.59206	-651.77011
487	487	-794.72754	-797.46723	-798.98324	-2.7396945	-791.74958	-787.20179	-792.06628
488	488	-384.50443	-375.91272	-378.98411	8.5917101	-380.92949	-366.83495	-366.83458
489	489	-587.95993	-584.43682	-587.21983	3.5231117	-584.66835	-572.89808	-574.09356
490	490	-610.13476	-606.50222	-609.6639	3.6325393	-606.85635	-593.92736	-596.55648
491	491	-582.97529	-581.34079	-584.44617	1.6345044	-579.67344	-572.59841	-572.59801
492	492	-639.54177	-639.00998	-641.72105	0.53178668	-636.29178	-629.59247	-629.58903
493	493	-475.62366	-465.58085	-468.94075	10.042804	-472.0989	-454.75122	-454.60121
494	494	-453.02914	-454.05894	-456.46578	-1.0297978	-449.55217	-443.28762	-444.04095
495	495	-524.17612	-518.76109	-521.64297	5.4150293	-520.81412	-491.44248	-508.57147
496	496	-901.37697	-904.13047	-905.61839	-2.7534992	-898.4506	-897.41331	-898.86868
497	497	-509.66531	-501.35335	-504.41808	8.3119584	-506.24789	-491.36397	-491.91991
498	498	-733.00822	-736.18087	-737.27293	-3.1726514	-729.76316	-729.18408	-727.67887
499	499	-647.3142	-633.14613	-639.52196	14.168075	-633.79696	-621.46167	-621.4549
