No.	ID	loglik_NUll	loglik_RES	loglik_all	log_ratio	loglik_Max1	loglik_Max2	loglik_Max3
0	0	-1116.6373	-1053.7972	-1059.4808	62.840097	-1097.8902	-1046.8505	-1046.8509
1	1	-1597.8989	-1536.2795	-1540.6864	61.61949	-1578.9576	-1525.1355	-1529.766
2	2	-1848.8117	-1831.5516	-1837.5946	17.260088	-1845.5866	-1824.666	-1825.4785
3	3	-1429.2238	-1372.8045	-1378.5089	56.419302	-1410.3011	-1366.2011	-1366.2015
4	4	-963.48297	-889.19995	-894.89062	74.283022	-943.9644	-882.09955	-882.09842
5	5	-1408.8371	-1390.4688	-1396.2666	18.36831	-1391.1855	-1383.8713	-1383.871
6	6	-1289.9465	-1257.776	-1263.4346	32.170523	-1286.4245	-1250.8156	-1250.7887
7	7	-1028.0535	-987.57042	-993.45789	40.483035	-1024.3445	-979.71562	-979.64807
8	8	-928.09256	-908.68959	-913.50374	19.402969	-924.29263	-897.22561	-901.40305
9	9	-1430.4245	-1410.2552	-1416.2842	20.169306	-1426.953	-1403.2923	-1403.5496
10	10	-1308.5808	-1285.308	-1291.2301	23.272802	-1305.0523	-1277.539	-1277.4108
11	11	-1555.5621	-1530.0939	-1535.8743	25.468212	-1552.1588	-1523.0936	-1523.0553
12	12	-1517.1279	-1472.3972	-1478.1131	44.730712	-1498.7559	-1465.8767	-1465.8771
13	13	-1377.593	-1334.4945	-1340.1658	43.098517	-1362.6795	-1327.7757	-1327.7724
14	14	-1197.9967	-1121.917	-1127.6116	76.079721	-1177.2641	-1115.0963	-1115.0959
15	15	-1247.7133	-1181.2729	-1187.1684	66.440342	-1225.7921	-1174.219	-1174.2108
16	16	-1336.3466	-1278.364	-1284.0552	57.982585	-1323.9049	-1271.0157	-1271.6196
17	17	-1469.1574	-1407.2724	-1412.9589	61.884995	-1449.6492	-1400.7384	-1400.738
18	18	-1142.5997	-1101.4829	-1106.8521	41.1168	-1138.9526	-1090.1209	-1094.507
19	19	-1542.1068	-1495.6668	-1501.3849	46.439951	-1523.512	-1489.1292	-1489.1295
20	20	-1157.3953	-1105.8546	-1111.7934	51.540713	-1142.6697	-1098.6544	-1098.6549
21	21	-1730.4361	-1668.6936	-1674.3761	61.74258	-1711.6279	-1662.2584	-1662.2592
22	22	-1472.2756	-1390.1513	-1396.1003	82.124324	-1453.4263	-1383.1513	-1383.0399
23	23	-1477.8624	-1444.0085	-1449.6437	33.853935	-1474.3914	-1437.3106	-1437.3103
24	24	-1310.1743	-1257.4614	-1263.1572	52.712907	-1291.2904	-1250.7916	-1250.7937
25	25	-922.11299	-851.32611	-857.00661	70.786885	-902.6341	-844.11634	-844.11659
26	26	-1569.2341	-1560.3079	-1566.1719	8.9261722	-1565.8476	-1551.5671	-1552.8366
27	27	-697.8584	-614.78751	-620.68016	83.07089	-677.9447	-606.7302	-606.73325
28	28	-1153.4461	-1073.9475	-1079.6336	79.498668	-1134.3049	-1067.0345	-1067.0349
29	29	-921.76218	-906.56201	-912.05315	15.200176	-917.91513	-896.62513	-899.21572
30	30	-1697.2108	-1670.8284	-1676.3977	26.382454	-1677.4869	-1662.0758	-1664.3563
31	31	-1315.8297	-1266.8749	-1272.571	48.954835	-1296.9192	-1260.1881	-1260.1852
32	32	-1517.233	-1483.1617	-1489.0326	34.071326	-1499.3125	-1475.9727	-1475.9862
33	33	-1440.9638	-1422.2007	-1427.4815	18.763158	-1437.5099	-1411.0794	-1411.9051
34	34	-1434.3239	-1384.48	-1390.3906	49.843865	-1415.8544	-1377.6121	-1377.6129
35	35	-1461.7404	-1447.7683	-1455.4946	13.972119	-1458.3136	-1441.121	-1441.7221
36	36	-1419.9152	-1379.7479	-1388.4528	40.167352	-1399.3566	-1372.38	-1372.741
37	37	-1153.1495	-1107.2498	-1113.0092	45.899619	-1134.2333	-1097.9176	-1099.3106
38	38	-1504.9057	-1463.0882	-1468.9453	41.817473	-1489.2469	-1456.2132	-1456.2185
39	39	-1200.7502	-1144.8281	-1150.7455	55.922124	-1182.0383	-1136.9088	-1136.8672
40	40	-1360.1957	-1329.3294	-1335.2278	30.866301	-1345.7533	-1321.7618	-1321.7266
41	41	-1368.5818	-1321.4596	-1326.6019	47.122195	-1354.3892	-1310.1377	-1313.7652
42	42	-1583.5202	-1549.4165	-1555.3948	34.103678	-1564.7028	-1542.0328	-1541.9605
43	43	-1177.9242	-1125.0791	-1130.9867	52.845113	-1159.022	-1117.9116	-1117.9118
44	44	-1505.4431	-1454.761	-1460.4694	50.682189	-1486.1075	-1448.2416	-1448.2419
45	45	-1417.2493	-1382.7256	-1388.4098	34.523677	-1398.1362	-1376.0668	-1376.0669
46	46	-1502.6295	-1457.9005	-1463.7812	44.729057	-1483.9411	-1451.2613	-1451.2583
47	47	-1498.8554	-1440.8138	-1446.9014	58.041569	-1480.1813	-1432.9315	-1432.9199
48	48	-1204.5137	-1171.6906	-1177.7294	32.823127	-1200.9171	-1164.8537	-1164.8481
49	49	-1174.1766	-1129.4828	-1135.1414	44.693832	-1170.5424	-1119.2398	-1121.6055
50	50	-1604.5096	-1576.3534	-1582.1123	28.15613	-1585.4053	-1566.7619	-1569.4567
51	51	-1199.789	-1158.4791	-1164.3576	41.309907	-1180.7263	-1150.6182	-1151.3601
52	52	-1166.4033	-1098.7204	-1104.6579	67.682974	-1147.6037	-1091.5357	-1091.522
53	53	-1106.3236	-1034.18	-1040.0984	72.143667	-1087.2142	-1025.9065	-1025.8785
54	54	-1382.8821	-1303.9026	-1309.7446	78.979519	-1363.8218	-1297.3205	-1297.314
55	55	-1343.7605	-1311.6846	-1317.587	32.075881	-1340.2727	-1304.832	-1304.8314
56	56	-1499.0641	-1446.9059	-1452.5166	52.158196	-1480.2621	-1439.9606	-1439.9798
57	57	-1239.2556	-1174.6587	-1180.5966	64.596887	-1218.7501	-1165.2232	-1166.5278
58	58	-1095.5946	-1052.2911	-1058.1952	43.303484	-1091.9384	-1043.3196	-1044.492
59	59	-922.54065	-897.81359	-903.71461	24.727053	-918.70682	-890.41853	-890.40052
60	60	-1946.7911	-1919.1639	-1924.7177	27.627175	-1927.0336	-1908.3403	-1912.0456
61	61	-875.67881	-853.75031	-859.46924	21.928497	-871.80838	-845.1772	-845.1569
62	62	-1143.6919	-1087.3691	-1093.0592	56.32279	-1124.671	-1080.4547	-1080.4547
63	63	-1085.713	-1059.8451	-1066.5714	25.867885	-1082.0074	-1053.3014	-1052.7875
64	64	-1865.0419	-1850.13	-1855.8527	14.911841	-1861.8111	-1842.8528	-1843.6965
65	65	-1320.168	-1308.5755	-1314.4508	11.5925	-1316.6463	-1301.2359	-1301.1566
66	66	-1343.9518	-1275.7229	-1281.7536	68.228888	-1330.1964	-1268.9318	-1269.3721
67	67	-1341.5808	-1294.826	-1300.7122	46.754814	-1322.4601	-1287.8316	-1287.8203
68	68	-1329.85	-1275.6021	-1281.5344	54.247909	-1309.8486	-1267.7587	-1267.7403
69	69	-1633.4658	-1585.6942	-1591.6209	47.771564	-1614.7181	-1578.9488	-1578.9416
70	70	-1484.1546	-1456.7182	-1462.6058	27.436355	-1480.6803	-1448.5856	-1449.3135
71	71	-1122.7458	-1075.8443	-1081.7496	46.901448	-1119.0901	-1068.073	-1067.8747
72	72	-1184.5815	-1148.7743	-1154.5004	35.807151	-1165.3604	-1138.9304	-1140.9936
73	73	-1143.4562	-1129.8961	-1136.9405	13.560082	-1139.838	-1120.7575	-1122.8691
74	74	-1155.7403	-1097.3966	-1103.2683	58.343695	-1136.9229	-1089.4881	-1089.4183
75	75	-1228.7252	-1168.778	-1174.7131	59.947205	-1225.1476	-1160.7709	-1161.6432
76	76	-1339.9616	-1291.9706	-1297.6484	47.990971	-1323.353	-1285.2529	-1285.252
77	77	-1221.0349	-1132.6865	-1138.6133	88.348443	-1201.9689	-1125.506	-1125.4797
78	78	-1214.2059	-1177.7131	-1183.4185	36.492791	-1210.6191	-1170.819	-1170.8182
79	79	-954.43271	-886.86783	-892.69436	67.56488	-950.61094	-879.04364	-879.7625
80	80	-1542.6759	-1540.6606	-1545.0786	2.0153683	-1539.2701	-1528.9367	-1528.9234
81	81	-1036.546	-990.82683	-996.7306	45.7192	-1032.8309	-983.55328	-983.53514
82	82	-1296.1967	-1258.8784	-1264.5716	37.318343	-1277.1084	-1250.8168	-1252.1072
83	83	-1832.9945	-1801.9977	-1807.6195	30.996845	-1812.7287	-1795.0026	-1795.0054
84	84	-1572.8916	-1534.9389	-1540.8339	37.95273	-1555.9699	-1528.0052	-1528.1015
85	85	-1353.6932	-1316.7369	-1322.6143	36.956317	-1350.1589	-1309.6542	-1309.808
86	86	-1003.3772	-968.69914	-974.57198	34.678072	-999.63463	-961.38361	-961.38051
87	87	-1481.8012	-1462.7497	-1468.6602	19.05154	-1472.4273	-1455.9108	-1455.9091
88	88	-1108.653	-1064.1534	-1068.8826	44.49962	-1104.9815	-1052.6087	-1056.8941
89	89	-936.24166	-874.15429	-879.83536	62.087369	-932.41288	-866.54221	-866.94904
90	90	-1162.6131	-1149.0115	-1154.8767	13.601581	-1159.024	-1138.7609	-1139.9874
91	91	-1461.6595	-1409.0914	-1414.7774	52.568113	-1443.9678	-1402.5151	-1402.5147
92	92	-1133.1367	-1093.4055	-1099.3056	39.731254	-1129.5077	-1085.5729	-1085.5588
93	93	-1710.3948	-1686.5995	-1692.3059	23.795299	-1694.9732	-1680.0745	-1680.0735
94	94	-927.24655	-848.96522	-854.89133	78.281334	-907.89661	-841.47249	-841.46703
95	95	-1888.482	-1850.1751	-1856.1029	38.30688	-1865.2865	-1842.8129	-1842.7587
96	96	-1167.9768	-1144.5253	-1150.2115	23.451504	-1164.3476	-1135.8993	-1137.5448
97	97	-942.1731	-912.60723	-918.418	29.565874	-938.36919	-904.56291	-904.62129
98	98	-1056.5085	-1006.484	-1012.3862	50.024506	-1052.8406	-998.58845	-998.53746
99	99	-1315.8811	-1275.769	-1281.4507	40.112128	-1297.0866	-1268.9856	-1268.9871
100	100	-1173.7224	-1135.614	-1141.4709	38.108397	-1170.1108	-1127.8601	-1127.8218
101	101	-1302.7877	-1276.6922	-1282.582	26.095493	-1299.2068	-1268.2912	-1268.7119
102	102	-1133.2176	-1083.7103	-1089.3863	49.507338	-1129.5685	-1076.7293	-1076.7282
103	103	-1373.9532	-1323.7326	-1329.4616	50.220623	-1355.2526	-1317.115	-1317.1142
104	104	-1425.331	-1413.1912	-1418.5866	12.139833	-1421.8473	-1400.4983	-1405.3473
105	105	-1481.1401	-1483.4121	-1485.3831	-2.272014	-1477.7332	-1473.9428	-1473.9337
106	106	-1305.8094	-1261.2954	-1267.3664	44.513995	-1285.7298	-1254.8533	-1254.9051
107	107	-1596.3359	-1588.7931	-1594.4788	7.5428796	-1592.9505	-1581.6118	-1582.0645
108	108	-1135.0378	-1061.0215	-1066.9593	74.016261	-1116.186	-1053.7445	-1053.7321
109	109	-1003.2405	-954.86743	-960.74918	48.373098	-999.50871	-947.56833	-947.55738
110	110	-1327.1846	-1297.2771	-1303.1909	29.90748	-1323.6572	-1289.6742	-1289.6648
111	111	-1545.882	-1525.2868	-1530.9504	20.595267	-1542.504	-1518.1681	-1518.6424
112	112	-1508.1796	-1430.6724	-1436.5874	77.507125	-1489.5729	-1423.8707	-1423.8465
113	113	-1407.4352	-1360.8575	-1366.7595	46.577686	-1388.5914	-1353.9191	-1353.9162
114	114	-1497.2658	-1453.5289	-1459.191	43.736829	-1478.6092	-1445.4864	-1446.92
115	115	-1038.7406	-1003.1878	-1009.0821	35.552814	-1034.9977	-995.84614	-995.83425
116	116	-1403.2905	-1384.6264	-1390.3503	18.664077	-1399.7835	-1377.8507	-1377.8508
117	117	-1827.5835	-1787.213	-1792.9058	40.370481	-1814.2808	-1780.5701	-1780.7803
118	118	-1284.959	-1248.9843	-1254.6615	35.974745	-1281.4098	-1242.154	-1242.1546
119	119	-1401.4809	-1377.1431	-1383.0793	24.337795	-1397.9844	-1369.7656	-1369.6552
120	120	-914.1619	-843.32409	-848.98826	70.837812	-894.91636	-836.0931	-836.09168
121	121	-1344.305	-1339.6301	-1345.2574	4.6748809	-1340.806	-1326.7207	-1331.886
122	122	-1615.9775	-1527.3775	-1533.073	88.599983	-1596.5644	-1521.0375	-1521.0386
123	123	-2146.4604	-2120.137	-2126.0363	26.323363	-2126.6901	-2113.2567	-2113.7863
124	124	-2150.0854	-2124.5887	-2130.4988	25.496679	-2130.9741	-2118.1512	-2118.1262
125	125	-1362.6097	-1353.6055	-1359.805	9.00412	-1359.113	-1346.5347	-1347.2886
126	126	-1099.3288	-1056.2202	-1062.1175	43.108612	-1081.1852	-1048.3629	-1048.3357
127	127	-1621.1533	-1582.3824	-1587.9915	38.770952	-1602.8357	-1574.0907	-1575.9096
128	128	-1390.7593	-1342.639	-1348.5665	48.120291	-1372.11	-1335.7166	-1335.7133
129	129	-1193.0113	-1142.7242	-1148.6544	50.287102	-1173.4759	-1135.6628	-1135.6531
130	130	-1545.5072	-1496.0476	-1501.9459	49.459602	-1526.6247	-1489.2312	-1489.223
131	131	-1459.2852	-1378.8198	-1384.8041	80.465372	-1441.5691	-1371.8542	-1371.8513
132	132	-895.15734	-850.26536	-856.15906	44.891974	-891.26411	-842.78546	-842.76118
133	133	-1621.5559	-1586.9651	-1592.4615	34.590851	-1602.2549	-1578.1543	-1580.4924
134	134	-1229.633	-1170.7624	-1176.4884	58.870646	-1219.9885	-1163.9554	-1163.9549
135	135	-920.07164	-853.39765	-858.58852	66.673989	-900.01559	-843.11638	-846.11128
136	136	-1259.3634	-1190.1388	-1196.089	69.22465	-1240.5996	-1183.0466	-1183.0423
137	137	-1186.2483	-1144.5388	-1150.7162	41.709408	-1182.6576	-1137.9977	-1138.1192
138	138	-1601.8587	-1574.8313	-1580.4913	27.027456	-1587.4811	-1567.5479	-1568.2393
139	139	-1010.3028	-959.03146	-964.92363	51.271315	-1006.5573	-951.29209	-951.11365
140	140	-969.73254	-950.25164	-956.1193	19.480895	-965.95864	-942.95032	-942.9272
141	141	-1168.0565	-1086.6077	-1092.564	81.448783	-1149.0399	-1079.4014	-1079.4052
142	142	-1054.7862	-1001.4033	-1007.0667	53.382881	-1051.0707	-994.28648	-994.28751
143	143	-1254.5912	-1211.3026	-1216.997	43.288559	-1236.4082	-1203.1004	-1204.509
144	144	-1423.0472	-1392.5858	-1398.7336	30.461417	-1419.5528	-1383.2368	-1383.9291
145	145	-1111.7373	-1075.5064	-1081.3736	36.230932	-1108.0802	-1068.326	-1068.3067
146	146	-1358.4132	-1304.8111	-1310.5039	53.602118	-1341.2177	-1298.0958	-1298.0953
147	147	-904.69303	-832.85521	-838.53183	71.837818	-885.33566	-825.53687	-825.53653
148	148	-1191.9094	-1126.4822	-1132.1623	65.427253	-1172.8727	-1119.6221	-1119.6221
149	149	-1188.9492	-1127.5496	-1133.4191	61.399582	-1170.0205	-1120.7947	-1120.7892
150	150	-1302.0211	-1230.1833	-1235.8938	71.837823	-1283.3909	-1223.5759	-1223.5734
151	151	-1231.907	-1196.166	-1202.0658	35.741019	-1228.3205	-1188.6956	-1189.1388
152	152	-1320.792	-1253.6891	-1259.4862	67.102911	-1302.2559	-1247.1289	-1247.1289
153	153	-1426.7641	-1396.052	-1401.628	30.712104	-1423.2782	-1386.9574	-1389.4413
154	154	-1296.1621	-1242.6694	-1248.37	53.492713	-1276.9461	-1235.9208	-1235.9224
155	155	-1574.8276	-1537.7572	-1543.3717	37.070402	-1558.6556	-1531.1969	-1531.197
156	156	-1440.1036	-1415.2272	-1421.0976	24.876344	-1436.6433	-1407.7972	-1408.5754
157	157	-1219.4335	-1148.0933	-1154.0589	71.340233	-1200.4388	-1140.7987	-1140.6959
158	158	-1501.5048	-1490.0305	-1496.3627	11.474313	-1498.0934	-1474.9341	-1480.3269
159	159	-1934.4558	-1901.8482	-1907.75	32.607622	-1916.9936	-1894.7913	-1894.7173
160	160	-1293.5575	-1240.3477	-1246.0392	53.209724	-1275.6171	-1233.5723	-1233.5722
161	161	-1283.0643	-1211.2422	-1217.1251	71.822142	-1264.4044	-1204.4098	-1204.4069
162	162	-1337.2249	-1297.8083	-1303.7264	39.416597	-1333.717	-1290.8265	-1290.8266
163	163	-1254.7382	-1176.1759	-1181.8445	78.562387	-1235.9484	-1169.3751	-1169.3754
164	164	-964.20122	-892.97445	-898.66473	71.226767	-960.37958	-885.76508	-885.76462
165	165	-1559.6184	-1526.8857	-1532.8712	32.732678	-1542.3623	-1520.6705	-1520.6704
166	166	-1139.0199	-1032.6658	-1038.3745	106.35408	-1119.7106	-1025.806	-1025.8061
167	167	-1024.7596	-955.62455	-961.71811	69.135058	-1004.9761	-947.84731	-947.66751
168	168	-928.81261	-877.68379	-883.54713	51.12882	-925.00073	-870.23194	-870.21818
169	169	-1309.6225	-1285.8166	-1291.5163	23.805902	-1306.0624	-1278.7141	-1279.0392
170	170	-1303.372	-1257.3965	-1263.054	45.975505	-1284.4498	-1250.6049	-1250.6055
171	171	-1525.7953	-1512.0034	-1516.4956	13.791862	-1522.3704	-1497.3945	-1502.8545
172	172	-1404.2365	-1394.402	-1400.2528	9.8345377	-1400.706	-1381.1802	-1387.7505
173	173	-1562.482	-1520.8973	-1526.5769	41.584751	-1543.9078	-1514.3333	-1514.3332
174	174	-1237.3529	-1191.9127	-1197.7492	45.440241	-1233.747	-1185.0875	-1185.0787
175	175	-1377.9029	-1344.9108	-1350.6016	32.992111	-1374.3839	-1335.3661	-1338.0948
176	176	-1225.8019	-1207.9493	-1213.6451	17.85257	-1222.2522	-1199.5556	-1201.0262
177	177	-1272.8276	-1201.7217	-1207.6373	71.105925	-1257.2954	-1194.6017	-1194.5948
178	178	-1277.961	-1224.2136	-1229.9129	53.747388	-1259.5049	-1217.4815	-1217.4816
179	179	-997.4995	-924.73078	-930.41731	72.768726	-978.35618	-914.83137	-917.32969
180	180	-1469.4574	-1411.9877	-1417.912	57.469681	-1450.8803	-1405.1051	-1405.0928
181	181	-1342.9923	-1308.0366	-1311.1847	34.955695	-1339.4889	-1295.249	-1301.2861
182	182	-1345.7224	-1290.848	-1294.5021	54.874376	-1326.8114	-1278.571	-1284.139
183	183	-1409.1941	-1367.4327	-1373.3699	41.761423	-1390.9107	-1360.5432	-1360.5364
184	184	-1695.3203	-1661.3678	-1667.2711	33.952459	-1677.4069	-1655.0878	-1655.0866
185	185	-916.8085	-845.81868	-851.74458	70.989826	-897.27772	-837.37818	-837.37918
186	186	-1380.0822	-1323.8839	-1329.792	56.198329	-1362.9522	-1315.9113	-1316.0283
187	187	-1035.2628	-996.58504	-1002.4532	38.677756	-1031.545	-988.66504	-988.64493
188	188	-1394.3547	-1348.6566	-1354.3501	45.698141	-1375.63	-1342.0087	-1342.0085
189	189	-1244.4335	-1181.1361	-1186.8267	63.29733	-1224.947	-1174.3496	-1174.3489
190	190	-1585.4574	-1554.4087	-1560.2057	31.048716	-1567.3541	-1546.9956	-1546.7234
191	191	-1923.9057	-1915.8261	-1921.8702	8.0795876	-1920.6936	-1906.2505	-1909.0755
192	192	-1092.7395	-1015.8081	-1021.5124	76.931398	-1073.3595	-1008.8414	-1008.8425
193	193	-1261.9618	-1219.9058	-1225.7889	42.056023	-1258.434	-1212.9363	-1212.93
194	194	-1361.9741	-1311.9868	-1317.92	49.987263	-1344.0177	-1304.587	-1304.4812
195	195	-1388.3003	-1365.4911	-1371.1454	22.809192	-1384.7905	-1355.5587	-1357.9798
196	196	-1786.7236	-1773.344	-1779.1962	13.379602	-1783.5022	-1767.0546	-1767.056
197	197	-1322.8248	-1246.3099	-1251.9995	76.514845	-1302.4162	-1239.6105	-1239.6112
198	198	-1689.2816	-1653.8066	-1659.5225	35.475029	-1671.736	-1647.4156	-1647.4152
199	199	-1601.8331	-1568.2949	-1574.0439	33.538192	-1598.4159	-1561.7221	-1561.7219
200	200	-1206.545	-1142.9956	-1148.896	63.549425	-1187.1132	-1135.8442	-1135.7581
201	201	-1037.2686	-974.03993	-979.83151	63.228691	-1033.5393	-965.06971	-966.72739
202	202	-1593.1081	-1561.0736	-1567.1341	32.03449	-1573.6245	-1553.7138	-1553.7069
203	203	-1084.5854	-1049.2498	-1055.1387	35.335675	-1080.9273	-1041.4212	-1041.3951
204	204	-1161.3513	-1127.2446	-1133.1096	34.106714	-1157.7529	-1120.179	-1120.1744
205	205	-1338.3515	-1313.7368	-1319.6185	24.614715	-1334.8276	-1306.8919	-1306.8673
206	206	-1042.5264	-949.65365	-955.36061	92.872754	-1023.2848	-942.6199	-942.62126
207	207	-1085.1838	-1030.1708	-1036.0779	55.01298	-1066.0501	-1021.0557	-1022.1094
208	208	-1053.6833	-980.45339	-986.08998	73.229869	-1034.5969	-973.29666	-973.29654
209	209	-1525.9581	-1476.7011	-1482.3891	49.257042	-1507.63	-1470.1597	-1470.1595
210	210	-1364.5046	-1320.454	-1326.3985	44.050684	-1345.9895	-1313.512	-1313.487
211	211	-1955.4402	-1923.3726	-1929.1426	32.06761	-1937.3592	-1916.0994	-1916.0997
212	212	-1029.9327	-960.5292	-966.16967	69.4035	-1010.0966	-953.37505	-953.37457
213	213	-1316.1548	-1285.3426	-1290.8149	30.812172	-1306.7774	-1273.8386	-1278.5882
214	214	-1565.0084	-1520.7689	-1526.1294	44.23957	-1557.4737	-1509.0126	-1514.1668
215	215	-1345.129	-1322.752	-1328.4189	22.376977	-1341.5665	-1314.7323	-1315.1061
216	216	-1269.7226	-1226.9095	-1232.5236	42.813146	-1257.9467	-1217.2348	-1219.8942
217	217	-1596.2901	-1558.9927	-1564.6995	37.297329	-1577.8019	-1552.4535	-1552.4542
218	218	-1598.1789	-1554.2759	-1560.1541	43.903036	-1578.9947	-1547.0331	-1546.9889
219	219	-2074.2643	-2051.0345	-2056.5239	23.229832	-2061.7078	-2042.5161	-2044.7302
220	220	-1042.0539	-994.55214	-1000.4348	47.501754	-1022.7222	-986.62773	-986.42897
221	221	-1169.7356	-1147.3934	-1152.2626	22.342116	-1166.1291	-1136.7434	-1140.4155
222	222	-895.86678	-874.58933	-880.18642	21.27745	-892.01038	-864.0124	-867.17216
223	223	-1187.9976	-1123.7928	-1129.8295	64.204811	-1166.8999	-1115.8053	-1115.7894
224	224	-1640.2818	-1626.3392	-1632.0183	13.942545	-1636.9646	-1619.7232	-1619.7245
225	225	-1375.5427	-1356.7227	-1362.5618	18.820044	-1372.0441	-1349.8071	-1349.8127
226	226	-846.82285	-795.26669	-801.14432	51.556165	-842.87077	-787.49019	-787.0249
227	227	-1062.5678	-1047.4948	-1053.6267	15.072972	-1058.8516	-1040.5651	-1040.7822
228	228	-1186.5315	-1145.8335	-1151.7398	40.697955	-1182.9133	-1138.7548	-1138.7477
229	229	-1604.7155	-1565.6168	-1571.3964	39.098644	-1601.3363	-1556.9693	-1558.8361
230	230	-1360.5669	-1334.8426	-1340.7567	25.724285	-1348.1719	-1328.3194	-1328.319
231	231	-1574.2874	-1537.1453	-1542.9518	37.142076	-1557.1957	-1530.6861	-1530.6862
232	232	-1621.0807	-1592.3473	-1598.2274	28.733439	-1602.5917	-1585.5897	-1585.5747
233	233	-1103.897	-1028.5744	-1034.3081	75.322681	-1084.6631	-1021.6437	-1021.646
234	234	-1203.4669	-1150.5848	-1156.4466	52.882094	-1183.7163	-1142.6746	-1143.4992
235	235	-963.96078	-897.46268	-903.17203	66.498103	-944.72525	-890.31435	-890.3156
236	236	-1175.7712	-1119.1016	-1124.9935	56.669556	-1172.1816	-1111.9813	-1111.9794
237	237	-1243.7354	-1190.5566	-1196.2406	53.178859	-1224.8923	-1183.758	-1183.7593
238	238	-1391.0792	-1354.81	-1360.6721	36.269151	-1387.5726	-1347.9423	-1347.9212
239	239	-1436.5772	-1387.6702	-1393.3607	48.907054	-1418.0761	-1380.9955	-1380.9954
240	240	-1684.9562	-1675.0444	-1680.7015	9.9117594	-1681.6241	-1665.8506	-1665.8418
241	241	-1269.4276	-1204.7921	-1210.6532	64.635524	-1250.56	-1197.9078	-1197.8955
242	242	-1498.98	-1471.3906	-1477.0423	27.589418	-1495.5599	-1463.1589	-1463.2708
243	243	-1289.827	-1269.4172	-1275.3262	20.40983	-1286.3039	-1262.1272	-1261.9007
244	244	-1312.3783	-1280.4377	-1286.3121	31.940553	-1308.8438	-1273.47	-1273.4632
245	245	-2017.8661	-2007.6812	-2013.5511	10.184879	-2010.1775	-2001.1891	-2001.1888
246	246	-1055.471	-964.74428	-970.4085	90.726689	-1036.2137	-957.68269	-957.68297
247	247	-1364.6368	-1329.1419	-1335.0194	35.494853	-1361.1141	-1322.1029	-1321.6457
248	248	-1334.8525	-1297.0849	-1302.7676	37.767587	-1316.622	-1290.4088	-1290.4104
249	249	-1425.8631	-1413.1861	-1419.0451	12.677031	-1422.3819	-1405.0651	-1406.2777
250	250	-1255.7434	-1230.0367	-1235.9389	25.706647	-1252.2229	-1223.0508	-1223.049
251	251	-1296.6779	-1252.9389	-1258.7986	43.739032	-1276.9195	-1245.3746	-1245.4811
252	252	-844.66525	-777.89174	-783.55074	66.773515	-840.6747	-770.14449	-770.43317
253	253	-702.66295	-651.49778	-657.37969	51.165171	-698.60977	-643.26153	-643.00685
254	254	-1128.5428	-1070.4881	-1076.1976	58.054738	-1109.3094	-1063.5086	-1063.5085
255	255	-963.17024	-892.73098	-898.42191	70.439262	-943.2367	-885.62211	-885.62145
256	256	-1489.1097	-1444.293	-1450.1765	44.816769	-1476.2616	-1437.4022	-1437.4033
257	257	-1310.3978	-1279.6288	-1285.4961	30.769007	-1306.8315	-1272.6453	-1272.6423
258	258	-1349.0092	-1296.7686	-1302.4717	52.240584	-1330.2623	-1290.1361	-1290.1329
259	259	-1296.2129	-1264.5626	-1270.2806	31.650268	-1292.7	-1257.8122	-1257.8108
260	260	-1199.3131	-1154.4985	-1160.3914	44.814521	-1195.7063	-1147.3522	-1147.354
261	261	-1520.059	-1489.6821	-1495.5891	30.376873	-1516.6325	-1482.8184	-1482.8172
262	262	-1127.7223	-1091.0656	-1096.7656	36.656665	-1124.0581	-1082.5811	-1082.5858
263	263	-1122.5935	-1028.2493	-1034.3577	94.344132	-1103.3588	-1020.0676	-1019.9635
264	264	-1396.0448	-1370.734	-1376.5579	25.31078	-1392.5448	-1363.3738	-1363.7853
265	265	-947.03596	-881.01465	-886.69431	66.021311	-943.20793	-873.81422	-873.81452
266	266	-2090.0983	-2042.0406	-2047.9673	48.057714	-2071.5955	-2035.6029	-2035.6028
267	267	-1172.5591	-1101.7223	-1107.636	70.83681	-1153.6288	-1094.4866	-1094.4835
268	268	-1446.599	-1400.3524	-1406.2707	46.24657	-1428.1313	-1393.4483	-1393.451
269	269	-1070.0204	-1023.5579	-1029.4787	46.462486	-1066.3304	-1015.7396	-1015.7146
270	270	-1394.1834	-1381.1541	-1386.8068	13.029206	-1390.6999	-1374.3084	-1374.3081
271	271	-1606.5923	-1562.7095	-1568.6199	43.882837	-1588.3647	-1555.9563	-1555.9491
272	272	-1341.8862	-1303.8971	-1309.5796	37.989076	-1323.2259	-1295.8678	-1297.1825
273	273	-1153.6424	-1094.7831	-1100.7201	58.859329	-1134.5163	-1086.8047	-1086.6754
274	274	-1404.5237	-1352.2091	-1358.0825	52.314681	-1385.856	-1345.3783	-1345.3706
275	275	-1302.8407	-1268.2671	-1273.9683	34.573632	-1299.3488	-1261.5158	-1261.5151
276	276	-994.4761	-944.95453	-950.90374	49.521569	-975.2475	-936.08219	-936.05556
277	277	-1273.2547	-1217.1631	-1222.841	56.091618	-1254.4804	-1210.3981	-1210.3984
278	278	-986.4121	-911.61453	-917.33133	74.79757	-968.83168	-902.29415	-902.28217
279	279	-1104.4244	-1055.5479	-1061.2932	48.876528	-1100.7588	-1045.9325	-1047.5929
280	280	-1397.6634	-1342.2241	-1347.8837	55.439249	-1384.968	-1335.5804	-1335.5806
281	281	-1166.1265	-1142.2272	-1148.0356	23.899339	-1162.5137	-1135.3462	-1135.3462
282	282	-1337.9652	-1275.8212	-1281.7107	62.144008	-1319.2596	-1268.8245	-1268.8244
283	283	-1040.0725	-976.14106	-981.80231	63.931391	-1020.9436	-969.12492	-969.12326
284	284	-1387.703	-1339.9966	-1345.8768	47.706428	-1384.1555	-1333.0481	-1333.0516
285	285	-1534.4172	-1480.2082	-1485.7502	54.20901	-1521.1959	-1471.6261	-1473.6539
286	286	-1145.9138	-1072.5746	-1078.4979	73.339191	-1126.6536	-1065.3162	-1065.3158
287	287	-1338.6637	-1299.7621	-1305.6311	38.901605	-1320.6693	-1292.7589	-1292.7592
288	288	-1348.5869	-1308.601	-1314.3104	39.985849	-1345.045	-1298.8442	-1301.6185
289	289	-2103.0912	-2055.6079	-2061.677	47.483328	-2084.5942	-2048.1941	-2048.1671
290	290	-1320.3301	-1298.4763	-1304.3606	21.853882	-1316.8263	-1290.9854	-1290.9031
291	291	-1238.436	-1210.6709	-1216.3876	27.765119	-1234.8973	-1203.3504	-1203.8294
292	292	-1122.9186	-1121.5178	-1126.7206	1.4007912	-1119.29	-1113.1221	-1114.3549
293	293	-1213.4142	-1186.0697	-1192.0011	27.344436	-1209.8574	-1179.4139	-1179.4127
294	294	-1152.003	-1114.5778	-1120.4571	37.425252	-1148.3678	-1106.4045	-1107.4155
295	295	-1177.5484	-1124.332	-1130.2011	53.216364	-1173.9386	-1117.1534	-1117.1491
296	296	-1410.8066	-1371.0887	-1377.1197	39.717964	-1407.2895	-1363.3014	-1364.3148
297	297	-1047.5477	-1037.7366	-1043.9097	9.8110563	-1043.8262	-1029.7402	-1030.0285
298	298	-1795.3286	-1787.2542	-1793.4682	8.0744382	-1792.0555	-1774.1476	-1780.1082
299	299	-1886.6626	-1867.4354	-1873.3083	19.227255	-1878.9808	-1859.1183	-1860.8817
300	300	-1194.6166	-1140.2486	-1146.1137	54.367967	-1191.003	-1132.8905	-1133.181
301	301	-1637.1229	-1608.8504	-1614.7754	28.272481	-1624.0469	-1601.7813	-1602.0906
302	302	-1051.4778	-992.1024	-997.9813	59.375403	-1047.7426	-984.7599	-984.75927
303	303	-1374.1758	-1305.2722	-1310.9565	68.903558	-1355.2498	-1298.5424	-1298.6447
304	304	-1136.1549	-1072.7829	-1078.6707	63.371999	-1116.2609	-1064.8051	-1064.745
305	305	-1343.9436	-1287.2454	-1293.1679	56.698244	-1324.9294	-1279.4736	-1279.4149
306	306	-1595.407	-1541.3374	-1547.2839	54.069582	-1581.2497	-1534.5355	-1534.5348
307	307	-1031.7099	-948.73688	-954.41589	82.973068	-1013.1857	-938.90537	-941.32281
308	308	-1339.9238	-1299.9566	-1305.664	39.967236	-1321.3646	-1293.2832	-1293.284
309	309	-1394.189	-1357.5932	-1363.4598	36.595845	-1375.0591	-1348.9165	-1348.8563
310	310	-1226.9199	-1174.6859	-1179.7368	52.233982	-1223.3394	-1164.511	-1167.8315
311	311	-1306.4235	-1266.5579	-1272.4369	39.865604	-1287.7374	-1259.0719	-1259.6537
312	312	-752.03025	-724.79897	-730.9393	27.231281	-747.9911	-717.39016	-717.37529
313	313	-1227.5016	-1187.4762	-1193.3709	40.025381	-1223.9376	-1178.7479	-1179.7025
314	314	-1266.5692	-1210.2597	-1215.9499	56.309576	-1247.4851	-1203.4769	-1203.4769
315	315	-1287.0574	-1227.4726	-1233.1651	59.584808	-1268.2229	-1220.7037	-1220.7034
316	316	-1652.9868	-1595.9831	-1601.8857	57.00374	-1634.7075	-1589.5048	-1589.4936
317	317	-1280.6269	-1208.8988	-1214.5827	71.72807	-1261.7561	-1200.9541	-1202.158
318	318	-1283.3532	-1245.5858	-1251.2745	37.76742	-1264.5381	-1238.7853	-1238.7856
319	319	-1140.3192	-1072.7114	-1078.646	67.607764	-1121.1059	-1065.4575	-1065.4557
320	320	-1593.5581	-1572.9847	-1578.8703	20.573334	-1590.1547	-1565.6612	-1565.6554
321	321	-1544.4086	-1540.952	-1545.2945	3.4565677	-1541.0366	-1532.9213	-1532.9684
322	322	-981.58235	-922.80769	-928.63933	58.774665	-977.79607	-915.4065	-915.38674
323	323	-1735.9397	-1704.6985	-1710.5882	31.241176	-1718.5139	-1697.2781	-1698.421
324	324	-1431.544	-1386.5095	-1392.2399	45.03459	-1412.6094	-1379.9685	-1379.9688
325	325	-1511.1598	-1468.3286	-1474.0311	42.831144	-1507.7134	-1461.7307	-1461.7305
326	326	-1417.7078	-1365.0078	-1370.9339	52.700028	-1398.952	-1358.1839	-1358.186
327	327	-1446.2303	-1428.2507	-1434.1234	17.979571	-1442.7871	-1421.3633	-1421.3642
328	328	-878.32245	-808.0248	-813.93722	70.29765	-874.44964	-799.96145	-799.64696
329	329	-1176.4244	-1124.8291	-1130.7035	51.595235	-1156.1738	-1116.9854	-1116.9035
330	330	-1355.145	-1319.3892	-1325.2724	35.755853	-1351.6004	-1311.9823	-1311.7811
331	331	-1429.0353	-1372.08	-1377.9737	56.95527	-1410.2887	-1364.9148	-1364.8902
332	332	-1449.5275	-1383.3923	-1389.1005	66.135153	-1429.9288	-1376.8092	-1376.8104
333	333	-1005.9566	-965.93965	-971.8809	40.016916	-1002.2396	-958.06076	-958.01542
334	334	-1485.0416	-1456.8117	-1462.5225	28.229884	-1481.592	-1450.176	-1450.1765
335	335	-1150.2269	-1140.523	-1146.3861	9.7038948	-1146.6487	-1129.9929	-1133.4631
336	336	-2240.5449	-2226.5655	-2232.6958	13.979448	-2221.7798	-2216.4184	-2218.2332
337	337	-1211.6445	-1158.0812	-1163.7897	53.563285	-1208.0473	-1151.2347	-1151.2331
338	338	-1327.553	-1292.5109	-1298.3898	35.042144	-1324.01	-1284.9932	-1284.949
339	339	-1582.1324	-1556.4753	-1562.2062	25.657082	-1578.7237	-1548.346	-1549.8518
340	340	-1562.1622	-1555.9776	-1561.8277	6.1845585	-1558.746	-1548.5145	-1548.4107
341	341	-1026.2622	-965.04568	-970.78357	61.216494	-1007.2062	-957.97392	-957.97263
342	342	-1447.0446	-1393.5591	-1399.5025	53.485466	-1428.5089	-1386.7089	-1386.5352
343	343	-1354.0789	-1344.8346	-1350.2918	9.2443299	-1350.5328	-1333.155	-1337.9363
344	344	-969.30515	-906.36376	-912.29689	62.941383	-950.15717	-898.0422	-897.92167
345	345	-1770.1495	-1772.1672	-1774.1416	-2.0176445	-1766.8894	-1762.9634	-1762.8985
346	346	-1392.3434	-1329.8034	-1335.505	62.539957	-1373.4337	-1322.9732	-1323.1563
347	347	-1123.1707	-1072.1713	-1077.871	50.99942	-1119.4989	-1064.6036	-1065.1891
348	348	-1470.7442	-1405.28	-1411.2104	65.464226	-1452.3031	-1398.4035	-1398.3801
349	349	-1193.3591	-1124.7779	-1130.6795	68.581211	-1174.1283	-1117.7406	-1117.7217
350	350	-1716.3195	-1708.4959	-1714.3437	7.8235694	-1705.8232	-1702.0328	-1702.0551
351	351	-1603.6626	-1552.2716	-1557.9295	51.391015	-1585.2939	-1545.828	-1545.8264
352	352	-1037.4505	-1001.3606	-1007.2435	36.089913	-1033.753	-993.51968	-993.52182
353	353	-1263.2479	-1215.9854	-1221.6281	47.262501	-1259.7141	-1208.7122	-1209.1646
354	354	-1002.4213	-977.89083	-983.55188	24.530491	-998.66447	-970.5555	-970.54999
355	355	-1311.2894	-1274.7353	-1280.6535	36.554023	-1291.9204	-1267.7733	-1267.7728
356	356	-1399.0601	-1362.8885	-1368.5722	36.17165	-1395.5381	-1356.1815	-1356.1808
357	357	-1318.6813	-1270.1353	-1276.0603	48.546032	-1300.0584	-1262.3147	-1262.3066
358	358	-1055.7977	-998.89806	-1004.7955	56.899682	-1052.063	-991.54326	-991.5451
359	359	-1031.9417	-1015.2972	-1021.0071	16.64454	-1028.2112	-1008.12	-1008.1232
360	360	-1070.315	-1022.6239	-1028.28	47.691078	-1050.9951	-1015.5983	-1015.596
361	361	-1712.5748	-1668.3063	-1674.2327	44.268503	-1695.6989	-1661.5946	-1661.5955
362	362	-1266.6467	-1231.498	-1237.4254	35.148717	-1247.5402	-1223.7994	-1223.7894
363	363	-1518.7299	-1489.1219	-1494.1621	29.608052	-1515.3177	-1477.7942	-1481.6231
364	364	-1143.2934	-1085.3805	-1091.19	57.912885	-1121.8231	-1076.4693	-1078.1372
365	365	-1992.6922	-1949.831	-1955.619	42.861186	-1977.2986	-1940.7923	-1943.3126
366	366	-1558.6896	-1511.9892	-1517.9343	46.70034	-1541.1492	-1505.2773	-1505.273
367	367	-1621.9292	-1590.6244	-1596.5362	31.304799	-1607.139	-1583.2471	-1583.1909
368	368	-1426.1535	-1417.4342	-1423.2882	8.719297	-1422.6668	-1408.6379	-1410.559
369	369	-1671.8844	-1616.783	-1622.6584	55.101385	-1653.4378	-1610.1985	-1610.1837
370	370	-1507.0159	-1487.4381	-1493.1274	19.577867	-1496.8314	-1479.514	-1480.7451
371	371	-1481.2979	-1455.4886	-1462.296	25.809299	-1477.8796	-1447.8514	-1448.8946
372	372	-1750.5962	-1710.8208	-1716.4913	39.775431	-1733.4185	-1704.3774	-1704.3774
373	373	-1315.2167	-1283.0253	-1288.9159	32.191407	-1311.6983	-1276.0832	-1276.0843
374	374	-1398.281	-1344.6924	-1350.3796	53.588577	-1378.4899	-1338.0741	-1338.0717
375	375	-1246.1352	-1185.827	-1191.5095	60.30829	-1226.9481	-1179.0553	-1179.0543
376	376	-1503.5895	-1486.4396	-1492.0957	17.149949	-1500.1756	-1476.123	-1478.4558
377	377	-1803.0422	-1792.9905	-1798.8683	10.051741	-1799.8047	-1783.254	-1785.8565
378	378	-909.26956	-871.93411	-877.65909	37.335451	-905.43115	-864.6568	-864.65533
379	379	-1289.8233	-1286.9835	-1292.4057	2.8397908	-1286.2438	-1275.8896	-1278.4704
380	380	-1278.803	-1210.0705	-1215.9757	68.732435	-1262.4498	-1202.4155	-1202.2205
381	381	-1121.6412	-1052.6278	-1058.5299	69.013381	-1101.4861	-1045.4084	-1045.3993
382	382	-1139.8556	-1100.5188	-1106.2263	39.336828	-1136.2312	-1093.5618	-1093.5615
383	383	-1133.0265	-1116.9357	-1124.2043	16.09079	-1129.3859	-1104.4236	-1109.6012
384	384	-1344.597	-1288.1933	-1294.113	56.40368	-1326.0781	-1281.1874	-1281.1868
385	385	-1392.3789	-1360.4494	-1366.3732	31.929452	-1388.8653	-1353.5207	-1353.5133
386	386	-1278.1376	-1262.6114	-1268.4938	15.52621	-1274.5648	-1255.5264	-1255.6249
387	387	-1266.0623	-1184.6094	-1190.5668	81.452857	-1246.1767	-1177.5284	-1177.5243
388	388	-1123.8749	-1094.1229	-1099.9934	29.751949	-1120.2285	-1086.5391	-1086.34
389	389	-1800.5385	-1775.5294	-1780.8067	25.009139	-1784.9435	-1765.5684	-1768.8977
390	390	-993.13285	-935.31823	-941.01951	57.81462	-974.11404	-928.20745	-928.20703
391	391	-1342.7756	-1298.497	-1304.1994	44.278626	-1339.2426	-1289.8208	-1291.7442
392	392	-1197.1259	-1121.5012	-1127.1787	75.624698	-1178.0508	-1114.6542	-1114.6549
393	393	-897.34873	-840.65747	-846.37354	56.691265	-893.49135	-833.42091	-833.42224
394	394	-1202.4976	-1167.0132	-1172.7233	35.484407	-1198.8748	-1159.9664	-1158.0552
395	395	-1504.218	-1479.5783	-1485.2414	24.639681	-1500.7308	-1471.7044	-1472.5491
396	396	-1578.1537	-1548.3833	-1554.2727	29.770417	-1562.9082	-1540.6259	-1541.5985
397	397	-1226.4657	-1193.2671	-1199.1448	33.19857	-1222.9071	-1185.1123	-1186.1836
398	398	-1419.488	-1407.28	-1413.1448	12.208039	-1415.9904	-1400.3976	-1400.3941
399	399	-1959.0679	-1935.2479	-1941.1153	23.820031	-1955.8731	-1927.4559	-1928.7742
400	400	-916.80186	-842.03759	-847.70987	74.764278	-896.55415	-834.78111	-834.78282
401	401	-1007.6302	-979.13583	-985.02483	28.49435	-1003.8725	-971.62659	-971.24414
402	402	-1216.5984	-1132.4954	-1138.2199	84.102975	-1197.6915	-1125.7653	-1125.7644
403	403	-1019.6038	-950.32573	-956.00169	69.278037	-1001.3117	-943.28394	-943.28393
404	404	-915.40987	-865.71657	-871.37101	49.693307	-911.58078	-858.43992	-858.43826
405	405	-1691.0367	-1660.8504	-1666.7488	30.186256	-1679.6335	-1654.179	-1654.1685
406	406	-1436.5925	-1389.7123	-1395.3932	46.880145	-1417.6553	-1382.4153	-1383.1302
407	407	-1574.6427	-1551.0681	-1556.1016	23.574581	-1571.229	-1541.0126	-1544.5711
408	408	-1247.3854	-1181.9224	-1187.8517	65.463	-1231.0764	-1174.7187	-1174.7122
409	409	-1551.614	-1516.4925	-1522.3861	35.121488	-1534.0235	-1508.8687	-1509.4468
410	410	-1726.631	-1703.1927	-1709.136	23.438381	-1723.3174	-1696.5283	-1696.3438
411	411	-1470.9363	-1446.2003	-1452.0638	24.735991	-1467.524	-1438.8475	-1438.7439
412	412	-1341.5244	-1311.3052	-1317.2039	30.219225	-1329.7487	-1303.1295	-1304.3704
413	413	-992.33169	-963.80515	-969.65846	28.526538	-988.54709	-956.43807	-956.43023
414	414	-1437.4915	-1433.8385	-1440.471	3.6530212	-1434.031	-1421.9295	-1422.3126
415	415	-1103.3816	-1026.5903	-1032.6494	76.791264	-1084.0607	-1018.4597	-1018.3991
416	416	-1407.2153	-1348.2071	-1353.9022	59.008218	-1388.5285	-1341.5844	-1341.5836
417	417	-1168.8365	-1134.69	-1140.5725	34.146447	-1165.2245	-1127.0215	-1126.8867
418	418	-1630.7524	-1597.3623	-1603.1306	33.390087	-1627.4129	-1588.7389	-1590.5717
419	419	-1009.2098	-931.62066	-937.49661	77.589152	-989.70058	-924.26969	-924.25512
420	420	-1592.5556	-1555.1127	-1561.0189	37.442861	-1574.9324	-1548.3187	-1548.3175
421	421	-1012.2219	-937.33355	-943.2505	74.888363	-992.90655	-929.91134	-929.91218
422	422	-1248.5032	-1164.0432	-1169.7219	84.460075	-1229.4675	-1157.2597	-1157.2574
423	423	-1420.778	-1403.7789	-1409.493	16.999088	-1417.2853	-1396.6836	-1397.034
424	424	-1258.4776	-1246.9662	-1252.8447	11.511388	-1254.9063	-1239.3354	-1239.9444
425	425	-1266.6198	-1208.7215	-1214.3958	57.898281	-1247.7289	-1201.3785	-1201.9407
426	426	-1339.2971	-1301.7929	-1307.688	37.504118	-1323.2685	-1293.7182	-1294.8697
427	427	-1338.7793	-1284.0728	-1289.9542	54.70649	-1322.1347	-1276.4205	-1276.3984
428	428	-1177.794	-1110.6303	-1116.1922	67.163713	-1159.6805	-1100.9746	-1103.7643
429	429	-1393.7607	-1369.1254	-1375.0274	24.63526	-1390.274	-1362.2298	-1362.2257
430	430	-1400.2993	-1367.6144	-1372.8103	32.684881	-1396.8181	-1356.878	-1360.8776
431	431	-1580.089	-1569.1073	-1575.0194	10.981768	-1576.6848	-1560.8681	-1562.0296
432	432	-1514.3545	-1490.7365	-1496.4289	23.617951	-1495.2016	-1484.0737	-1484.08
433	433	-1106.8899	-1086.7252	-1092.6093	20.164709	-1103.2394	-1079.1154	-1079.0564
434	434	-1259.9222	-1200.0463	-1205.9685	59.875909	-1241.1972	-1191.7594	-1191.9593
435	435	-1506.8845	-1416.61	-1422.32	90.274454	-1488.3041	-1410.1354	-1410.1353
436	436	-1331.4897	-1265.6976	-1271.5783	65.792042	-1312.6751	-1258.7259	-1258.7105
437	437	-980.52673	-903.90888	-909.82835	76.617847	-958.99448	-896.40883	-896.40381
438	438	-1008.7427	-949.20745	-955.17536	59.535284	-1004.9692	-941.10334	-941.09054
439	439	-1253.2805	-1212.5128	-1218.4126	40.767677	-1249.6952	-1205.4396	-1205.4398
440	440	-1273.0283	-1224.549	-1230.2572	48.479297	-1257.601	-1216.9482	-1217.7514
441	441	-1520.1463	-1473.9423	-1479.9712	46.204045	-1509.6796	-1464.6194	-1464.596
442	442	-1331.8733	-1285.7912	-1291.7044	46.08219	-1311.6812	-1278.1688	-1278.0567
443	443	-1116.7579	-1072.8446	-1078.5391	43.913316	-1113.0962	-1065.8623	-1065.8611
444	444	-1361.3633	-1315.1435	-1320.8319	46.219819	-1342.3896	-1308.4497	-1308.4489
445	445	-1291.2056	-1208.6777	-1214.7446	82.527946	-1272.3841	-1200.7076	-1200.6358
446	446	-1447.7691	-1395.2793	-1401.1966	52.489876	-1444.2697	-1386.8474	-1388.3932
447	447	-1499.1326	-1451.3963	-1457.0787	47.736269	-1480.4833	-1444.8752	-1444.8753
448	448	-1753.6678	-1716.6826	-1722.3608	36.985182	-1735.0202	-1708.9218	-1710.271
449	449	-1238.9236	-1180.8287	-1186.5368	58.09494	-1223.5507	-1174.0389	-1174.0378
450	450	-1482.2987	-1443.2254	-1449.1069	39.073271	-1478.8128	-1436.4765	-1436.4595
451	451	-1253.1652	-1194.4454	-1200.336	58.719733	-1234.4734	-1186.571	-1186.5015
452	452	-1249.8405	-1244.2861	-1250.115	5.5544381	-1246.302	-1236.1026	-1237.3874
453	453	-1417.061	-1361.1993	-1367.1257	55.861693	-1399.5093	-1353.1404	-1353.5863
454	454	-1662.0688	-1612.4437	-1618.345	49.625125	-1658.6713	-1604.9772	-1604.8908
455	455	-1338.4199	-1279.5475	-1285.2223	58.872402	-1319.9057	-1272.8669	-1272.8652
456	456	-1959.6274	-1934.8818	-1940.6379	24.74563	-1941.3614	-1927.8404	-1927.8467
457	457	-1623.2392	-1625.9059	-1627.4501	-2.6666299	-1619.8703	-1610.242	-1618.4084
458	458	-920.78068	-848.49873	-854.411	72.281951	-901.52902	-840.40858	-840.39762
459	459	-1464.2394	-1424.5778	-1430.2644	39.661568	-1460.7536	-1417.9065	-1417.9052
460	460	-1286.9916	-1245.9005	-1251.7574	41.091108	-1269.3431	-1238.6859	-1238.9871
461	461	-1413.2755	-1360.5452	-1366.2572	52.730368	-1392.5006	-1353.9058	-1353.9061
462	462	-1516.5272	-1473.3221	-1479.283	43.205153	-1498.4458	-1466.5079	-1466.4979
463	463	-970.47077	-936.72693	-942.60713	33.743843	-966.66432	-927.23127	-927.2089
464	464	-1416.3139	-1358.1653	-1364.1019	58.148641	-1397.6432	-1351.2445	-1351.2405
465	465	-1170.7505	-1119.8867	-1125.7927	50.863803	-1150.6004	-1112.0748	-1112.0392
466	466	-2158.6828	-2132.128	-2138.0554	26.554811	-2144.0153	-2125.005	-2124.9901
467	467	-1767.1911	-1746.775	-1752.6243	20.416146	-1763.9412	-1738.748	-1740.1844
468	468	-1538.7403	-1503.5116	-1509.4388	35.228756	-1524.9958	-1496.5857	-1496.7129
469	469	-1549.2328	-1540.962	-1545.9567	8.2708377	-1545.7975	-1533.4083	-1533.4534
470	470	-1222.1184	-1197.7407	-1203.4248	24.377757	-1218.5328	-1190.7813	-1190.7813
471	471	-1697.1487	-1680.6938	-1686.5506	16.454905	-1693.8385	-1672.4588	-1674.0483
472	472	-1558.2292	-1541.1855	-1549.4526	17.043745	-1554.8447	-1534.4669	-1534.4669
473	473	-1112.3617	-1070.5046	-1076.2062	41.857097	-1108.6963	-1063.4945	-1063.4959
474	474	-1268.0357	-1244.7626	-1250.641	23.273149	-1264.4362	-1237.8183	-1237.821
475	475	-1233.3729	-1220.9316	-1226.8364	12.441234	-1229.8283	-1209.7367	-1213.0018
476	476	-1101.0228	-998.34863	-1004.2279	102.67419	-1081.3685	-991.25081	-991.2481
477	477	-1142.0239	-1134.1544	-1140.0439	7.8695077	-1138.4064	-1124.4062	-1126.6175
478	478	-1309.4051	-1254.8339	-1260.6806	54.571217	-1290.5871	-1247.427	-1247.3964
479	479	-1480.4342	-1459.3985	-1465.2636	21.035705	-1477.0143	-1452.5488	-1452.5473
480	480	-1599.2218	-1564.9847	-1570.5132	34.237076	-1586.5365	-1556.3019	-1558.4072
481	481	-1298.5638	-1251.4399	-1257.3738	47.123871	-1279.3447	-1243.8632	-1243.7255
482	482	-1340.1281	-1292.7513	-1298.4269	47.376775	-1321.8816	-1286.0546	-1286.0563
483	483	-1205.8997	-1155.2109	-1161.0992	50.688879	-1202.2923	-1147.5285	-1148.0842
484	484	-1785.4138	-1755.14	-1760.7916	30.273835	-1767.5787	-1748.7384	-1748.7395
485	485	-1104.6477	-1033.9526	-1039.6252	70.695028	-1085.6282	-1027.003	-1027.003
486	486	-1490.1417	-1451.1542	-1457.1325	38.987428	-1471.0812	-1443.7515	-1443.6221
487	487	-1312.7407	-1296.2008	-1300.8442	16.539921	-1309.2579	-1288.0088	-1288.5653
488	488	-1263.5587	-1178.2225	-1183.9414	85.336279	-1244.5889	-1171.4834	-1171.4829
489	489	-1622.2954	-1585.7297	-1591.6129	36.565707	-1605.2193	-1578.2519	-1578.23
490	490	-1835.5411	-1801.9386	-1807.7907	33.602468	-1819.1595	-1794.7657	-1794.5926
491	491	-949.25164	-925.14723	-930.92246	24.104413	-945.45474	-915.86928	-917.77984
492	492	-1239.916	-1168.3665	-1174.259	71.549433	-1222.3612	-1160.5303	-1160.3227
493	493	-726.06789	-694.28146	-700.17168	31.786436	-722.02837	-685.78847	-686.5792
494	494	-1506.9493	-1461.1616	-1466.8542	45.787689	-1488.3555	-1454.6099	-1454.6111
495	495	-1582.4503	-1566.4464	-1573.1235	16.003869	-1565.2478	-1560.0064	-1560.0077
496	496	-1787.7996	-1755.463	-1761.3539	32.336595	-1766.3772	-1748.1086	-1748.0483
497	497	-971.06031	-891.16543	-897.24133	79.894884	-951.68932	-882.83158	-882.80774
498	498	-1145.3819	-1104.243	-1110.1459	41.138882	-1141.7671	-1096.4848	-1096.3787
499	499	-1338.9614	-1269.5867	-1275.2586	69.374625	-1320.804	-1262.9248	-1262.9269
