No.	ID	loglik_NUll	loglik_RES	loglik_all	log_ratio	loglik_Max1	loglik_Max2	loglik_Max3
0	0	-1989.2382	-1987.8652	-1968.3857	1.3730269	-1970.3711	-1955.9568	-1969.6952
1	1	-1538.8359	-1538.1611	-1494.3368	0.67477131	-1520.5649	-1481.5507	-1519.0071
2	2	-1372.0998	-1371.8513	-1325.0007	0.24849661	-1352.2146	-1311.8491	-1352.6373
3	3	-1712.8863	-1702.7113	-1625.7342	10.175047	-1694.5351	-1612.9025	-1684.2535
4	4	-1923.4693	-1917.7143	-1847.3995	5.7549857	-1905.582	-1834.9277	-1899.5056
5	5	-1607.5225	-1607.1162	-1532.4707	0.40626325	-1588.7856	-1519.6254	-1588.2154
6	6	-1592.5327	-1592.7212	-1553.1661	-0.18850087	-1572.7503	-1539.072	-1572.3311
7	7	-1702.1348	-1696.7668	-1643.3795	5.3680364	-1684.0074	-1628.2643	-1678.2712
8	8	-2438.4584	-2424.5567	-2376.3328	13.901665	-2419.4656	-2364.2521	-2406.0449
9	9	-2180.8136	-2180.123	-2140.0146	0.69054792	-2163.0011	-2127.7559	-2162.2549
10	10	-1807.6417	-1791.1147	-1723.4184	16.527002	-1789.601	-1710.7718	-1772.9626
11	11	-1293.1122	-1293.0775	-1237.983	0.034782676	-1274.001	-1224.7823	-1274.4252
12	12	-1768.5473	-1761.2626	-1686.1904	7.284744	-1750.1096	-1673.5214	-1742.9666
13	13	-1666.458	-1666.4293	-1622.1754	0.028681207	-1646.4003	-1609.4138	-1646.8198
14	14	-2029.1007	-2022.4354	-1953.7359	6.6653042	-2010.7694	-1941.3662	-2004.4208
15	15	-2025.2133	-2019.9597	-1971.8157	5.2535809	-2005.5175	-1957.4996	-1998.2818
16	16	-1464.2231	-1462.4644	-1433.6155	1.7586847	-1444.8181	-1419.2602	-1445.424
17	17	-1839.1847	-1828.0467	-1750.5218	11.137972	-1820.2533	-1737.8784	-1809.831
18	18	-1948.5418	-1947.7897	-1923.0258	0.75208818	-1929.2167	-1910.3005	-1929.565
19	19	-1382.2676	-1380.9145	-1326.0533	1.3530918	-1363.6474	-1313.001	-1362.2402
20	20	-1755.4861	-1755.1242	-1728.6747	0.36185126	-1736.3788	-1716.0946	-1737.0261
21	21	-1960.3494	-1958.5301	-1912.8489	1.8193117	-1942.6154	-1900.4268	-1940.6065
22	22	-1916.0643	-1914.7548	-1869.7986	1.3094168	-1896.8986	-1857.3289	-1896.985
23	23	-1646.5729	-1644.1297	-1589.2162	2.4431814	-1628.4748	-1576.4526	-1625.7993
24	24	-1830.3829	-1829.6652	-1779.8368	0.71770747	-1810.8562	-1766.1352	-1811.0241
25	25	-2240.7894	-2237.4154	-2162.9761	3.3739988	-2221.7962	-2150.7673	-2215.8281
26	26	-2100.6457	-2098.2044	-2054.1124	2.4413708	-2082.7128	-2041.8448	-2080.2248
27	27	-2774.3101	-2770.1501	-2754.2965	4.1599514	-2753.5717	-2741.7017	-2751.4662
28	28	-1733.0856	-1728.6106	-1679.1615	4.4750682	-1714.2194	-1665.0758	-1709.5526
29	29	-1586.0393	-1585.985	-1540.8327	0.054356838	-1567.5419	-1528.0194	-1567.9668
30	30	-2422.7795	-2407.6203	-2328.7905	15.159249	-2405.0587	-2316.6905	-2389.4226
31	31	-1652.7304	-1647.3387	-1582.4002	5.3917553	-1633.9287	-1569.6051	-1628.1737
32	32	-1486.8934	-1489.215	-1457.6036	-2.3215659	-1467.1251	-1444.1971	-1467.5453
33	33	-1391.2781	-1391.2521	-1331.3321	0.025999643	-1372.2765	-1316.3218	-1372.775
34	34	-2411.1672	-2395.8482	-2333.787	15.318963	-2393.3652	-2321.7038	-2378.0242
35	35	-1440.4707	-1440.4404	-1396.4093	0.03035317	-1421.7063	-1383.4458	-1420.6327
36	36	-1422.9387	-1423.9425	-1391.5901	-1.0038754	-1403.7593	-1378.3668	-1403.5361
37	37	-1833.9105	-1832.2776	-1796.8339	1.6329164	-1816.0687	-1784.3412	-1814.0056
38	38	-1955.1753	-1939.0526	-1872.5112	16.122773	-1937.1977	-1860.0166	-1920.9602
39	39	-1613.7805	-1613.2847	-1555.9712	0.4957751	-1595.2192	-1541.7841	-1595.4848
40	40	-1867.6446	-1864.8207	-1809.3846	2.8238964	-1848.7979	-1796.8833	-1846.0828
41	41	-2014.2371	-2011.748	-1933.8519	2.4891832	-1994.6052	-1921.4672	-1993.6559
42	42	-1421.4359	-1422.0293	-1384.7771	-0.59337409	-1402.1105	-1371.7903	-1402.5435
43	43	-1786.5322	-1786.4626	-1769.4054	0.06960165	-1767.6707	-1752.8917	-1768.0911
44	44	-1826.5019	-1822.9589	-1812.1919	3.542989	-1823.2367	-1794.8816	-1816.7449
45	45	-1898.8128	-1898.9221	-1867.0219	-0.10929294	-1879.0111	-1854.553	-1879.7038
46	46	-1768.4101	-1764.059	-1709.1687	4.351097	-1750.4173	-1696.5125	-1745.6419
47	47	-1545.4807	-1545.269	-1474.2733	0.21170919	-1526.4017	-1461.3422	-1526.8308
48	48	-2151.866	-2152.1874	-2135.4491	-0.32145424	-2134.648	-2118.8264	-2135.1125
49	49	-1826.9707	-1824.2486	-1809.5358	2.7221491	-1807.8908	-1795.0246	-1806.6459
50	50	-1564.3405	-1564.9355	-1523.8025	-0.59499654	-1544.3164	-1510.9986	-1544.799
51	51	-1920.6257	-1913.3995	-1838.1426	7.2261851	-1902.6987	-1825.6083	-1895.1788
52	52	-1719.5536	-1716.7308	-1653.0685	2.8227349	-1700.9776	-1640.3516	-1697.7845
53	53	-2298.3415	-2287.8289	-2241.026	10.51265	-2276.659	-2228.8434	-2265.4395
54	54	-1695.7409	-1696.2164	-1650.6832	-0.47552736	-1675.8824	-1638.0339	-1675.7821
55	55	-1486.0084	-1486.3049	-1459.6462	-0.29656384	-1467.304	-1446.4197	-1467.7729
56	56	-1797.5788	-1792.4367	-1727.3352	5.1421525	-1779.1731	-1714.6923	-1774.1832
57	57	-1995.3463	-1991.0376	-1964.8613	4.3087461	-1977.4104	-1952.1524	-1972.6162
58	58	-1957.139	-1953.002	-1916.5434	4.137053	-1939.0666	-1904.1229	-1934.9737
59	59	-1954.8508	-1952.8972	-1929.3532	1.9535782	-1935.5299	-1916.1091	-1935.4645
60	60	-1641.0604	-1639.0803	-1571.9039	1.9800559	-1622.3236	-1559.125	-1619.8579
61	61	-1829.4085	-1829.8887	-1786.4295	-0.48022935	-1810.6257	-1772.7374	-1811.0442
62	62	-1605.3165	-1605.0016	-1555.4247	0.31485802	-1585.5944	-1542.6222	-1586.1017
63	63	-1529.9707	-1528.4767	-1472.4343	1.4940391	-1511.8943	-1459.5141	-1510.0452
64	64	-1652.639	-1651.5504	-1549.6225	1.0885914	-1633.0787	-1536.6808	-1632.6434
65	65	-1652.0952	-1652.6026	-1622.8902	-0.50742729	-1632.7634	-1610.0148	-1633.185
66	66	-1463.3979	-1463.4896	-1434.5353	-0.091701646	-1444.3189	-1421.2497	-1444.3789
67	67	-1405.3063	-1405.5896	-1369.3587	-0.28328182	-1385.5568	-1356.3623	-1386.1365
68	68	-1687.6779	-1686.8325	-1666.7788	0.84548731	-1669.5917	-1653.4327	-1667.1895
69	69	-1754.3697	-1749.2065	-1721.9759	5.163201	-1734.531	-1708.2746	-1735.3512
70	70	-1533.2672	-1531.335	-1480.7373	1.9321399	-1515.2427	-1467.898	-1513.0492
71	71	-2025.229	-2015.6634	-1965.7346	9.5656043	-2007.4483	-1953.2273	-1997.6189
72	72	-1542.8202	-1542.5422	-1474.6551	0.27797122	-1524.1307	-1461.7473	-1524.5535
73	73	-1962.8876	-1957.0842	-1906.3592	5.8033799	-1944.8869	-1893.9347	-1938.9727
74	74	-2294.1493	-2268.4358	-2037.4239	25.713486	-2275.771	-2024.9223	-2250.0973
75	75	-1513.7192	-1506.8415	-1440.6541	6.8776781	-1494.6472	-1427.5865	-1488.2394
76	76	-1448.7559	-1438.9152	-1408.8736	9.8407021	-1445.2754	-1395.9272	-1432.7056
77	77	-1882.7321	-1880.8943	-1849.9553	1.8378467	-1864.3533	-1830.8989	-1864.0153
78	78	-1593.9127	-1593.9102	-1566.0631	0.0025169937	-1574.0399	-1553.3457	-1573.7016
79	79	-1931.5966	-1929.9829	-1900.341	1.6136566	-1912.2415	-1884.3978	-1908.5353
80	80	-1914.131	-1904.8334	-1814.638	9.2975479	-1896.0786	-1802.0493	-1886.4969
81	81	-2047.9023	-2048.1439	-2011.9747	-0.24155237	-2029.4894	-1999.6362	-2028.4819
82	82	-1860.6298	-1858.6184	-1812.3881	2.0113698	-1842.3272	-1799.8923	-1840.5069
83	83	-1604.7138	-1604.918	-1566.5917	-0.20421564	-1585.7121	-1552.9173	-1585.3588
84	84	-1705.7593	-1704.6693	-1654.0387	1.0900293	-1687.6588	-1640.8716	-1686.1527
85	85	-1523.9437	-1519.6662	-1469.772	4.2774258	-1505.9973	-1456.8429	-1501.3651
86	86	-1646.5985	-1646.1144	-1606.1743	0.48419785	-1627.3497	-1593.4215	-1627.7722
87	87	-2086.0403	-2086.514	-2052.2837	-0.47369541	-2066.7251	-2039.9224	-2067.3304
88	88	-2032.6582	-2020.4927	-1962.9529	12.165464	-2014.9134	-1950.5547	-2002.04
89	89	-2177.5709	-2172.6289	-2143.0143	4.942034	-2159.9458	-2130.7411	-2154.6242
90	90	-1418.9943	-1418.4776	-1358.6433	0.51669983	-1400.5665	-1345.5703	-1400.1027
91	91	-1880.8042	-1880.9393	-1850.2144	-0.13508338	-1862.7776	-1837.0875	-1863.2016
92	92	-1608.1619	-1607.336	-1559.3685	0.82593123	-1588.8242	-1545.9586	-1587.72
93	93	-1368.65	-1371.7746	-1329.361	-3.1246036	-1347.6927	-1316.2959	-1365.4453
94	94	-1464.5378	-1464.4683	-1422.2246	0.06951872	-1446.1251	-1409.3258	-1445.6895
95	95	-1794.4073	-1794.4154	-1753.47	-0.008156569	-1774.8612	-1740.9333	-1774.4912
96	96	-1658.6545	-1654.1551	-1629.464	4.4993358	-1638.4447	-1616.7935	-1639.1068
97	97	-1546.5334	-1546.0561	-1492.0213	0.47733152	-1528.4405	-1479.1311	-1528.0003
98	98	-1805.5549	-1800.4776	-1743.5486	5.0773302	-1787.1039	-1730.9658	-1781.3296
99	99	-1681.0133	-1677.786	-1613.0615	3.2272529	-1662.8811	-1600.2872	-1659.4193
100	100	-2106.8622	-2098.031	-2059.9366	8.8312271	-2089.1781	-2047.6206	-2080.1135
101	101	-1600.53	-1600.9869	-1578.2961	-0.45688364	-1579.7533	-1565.5481	-1579.3717
102	102	-1464.4275	-1462.325	-1423.3308	2.1025102	-1446.1654	-1407.4357	-1443.9777
103	103	-1800.4281	-1790.4519	-1706.4179	9.9762133	-1782.4801	-1693.731	-1772.1514
104	104	-1157.9133	-1157.8503	-1098.1599	0.06295711	-1135.7563	-1084.7704	-1136.221
105	105	-2205.1815	-2203.4604	-2172.6996	1.7211086	-2187.297	-2158.5759	-2185.906
106	106	-1904.1444	-1902.5506	-1857.7499	1.5937928	-1885.8677	-1844.8511	-1884.2971
107	107	-1758.5844	-1758.1521	-1696.5373	0.43232172	-1739.3155	-1683.9143	-1739.1439
108	108	-1715.4238	-1715.4199	-1688.3713	0.0038526923	-1696.4289	-1675.7664	-1696.8488
109	109	-1437.2838	-1436.9649	-1388.2752	0.31897142	-1418.242	-1375.3511	-1417.3825
110	110	-1981.3737	-1975.0387	-1913.0502	6.3350264	-1962.6369	-1900.6651	-1956.9908
111	111	-2210.3162	-2200.6384	-2102.1473	9.6777203	-2190.4348	-2089.9005	-2180.8818
112	112	-1470.6385	-1470.19	-1423.1681	0.44848713	-1451.4486	-1410.2324	-1451.9555
113	113	-1417.7313	-1418.3748	-1362.2421	-0.64349191	-1399.3479	-1348.8646	-1396.6453
114	114	-1937.3802	-1921.339	-1847.5986	16.041204	-1919.4883	-1835.0996	-1903.3658
115	115	-2162.4693	-2145.7522	-2044.0452	16.71711	-2144.1357	-2031.711	-2126.8625
116	116	-1999.0933	-1998.1323	-1987.0484	0.96093876	-1980.9843	-1972.6611	-1980.9185
117	117	-2376.3039	-2376.7596	-2353.9485	-0.4556767	-2357.0119	-2340.3504	-2356.805
118	118	-1705.8107	-1704.0627	-1649.929	1.7480035	-1687.8703	-1636.1769	-1685.7861
119	119	-1725.6928	-1712.6146	-1657.9545	13.07826	-1707.6841	-1645.2035	-1693.5783
120	120	-2073.8517	-2067.9649	-2040.4499	5.8868063	-2054.6538	-2028.1678	-2048.3809
121	121	-1437.0378	-1434.2595	-1360.9182	2.7783016	-1417.1384	-1347.7468	-1415.5176
122	122	-1799.5051	-1799.1165	-1767.3557	0.38858756	-1780.6402	-1754.6318	-1780.291
123	123	-1588.2678	-1588.7364	-1564.8555	-0.46856363	-1569.2371	-1551.7284	-1567.2813
124	124	-1598.5535	-1595.9946	-1537.9574	2.5589263	-1579.5286	-1525.156	-1576.3066
125	125	-1993.1682	-1986.813	-1943.5188	6.3552214	-1974.571	-1929.9546	-1968.8042
126	126	-2361.0361	-2341.6249	-2246.7973	19.411178	-2342.9008	-2234.682	-2323.778
127	127	-2060.4239	-2053.9661	-1992.2717	6.4577476	-2042.6339	-1979.8986	-2035.3019
128	128	-1576.3174	-1576.2175	-1505.5915	0.099912472	-1557.3208	-1492.7278	-1557.7393
129	129	-1883.5697	-1880.6886	-1797.184	2.881089	-1865.2364	-1784.645	-1862.4081
130	130	-1898.5947	-1896.0577	-1847.062	2.5370498	-1879.5852	-1834.5926	-1877.0893
131	131	-1780.2205	-1778.482	-1733.3555	1.7385056	-1761.0177	-1720.8203	-1760.3493
132	132	-1252.9838	-1253.3209	-1192.0289	-0.33716372	-1232.8948	-1178.7843	-1233.3946
133	133	-2197.9236	-2189.438	-2155.7498	8.4856618	-2179.6922	-2143.4587	-2171.1076
134	134	-1772.4897	-1772.4868	-1748.6421	0.0029725463	-1752.6003	-1736.1562	-1753.0149
135	135	-1684.8135	-1674.6755	-1619.3521	10.137983	-1665.7599	-1606.5789	-1655.1569
136	136	-1737.4413	-1734.5761	-1711.6157	2.8652303	-1719.0219	-1699.0384	-1715.8654
137	137	-1523.1942	-1524.7826	-1490.0627	-1.5883883	-1504.2433	-1477.2594	-1504.6702
138	138	-1705.4202	-1698.4566	-1639.6954	6.963648	-1686.8105	-1625.2277	-1680.1694
139	139	-1911.0911	-1905.5809	-1814.7375	5.51014	-1892.2388	-1802.1589	-1887.1495
140	140	-2272.9857	-2245.629	-2192.8942	27.356756	-2250.3341	-2180.7327	-2222.7958
141	141	-1829.1253	-1829.1779	-1805.9293	-0.052597296	-1811.5644	-1792.4428	-1811.7961
142	142	-1684.3558	-1683.1694	-1650.2051	1.1863439	-1665.0624	-1637.5495	-1665.0983
143	143	-1566.9838	-1567.2673	-1518.5683	-0.2835026	-1548.2124	-1505.7469	-1548.6774
144	144	-1677.265	-1676.8255	-1634.0182	0.4394906	-1657.653	-1621.254	-1657.1719
145	145	-1549.8847	-1540.4437	-1476.8097	9.4409376	-1531.528	-1463.8706	-1521.7737
146	146	-1973.1448	-1971.159	-1933.8548	1.9857719	-1954.347	-1921.4826	-1953.1645
147	147	-1877.2295	-1877.1848	-1859.3378	0.044690473	-1858.513	-1844.5872	-1858.172
148	148	-1999.4672	-1996.1654	-1951.813	3.3018067	-1980.0186	-1939.4003	-1978.1307
149	149	-2018.6008	-2009.8691	-1964.056	8.7316863	-2000.5897	-1951.7093	-1992.1114
150	150	-1642.041	-1641.94	-1591.6612	0.1009798	-1622.9416	-1578.0456	-1623.3596
151	151	-1423.9853	-1423.5737	-1383.6337	0.41158856	-1403.0788	-1370.1624	-1403.5374
152	152	-2093.2868	-2086.9819	-2016.4677	6.3049234	-2075.5828	-2004.132	-2068.8654
153	153	-2191.8995	-2194.5961	-2188.6962	-2.69664	-2179.5052	-2173.4216	-2183.5423
154	154	-1661.0576	-1656.0869	-1619.0762	4.9706083	-1640.2679	-1606.3487	-1635.9808
155	155	-1828.5705	-1820.6973	-1789.981	7.8731825	-1810.5088	-1774.5824	-1802.546
156	156	-1902.1805	-1892.9936	-1810.8571	9.1869226	-1883.2546	-1798.3068	-1874.827
157	157	-1860.7028	-1858.5457	-1796.6336	2.1570942	-1841.9273	-1784.0921	-1840.2467
158	158	-1573.8874	-1567.3861	-1487.1735	6.5013199	-1555.0037	-1474.2208	-1548.9154
159	159	-1831.6795	-1825.7448	-1762.4114	5.9347253	-1813.6202	-1749.7961	-1807.5601
160	160	-1476.059	-1476.225	-1407.9371	-0.16596708	-1456.4834	-1394.8949	-1455.9594
161	161	-1835.7994	-1826.3617	-1775.4323	9.4376833	-1817.8872	-1762.0415	-1808.1511
162	162	-1520.6188	-1520.3029	-1481.1596	0.31592099	-1501.2109	-1466.4459	-1501.688
163	163	-1367.4967	-1360.7911	-1328.2002	6.7056498	-1348.676	-1315.1659	-1354.1246
164	164	-1876.6237	-1876.2556	-1836.8278	0.36812997	-1858.8532	-1824.3274	-1857.9883
165	165	-1855.6811	-1853.8105	-1835.0802	1.8705822	-1836.6967	-1822.556	-1834.1298
166	166	-1952.8496	-1937.9918	-1884.0915	14.857808	-1934.5864	-1870.6355	-1919.975
167	167	-2124.0167	-2118.7069	-2064.7655	5.3097291	-2105.9612	-2052.5179	-2100.787
168	168	-1723.4448	-1719.3064	-1661.3448	4.1383873	-1705.0952	-1648.6655	-1701.0101
169	169	-2281.4628	-2278.4606	-2259.0675	3.0021458	-2262.214	-2244.8593	-2258.9268
170	170	-1730.5406	-1729.5057	-1679.0675	1.0348893	-1712.2501	-1666.3819	-1710.3646
171	171	-1703.5431	-1700.8988	-1638.7684	2.6443872	-1685.4324	-1626.0118	-1682.4684
172	172	-1890.5462	-1884.1282	-1833.3134	6.4179272	-1871.333	-1820.8164	-1865.7363
173	173	-1320.0959	-1322.4676	-1288.1256	-2.3716782	-1300.5649	-1275.0746	-1301.0185
174	174	-1974.1024	-1970.6556	-1912.9306	3.4468139	-1956.0103	-1900.4472	-1952.5387
175	175	-2425.2374	-2416.4329	-2365.4352	8.8044784	-2407.6553	-2353.3381	-2398.1063
176	176	-2020.7395	-2011.5232	-1969.0765	9.2162944	-2002.0145	-1955.529	-1993.6655
177	177	-1625.6148	-1618.0386	-1554.82	7.5761774	-1607.4	-1541.9774	-1599.3469
178	178	-2096.8484	-2098.1781	-2085.8535	-1.3296759	-2078.7505	-2070.3212	-2079.3155
179	179	-1951.4727	-1950.9551	-1923.7265	0.51760234	-1932.6886	-1910.8144	-1932.3574
180	180	-1487.2338	-1487.0515	-1446.2826	0.1823738	-1468.5482	-1433.3831	-1468.9681
181	181	-1939.5914	-1938.7211	-1893.4455	0.87035091	-1921.3545	-1881.0305	-1920.9836
182	182	-1554.2282	-1554.4826	-1504.3417	-0.25444337	-1535.0908	-1489.6755	-1535.5233
183	183	-2089.6838	-2075.7171	-1990.0048	13.966724	-2071.3685	-1977.6357	-2057.2466
184	184	-2574.0286	-2558.6278	-2492.4302	15.400742	-2553.4333	-2479.8612	-2537.521
185	185	-1694.7447	-1687.5537	-1614.3691	7.1909892	-1676.1367	-1601.5532	-1669.1689
186	186	-2001.8355	-1991.9978	-1901.1903	9.83771	-1983.4277	-1888.7228	-1973.3497
187	187	-1810.9337	-1807.3347	-1747.5251	3.5990395	-1791.906	-1732.8951	-1788.0943
188	188	-1700.9705	-1696.797	-1636.9549	4.1735226	-1682.3297	-1624.1805	-1678.4615
189	189	-1757.2471	-1756.497	-1731.709	0.75000777	-1734.5037	-1716.9001	-1731.8483
190	190	-1919.0283	-1917.0321	-1873.6752	1.9961937	-1900.3521	-1861.194	-1898.9786
191	191	-1817.6697	-1816.0533	-1782.5948	1.6163938	-1799.0249	-1770.0883	-1796.7487
192	192	-1721.8576	-1721.8202	-1689.9673	0.037394551	-1703.2786	-1674.9065	-1703.6962
193	193	-1784.1082	-1783.2795	-1762.7734	0.82867523	-1765.4621	-1749.2079	-1765.9173
194	194	-1666.309	-1666.0136	-1625.8519	0.29540281	-1648.2686	-1613.1377	-1646.0314
195	195	-1734.3668	-1733.826	-1695.8163	0.54084022	-1715.265	-1680.7274	-1712.5645
196	196	-2325.1656	-2313.1878	-2275.0701	11.977756	-2307.4483	-2262.9473	-2295.0308
197	197	-1985.5584	-1983.2957	-1960.4801	2.2626412	-1964.4249	-1947.5598	-1964.0945
198	198	-1670.0204	-1669.7874	-1629.3743	0.2330199	-1651.2437	-1616.5261	-1651.718
199	199	-1652.3045	-1650.8168	-1612.9117	1.4877209	-1634.4149	-1600.2046	-1632.7196
200	200	-1803.7329	-1801.7038	-1751.1219	2.0291166	-1785.0607	-1738.5549	-1783.5341
201	201	-1711.308	-1709.8296	-1661.3043	1.4783896	-1691.1769	-1648.6175	-1689.3057
202	202	-1658.8511	-1659.3057	-1637.3589	-0.4546218	-1639.8106	-1624.6971	-1640.2569
203	203	-1434.7297	-1434.1601	-1365.3287	0.56960278	-1416.4359	-1352.2447	-1416.0723
204	204	-1984.2146	-1977.4384	-1931.4959	6.7762188	-1962.617	-1919.0502	-1956.9707
205	205	-1636.3683	-1636.8862	-1594.8863	-0.51791175	-1616.6632	-1581.0325	-1617.0943
206	206	-1638.2295	-1636.5653	-1583.9105	1.6642179	-1619.5999	-1571.1534	-1618.165
207	207	-1930.6878	-1920.8542	-1812.2677	9.833593	-1912.6204	-1799.6528	-1902.6189
208	208	-2149.7008	-2141.3859	-2090.1178	8.3148566	-2131.1346	-2077.8976	-2123.5763
209	209	-2019.3779	-2013.7384	-1990.1245	5.6395828	-2000.2576	-1977.76	-1994.7893
210	210	-1731.7458	-1732.2883	-1698.9444	-0.54248595	-1712.7894	-1684.8874	-1712.5503
211	211	-2119.955	-2106.7844	-2050.0849	13.170532	-2102.2356	-2037.8077	-2088.3092
212	212	-1941.2178	-1940.3329	-1907.0351	0.88489758	-1921.5801	-1894.6279	-1922.0265
213	213	-1681.5391	-1681.1947	-1641.707	0.34444375	-1663.5053	-1629.0829	-1663.6189
214	214	-1711.8905	-1708.8835	-1657.9504	3.0070394	-1693.1737	-1644.3972	-1689.8302
215	215	-2009.0675	-2009.5075	-1993.3795	-0.43995891	-1990.8359	-1980.8841	-1991.2543
216	216	-1930.2189	-1917.0862	-1849.002	13.13269	-1912.2597	-1836.5057	-1898.9073
217	217	-1680.0216	-1679.9863	-1639.3099	0.035339096	-1662.031	-1626.5892	-1662.4736
218	218	-1515.5294	-1513.2265	-1472.8569	2.3028616	-1497.3856	-1459.9991	-1494.2299
219	219	-1599.4402	-1598.5178	-1532.6645	0.92244288	-1580.8121	-1519.8263	-1579.6928
220	220	-2534.8755	-2523.5061	-2477.528	11.369446	-2517.3795	-2465.5024	-2506.2575
221	221	-1874.2343	-1859.6749	-1764.6053	14.559387	-1855.8288	-1751.9374	-1841.0668
222	222	-1697.8337	-1698.1677	-1669.2054	-0.33400465	-1679.944	-1654.8589	-1680.3614
223	223	-2084.0011	-2081.705	-2059.2701	2.2961081	-2066.1442	-2046.7842	-2063.5011
224	224	-1525.8426	-1525.7696	-1477.9543	0.07307763	-1505.5956	-1463.3562	-1506.0485
225	225	-1400.627	-1399.2869	-1364.7631	1.3401105	-1380.7289	-1350.1282	-1376.9238
226	226	-1563.7063	-1557.2332	-1517.9565	6.4731218	-1545.5366	-1503.6772	-1538.284
227	227	-1876.2369	-1872.3543	-1812.1616	3.8825882	-1857.3436	-1799.6696	-1854.1556
228	228	-1848.9479	-1842.7801	-1822.588	6.1677865	-1828.5284	-1809.475	-1833.2372
229	229	-1939.3538	-1936.7386	-1931.6648	2.6152074	-1936.164	-1918.467	-1930.6046
230	230	-1772.0758	-1772.3439	-1739.4513	-0.26817216	-1753.7631	-1726.8936	-1753.3244
231	231	-2326.9801	-2294.6683	-2249.0187	32.311845	-2309.3829	-2236.8597	-2276.969
232	232	-2073.2094	-2070.3145	-2061.9487	2.8948989	-2052.7353	-2046.3588	-2051.8256
233	233	-1674.3437	-1673.608	-1618.9662	0.73569926	-1655.4763	-1606.2175	-1655.491
234	234	-1737.0392	-1724.2604	-1668.3047	12.778815	-1718.5399	-1655.5886	-1706.0234
235	235	-1589.706	-1589.5301	-1552.9795	0.17589454	-1571.7675	-1537.9407	-1571.2093
236	236	-1381.1431	-1378.6262	-1369.5075	2.5169207	-1377.6468	-1353.9306	-1372.231
237	237	-1800.7343	-1800.7083	-1783.4572	0.026024838	-1780.0939	-1766.7113	-1779.4236
238	238	-1735.7058	-1733.7275	-1695.0583	1.9782829	-1717.7898	-1682.4006	-1715.5176
239	239	-1428.4117	-1421.6302	-1357.9944	6.7815256	-1410.0562	-1344.8364	-1402.3321
240	240	-2028.6955	-2019.6467	-1986.2939	9.0488174	-2010.6001	-1973.92	-2001.6098
241	241	-2118.8357	-2095.5128	-2021.6293	23.322896	-2101.0822	-2009.2825	-2077.5296
242	242	-1932.099	-1920.9362	-1829.1966	11.162881	-1914.1047	-1816.6529	-1902.1657
243	243	-1347.6284	-1348.2294	-1287.5274	-0.60104012	-1327.0949	-1274.3225	-1327.5604
244	244	-2047.0683	-2043.4366	-1974.4289	3.6317281	-2029.4071	-1962.0898	-2025.393
245	245	-1538.2535	-1535.5488	-1492.2372	2.7047419	-1519.7472	-1479.3425	-1516.633
246	246	-1864.8858	-1864.6787	-1818.3282	0.20703587	-1846.1015	-1804.6215	-1845.7757
247	247	-1733.5137	-1726.5155	-1677.1489	6.9982235	-1715.5479	-1664.4505	-1708.2344
248	248	-1927.1657	-1923.1986	-1830.558	3.9671806	-1908.7217	-1818.0013	-1905.1138
249	249	-1628.808	-1629.2196	-1587.7933	-0.41160634	-1606.5517	-1575.06	-1605.461
250	250	-2180.1853	-2169.1642	-2111.8216	11.021096	-2161.9952	-2099.5561	-2151.3333
251	251	-1399.9806	-1399.9895	-1351.0197	-0.0089701095	-1380.1199	-1336.0896	-1380.7413
252	252	-1967.8829	-1966.0424	-1929.1032	1.8405109	-1948.5547	-1916.3503	-1947.5338
253	253	-2533.629	-2518.5633	-2485.5727	15.065762	-2515.5737	-2473.5246	-2500.311
254	254	-1960.3392	-1957.8481	-1945.834	2.4910999	-1940.2306	-1931.7189	-1940.6812
255	255	-2132.8631	-2109.4753	-2005.4855	23.387815	-2115.007	-1993.0778	-2091.4389
256	256	-1777.1532	-1775.7319	-1738.6289	1.4212901	-1758.4168	-1726.0638	-1756.7087
257	257	-2018.6407	-2013.5652	-1945.5832	5.0755395	-2000.8386	-1933.1583	-1995.3708
258	258	-2021.274	-2009.9653	-1906.4125	11.30867	-2003.2038	-1892.9797	-1991.8208
259	259	-1383.8715	-1384.4667	-1327.5858	-0.5951421	-1364.4396	-1314.3097	-1364.8787
260	260	-1850.8369	-1850.4083	-1804.9575	0.42850621	-1833.1078	-1789.9948	-1833.0031
261	261	-1581.592	-1580.548	-1554.7968	1.0440832	-1562.3536	-1542.0705	-1560.9862
262	262	-1713.6812	-1685.4584	-1670.6481	28.222741	-1695.522	-1652.4151	-1676.6529
263	263	-1725.0174	-1715.514	-1615.6517	9.503431	-1706.7256	-1602.8159	-1697.0058
264	264	-2060.4749	-2060.2975	-2046.9373	0.17737756	-2040.7561	-2034.1579	-2041.2457
265	265	-2123.7046	-2119.3679	-2094.4456	4.3366655	-2103.2839	-2076.7783	-2104.9141
266	266	-1779.8486	-1776.0525	-1743.9067	3.7961097	-1761.5374	-1728.1698	-1760.0139
267	267	-1925.8186	-1926.0073	-1904.1336	-0.1887269	-1907.674	-1891.1752	-1908.2506
268	268	-1454.3729	-1454.9545	-1399.8354	-0.58155799	-1434.2035	-1386.8782	-1434.6699
269	269	-1490.322	-1490.2613	-1454.2225	0.060777871	-1470.1951	-1441.3878	-1469.8218
270	270	-1839.6449	-1837.9138	-1791.5904	1.7311464	-1821.7992	-1779.1052	-1819.3802
271	271	-2019.4977	-2019.9563	-1995.3504	-0.45858064	-2000.2279	-1980.8138	-2000.6444
272	272	-2040.9023	-2032.5324	-1952.9344	8.3699663	-2022.9001	-1939.7099	-2014.3747
273	273	-1471.3628	-1464.0555	-1378.8342	7.3072508	-1452.8453	-1365.5797	-1445.0791
274	274	-2332.9819	-2323.4548	-2223.7058	9.5270942	-2314.8917	-2211.565	-2305.5053
275	275	-1412.1718	-1412.2338	-1389.3428	-0.061931071	-1393.3576	-1376.4257	-1393.7847
276	276	-1798.0162	-1793.4933	-1727.7917	4.5228586	-1779.8226	-1715.139	-1775.3226
277	277	-1470.92	-1469.7046	-1423.5138	1.2153303	-1452.6622	-1410.58	-1451.2281
278	278	-1792.9671	-1791.6172	-1736.8896	1.3498858	-1774.2362	-1724.288	-1773.4716
279	279	-1735.7427	-1732.9308	-1700.6284	2.811912	-1716.9787	-1687.3621	-1714.4176
280	280	-1694.3862	-1693.7864	-1639.2562	0.59974385	-1675.6304	-1623.3774	-1675.493
281	281	-2305.5632	-2295.5875	-2287.6258	9.9756533	-2287.2305	-2272.7798	-2289.1269
282	282	-2194.4117	-2192.5183	-2165.0086	1.8933974	-2175.6092	-2152.7853	-2173.9875
283	283	-1915.2588	-1906.6359	-1866.3335	8.6229231	-1896.5987	-1853.5556	-1888.5252
284	284	-1763.181	-1763.0675	-1717.0299	0.11348483	-1742.4689	-1704.4378	-1742.9144
285	285	-2017.6631	-2015.1408	-1990.9478	2.5223129	-1999.7602	-1978.3711	-1993.0276
286	286	-2024.184	-2022.4402	-1996.9798	1.743816	-2005.8234	-1984.5086	-2004.1314
287	287	-1649.1987	-1648.7768	-1606.1917	0.42183598	-1630.3693	-1590.4214	-1630.789
288	288	-1860.5892	-1852.4231	-1786.3793	8.1660963	-1842.634	-1773.829	-1834.2202
289	289	-1677.8461	-1677.4801	-1643.5692	0.36604771	-1658.8974	-1630.8941	-1659.171
290	290	-1732.0757	-1728.4331	-1682.9525	3.6426143	-1713.7462	-1668.9742	-1709.2961
291	291	-1856.8634	-1856.8422	-1831.5435	0.021234536	-1836.5544	-1816.4316	-1837.0559
292	292	-1768.9464	-1765.2488	-1699.2379	3.6975411	-1749.6504	-1686.5731	-1746.9529
293	293	-1649.3294	-1647.9104	-1617.7902	1.4189185	-1628.2076	-1604.1081	-1628.6282
294	294	-1813.4069	-1813.6769	-1782.8069	-0.26994698	-1794.9694	-1770.271	-1795.4032
295	295	-2335.5122	-2325.5583	-2231.5547	9.9539317	-2317.8957	-2219.3923	-2307.673
296	296	-2054.5083	-2023.3916	-1911.7162	31.116712	-2036.4469	-1899.1951	-2005.2605
297	297	-1594.9341	-1594.865	-1561.3979	0.069060942	-1575.9096	-1548.1243	-1576.4424
298	298	-1926.7698	-1921.9083	-1884.5099	4.8615245	-1908.6781	-1872.0721	-1903.6581
299	299	-1931.1764	-1929.6429	-1887.3794	1.5335622	-1913.0639	-1871.4579	-1910.4486
300	300	-1787.9637	-1787.9417	-1742.5365	0.022034542	-1769.7969	-1729.9493	-1768.867
301	301	-2222.8623	-2202.5847	-2113.4553	20.277581	-2205.1153	-2101.203	-2184.7029
302	302	-1947.8811	-1937.2587	-1855.7956	10.622429	-1929.1319	-1843.3243	-1919.2836
303	303	-1959.9116	-1959.8743	-1931.5208	0.03728243	-1941.9635	-1917.7785	-1942.4364
304	304	-1948.6093	-1949.0809	-1928.1778	-0.47162094	-1930.0926	-1914.9057	-1930.5237
305	305	-1648.8629	-1649.2479	-1607.2559	-0.38492883	-1630.6714	-1593.3895	-1630.2128
306	306	-2198.0706	-2194.3768	-2141.7866	3.6938011	-2179.6988	-2129.5787	-2176.5374
307	307	-1755.5085	-1754.3503	-1723.1599	1.1581588	-1736.3616	-1710.5941	-1736.1212
308	308	-1526.992	-1523.481	-1447.6858	3.5110178	-1508.0089	-1434.7084	-1504.2258
309	309	-1945.1639	-1945.6457	-1920.3705	-0.48185981	-1926.9	-1907.5548	-1926.1604
310	310	-1936.7747	-1936.7969	-1919.1782	-0.022146332	-1918.19	-1906.7576	-1918.6139
311	311	-2322.6276	-2313.7052	-2246.0256	8.922435	-2303.5305	-2232.6953	-2294.9217
312	312	-1477.0673	-1465.8325	-1432.0307	11.234823	-1459.1241	-1418.1425	-1459.453
313	313	-1731.2823	-1725.0866	-1644.1861	6.1956959	-1712.2313	-1631.4885	-1706.7522
314	314	-1846.4793	-1826.0376	-1758.0055	20.441681	-1828.5157	-1745.3721	-1807.944
315	315	-1678.3711	-1676.3262	-1619.0164	2.0448326	-1659.5353	-1606.2804	-1657.4154
316	316	-2055.1839	-2052.4739	-2032.2784	2.7100181	-2036.7462	-2017.8429	-2034.3272
317	317	-1976.4023	-1970.4461	-1924.2038	5.9561519	-1958.7385	-1911.8186	-1952.4608
318	318	-1639.1319	-1634.671	-1570.0979	4.4609196	-1620.1225	-1557.3382	-1616.2115
319	319	-2447.0037	-2441.8651	-2399.0266	5.1385931	-2429.2326	-2386.9039	-2424.0641
320	320	-1530.5701	-1530.1997	-1466.7034	0.37033896	-1512.388	-1453.7946	-1511.6221
321	321	-1665.0879	-1661.0419	-1595.5213	4.0460714	-1647.0084	-1582.7435	-1642.5241
322	322	-1920.2699	-1916.9816	-1860.1879	3.2882759	-1901.6395	-1844.2126	-1899.0915
323	323	-1646.8317	-1645.5153	-1589.4315	1.3163724	-1628.6895	-1576.6897	-1627.1014
324	324	-2412.2416	-2407.4377	-2379.1297	4.8038304	-2393.3489	-2366.969	-2388.1051
325	325	-1339.1034	-1338.5725	-1298.5527	0.53085268	-1320.4073	-1283.2974	-1320.129
326	326	-1385.9964	-1386.6805	-1344.1358	-0.68409378	-1365.6548	-1330.6071	-1366.0789
327	327	-1542.6879	-1542.6458	-1496.3775	0.042065785	-1524.229	-1483.5012	-1524.6685
328	328	-1947.2923	-1932.5357	-1884.9286	14.756521	-1929.34	-1872.5	-1914.5477
329	329	-2310.0063	-2304.7602	-2268.3085	5.2461393	-2290.6186	-2256.141	-2282.3978
330	330	-1855.97	-1851.5403	-1809.7151	4.4296694	-1838.2027	-1797.2575	-1833.3201
331	331	-2059.5161	-2053.2851	-1983.5568	6.2310335	-2041.1173	-1971.1828	-2035.3859
332	332	-1945.9393	-1932.7047	-1923.8168	13.234622	-1927.5167	-1909.9356	-1921.4196
333	333	-2166.1952	-2155.5058	-2086.7334	10.689402	-2148.2046	-2074.4626	-2137.1248
334	334	-1971.6586	-1969.6449	-1914.0577	2.0137257	-1953.0005	-1900.8807	-1951.2161
335	335	-2119.4128	-2115.8002	-2082.9618	3.6125686	-2099.5681	-2070.6991	-2096.7148
336	336	-1878.8151	-1870.9387	-1789.2071	7.8763331	-1860.8449	-1775.4574	-1852.7224
337	337	-2002.4059	-1999.8065	-1949.5654	2.5994429	-1984.9021	-1937.2382	-1981.8162
338	338	-1912.2973	-1898.2232	-1808.6235	14.074138	-1894.2704	-1795.9692	-1880.0482
339	339	-1522.1209	-1522.132	-1486.7828	-0.011090917	-1499.7439	-1473.938	-1500.1667
340	340	-2199.7495	-2189.9354	-2163.6345	9.8140753	-2179.6779	-2147.2103	-2169.3008
341	341	-1977.5211	-1977.1487	-1938.663	0.3723551	-1959.5205	-1925.5446	-1959.7438
342	342	-2262.7852	-2234.1232	-2121.3563	28.662066	-2244.8476	-2109.0845	-2216.3164
343	343	-1667.5502	-1666.1444	-1572.3947	1.4057482	-1648.9733	-1559.5535	-1647.6865
344	344	-1856.4805	-1856.3332	-1832.7513	0.14734185	-1838.3143	-1818.5046	-1836.4066
345	345	-1609.8161	-1608.9732	-1586.346	0.84286054	-1589.7897	-1572.7547	-1590.371
346	346	-1504.7936	-1504.4291	-1447.8129	0.36445036	-1486.5564	-1434.9378	-1486.554
347	347	-1642.723	-1636.0345	-1563.3842	6.6885615	-1624.3894	-1550.5317	-1616.8711
348	348	-1897.5009	-1893.542	-1858.2367	3.9589537	-1877.9652	-1842.985	-1875.4334
349	349	-1617.1783	-1616.8636	-1587.8039	0.3146989	-1599.3541	-1575.132	-1598.5341
350	350	-1938.2883	-1930.7055	-1863.009	7.5828075	-1920.4636	-1849.461	-1912.6166
351	351	-1936.8583	-1933.2944	-1885.7577	3.5638953	-1918.6632	-1873.3217	-1915.1802
352	352	-2233.9045	-2224.0004	-2154.5608	9.9041146	-2216.166	-2142.352	-2206.2103
353	353	-1864.3917	-1864.3132	-1832.4792	0.078516462	-1844.3688	-1819.9539	-1845.1915
354	354	-1486.9182	-1487.2473	-1454.5109	-0.3290704	-1468.9919	-1441.6154	-1468.5489
355	355	-1508.0197	-1507.985	-1451.178	0.0346726	-1490.0021	-1436.5437	-1490.4204
356	356	-1838.7456	-1835.2961	-1753.7164	3.4494844	-1820.325	-1741.0886	-1816.4479
357	357	-1741.9901	-1739.3028	-1676.4072	2.6872803	-1723.0697	-1663.7447	-1720.9837
358	358	-1779.3942	-1777.7115	-1703.8272	1.6826519	-1754.9697	-1691.1558	-1753.9746
359	359	-2005.4713	-1988.3839	-1903.9955	17.0874	-1987.572	-1891.4942	-1970.3032
360	360	-1700.8906	-1694.7982	-1655.3238	6.092379	-1682.9916	-1642.6814	-1676.5372
361	361	-1722.5437	-1722.19	-1689.7213	0.35375812	-1702.1322	-1677.0885	-1701.4507
362	362	-1806.5621	-1800.7732	-1749.86	5.788917	-1787.9118	-1737.2849	-1782.7255
363	363	-1987.1537	-1971.2112	-1913.4107	15.942493	-1964.8291	-1900.9679	-1949.1616
364	364	-2294.8871	-2290.5798	-2239.153	4.3073115	-2277.4084	-2226.982	-2272.0567
365	365	-1819.5836	-1820.1214	-1776.8612	-0.53786589	-1801.2251	-1764.3155	-1801.6618
366	366	-1832.8963	-1831.9119	-1802.7483	0.98442878	-1815.1926	-1790.2469	-1814.0018
367	367	-2229.1929	-2229.199	-2211.4887	-0.0061473006	-2206.6847	-2192.0091	-2206.8008
368	368	-2124.6681	-2101.9449	-1963.6717	22.723126	-2103.674	-1951.2035	-2081.1658
369	369	-1617.4418	-1616.9673	-1576.313	0.47449514	-1598.6915	-1563.5692	-1596.3032
370	370	-1609.9116	-1609.8058	-1587.4923	0.10573107	-1591.5792	-1570.6027	-1589.421
371	371	-1919.5263	-1919.0385	-1890.9047	0.48777486	-1900.9914	-1875.0052	-1901.4006
372	372	-1631.3658	-1631.1941	-1579.1755	0.17161339	-1612.1756	-1566.4355	-1612.613
373	373	-1319.1395	-1319.4282	-1266.7348	-0.28864006	-1297.154	-1253.5867	-1297.5792
374	374	-1852.3536	-1852.3574	-1817.2267	-0.0037928991	-1833.8126	-1803.3498	-1834.2401
375	375	-1518.6223	-1516.7771	-1451.7932	1.8451168	-1500.4198	-1438.5647	-1494.7422
376	376	-1570.6504	-1561.4838	-1490.0856	9.166669	-1552.2517	-1477.1192	-1543.0978
377	377	-2025.4955	-2023.7729	-1980.0521	1.7226031	-2007.6033	-1965.7897	-2002.9529
378	378	-1835.9073	-1816.6222	-1723.4269	19.285149	-1817.6758	-1710.7014	-1798.1561
379	379	-1970.2305	-1970.7505	-1936.1578	-0.5199816	-1951.4421	-1923.0763	-1951.1517
380	380	-1698.181	-1698.3614	-1663.2319	-0.18041206	-1679.4483	-1650.547	-1679.4744
381	381	-1840.1095	-1840.078	-1811.5435	0.031518523	-1821.6522	-1799.0396	-1822.0877
382	382	-1592.475	-1592.4381	-1545.508	0.036868848	-1571.6638	-1533.3187	-1571.9502
383	383	-2113.3508	-2109.571	-2058.9246	3.7798759	-2094.5157	-2044.5721	-2091.4751
384	384	-1938.8923	-1934.3566	-1871.515	4.5356547	-1920.9642	-1859.0706	-1916.2893
385	385	-2097.8692	-2092.7012	-2048.2287	5.1680178	-2078.7538	-2033.8095	-2074.7159
386	386	-1708.9215	-1704.1448	-1628.6108	4.7767029	-1690.2431	-1615.8512	-1685.3879
387	387	-1788.8772	-1789.0174	-1750.0621	-0.14023862	-1770.4874	-1737.4677	-1770.9097
388	388	-1614.6555	-1614.6655	-1578.0219	-0.0099246863	-1594.6557	-1565.2847	-1595.0754
389	389	-1888.3883	-1886.3936	-1854.5101	1.9946875	-1869.9841	-1842.0503	-1868.4274
390	390	-2067.5784	-2062.4787	-1999.0331	5.0997045	-2049.3309	-1986.7082	-2043.9634
391	391	-1847.767	-1844.4955	-1800.8761	3.2714618	-1830.1418	-1788.3843	-1826.0435
392	392	-1633.2582	-1633.1518	-1613.2234	0.10643612	-1615.239	-1599.177	-1614.8447
393	393	-1551.8506	-1551.8896	-1517.1869	-0.038984392	-1530.8641	-1504.384	-1531.2908
394	394	-1581.9351	-1581.9185	-1548.2551	0.016604528	-1562.1994	-1534.6145	-1562.6872
395	395	-2330.6758	-2313.6895	-2277.0703	16.986259	-2309.9888	-2264.9162	-2293.5563
396	396	-1877.4653	-1877.9557	-1859.9658	-0.49037639	-1859.4982	-1847.4779	-1859.9179
397	397	-1894.7494	-1890.9057	-1821.6477	3.8437341	-1876.9899	-1809.1025	-1872.1106
398	398	-2439.9447	-2409.0513	-2300.0168	30.893491	-2422.2626	-2287.9165	-2391.3285
399	399	-1689.6274	-1684.6658	-1651.5009	4.961685	-1670.9344	-1637.7376	-1666.1465
400	400	-1416.801	-1416.8086	-1360.0603	-0.0076144994	-1394.8752	-1346.613	-1394.3823
401	401	-1658.2538	-1657.7137	-1630.0121	0.5400152	-1637.6514	-1614.1021	-1636.6704
402	402	-1932.8839	-1929.4361	-1906.9863	3.4478594	-1914.7333	-1894.5636	-1910.3234
403	403	-1916.9348	-1915.6979	-1888.0764	1.2369322	-1898.0208	-1874.0229	-1897.4464
404	404	-2041.0768	-2024.7754	-1956.6318	16.301404	-2023.197	-1944.2288	-2006.659
405	405	-1534.7842	-1534.1934	-1482.3597	0.59084208	-1515.5483	-1469.4986	-1515.9825
406	406	-1591.7161	-1590.0785	-1538.2938	1.637571	-1572.9907	-1524.4591	-1570.7228
407	407	-1644.2703	-1633.7151	-1535.8113	10.555275	-1625.1982	-1522.8053	-1615.1071
408	408	-1594.0756	-1594.7876	-1555.4646	-0.71200347	-1574.2711	-1542.6895	-1574.7005
409	409	-1673.5094	-1672.381	-1639.7816	1.1283796	-1654.9008	-1626.6154	-1653.3614
410	410	-2169.8263	-2167.696	-2135.4871	2.1303639	-2152.1625	-2121.6966	-2149.796
411	411	-1304.7893	-1302.2527	-1234.0435	2.5365727	-1284.7491	-1220.5879	-1282.1762
412	412	-1836.3108	-1830.5769	-1781.1502	5.7339378	-1818.4627	-1768.5874	-1812.4662
413	413	-1690.3143	-1686.6695	-1617.2939	3.6447681	-1671.4544	-1604.5189	-1666.6485
414	414	-1910.4514	-1906.4395	-1858.3835	4.0118446	-1892.453	-1844.0186	-1888.3552
415	415	-1941.4546	-1933.6948	-1873.2383	7.7597518	-1923.0727	-1859.9783	-1914.111
416	416	-2218.9592	-2215.9616	-2177.7868	2.9976117	-2200.0424	-2165.5244	-2196.8714
417	417	-1825.1238	-1825.2902	-1785.3011	-0.16640236	-1807.1329	-1772.7659	-1806.7063
418	418	-1983.9522	-1973.9081	-1899.0854	10.044072	-1964.5374	-1883.8375	-1954.5748
419	419	-1630.2571	-1630.5452	-1593.5957	-0.28813139	-1612.0343	-1580.2259	-1612.2531
420	420	-1919.0663	-1916.7607	-1847.8899	2.3056328	-1899.934	-1834.3229	-1898.0479
421	421	-1811.9875	-1810.699	-1785.1518	1.2884368	-1793.9368	-1771.9382	-1792.4259
422	422	-1745.0545	-1745.0157	-1722.2498	0.038819323	-1725.5524	-1705.4093	-1725.2136
423	423	-1619.528	-1618.2955	-1572.0119	1.232506	-1600.9236	-1559.2266	-1599.24
424	424	-1795.7315	-1786.5439	-1698.0356	9.1876584	-1777.5123	-1685.3601	-1768.2219
425	425	-1446.8287	-1421.5138	-1418.273	25.314983	-1443.3482	-1402.9922	-1414.9307
426	426	-1680.5152	-1679.808	-1629.3591	0.7072461	-1661.2787	-1616.6649	-1660.8254
427	427	-1431.0699	-1431.621	-1390.5498	-0.55106611	-1411.715	-1377.5882	-1410.7509
428	428	-2110.8174	-2104.825	-2053.6767	5.9924054	-2092.9212	-2041.3285	-2086.8464
429	429	-1820.3492	-1818.7405	-1787.7238	1.608722	-1801.7569	-1775.2435	-1800.5825
430	430	-1774.9109	-1774.2646	-1737.0845	0.64634144	-1756.0336	-1724.5096	-1756.3824
431	431	-1641.3527	-1638.9588	-1601.4763	2.3939193	-1623.533	-1588.7831	-1620.6264
432	432	-1853.1246	-1850.4528	-1809.2326	2.6717759	-1834.9776	-1795.5511	-1832.46
433	433	-1598.9323	-1595.2984	-1516.9421	3.6339271	-1580.6733	-1504.0446	-1576.7125
434	434	-1935.111	-1914.9211	-1880.1186	20.189874	-1917.227	-1865.4871	-1896.8635
435	435	-1999.9746	-1997.0389	-1974.4662	2.9356655	-1982.4265	-1961.2283	-1979.2926
436	436	-1686.3347	-1685.625	-1631.8487	0.7096944	-1668.027	-1619.1668	-1667.3862
437	437	-2097.2093	-2093.4521	-2048.8303	3.7572323	-2079.2286	-2035.8365	-2075.5629
438	438	-1233.0441	-1233.3287	-1165.5054	-0.28465227	-1214.2399	-1152.1261	-1214.6721
439	439	-1409.2934	-1401.5593	-1341.5304	7.7341112	-1390.2987	-1328.3801	-1382.8303
440	440	-1784.097	-1783.9157	-1732.1296	0.18127969	-1765.2019	-1719.5555	-1765.6501
441	441	-1505.2118	-1503.0632	-1435.6391	2.148642	-1485.7109	-1422.6801	-1483.0526
442	442	-1749.1091	-1747.7242	-1720.386	1.3849389	-1730.6068	-1707.8702	-1729.3888
443	443	-2395.8947	-2392.0708	-2349.2621	3.8239317	-2379.1187	-2335.5671	-2374.9338
444	444	-1814.059	-1812.8625	-1797.9611	1.1965514	-1795.1543	-1784.9716	-1795.5714
445	445	-2506.2427	-2482.4624	-2393.6419	23.780308	-2488.7892	-2381.6597	-2464.9644
446	446	-1729.5428	-1727.6266	-1712.379	1.9161758	-1708.8397	-1699.0505	-1705.4612
447	447	-2046.1706	-2045.2551	-2007.7627	0.91556872	-2027.5153	-1994.3971	-2025.7386
448	448	-1809.0255	-1793.6912	-1714.0464	15.334323	-1790.8862	-1701.3519	-1774.8927
449	449	-1740.0988	-1734.6469	-1667.8063	5.4519018	-1720.7314	-1655.0476	-1715.1802
450	450	-2269.892	-2262.4965	-2212.5614	7.3955723	-2250.7974	-2200.3334	-2244.7974
451	451	-1826.3379	-1820.1092	-1801.5862	6.2287835	-1805.8376	-1787.9456	-1813.0982
452	452	-1936.5877	-1928.9887	-1915.8986	7.599082	-1917.3018	-1902.3893	-1922.6473
453	453	-1821.5218	-1818.0715	-1763.6621	3.4502652	-1802.8184	-1751.08	-1799.3996
454	454	-1826.2595	-1826.2131	-1797.101	0.046371973	-1807.0941	-1780.8699	-1806.7288
455	455	-2099.4528	-2097.1048	-2085.2572	2.3480319	-2082.7416	-2070.1212	-2083.3628
456	456	-1976.5133	-1975.6591	-1966.7843	0.8542382	-1957.2125	-1947.3902	-1957.2532
457	457	-2197.9663	-2187.5955	-2124.1474	10.370802	-2180.3267	-2111.55	-2169.6767
458	458	-2404.8118	-2381.4338	-2302.6085	23.377945	-2387.207	-2290.5211	-2363.6767
459	459	-2123.0952	-2117.3781	-2081.2397	5.7171181	-2102.5282	-2067.4193	-2097.8967
460	460	-1821.2429	-1820.7982	-1778.0942	0.44465934	-1802.4592	-1765.5743	-1802.9207
461	461	-1892.9085	-1890.4313	-1833.6961	2.4771848	-1874.2305	-1821.2044	-1872.2086
462	462	-1600.0584	-1596.0827	-1513.528	3.9756733	-1581.5536	-1500.6084	-1577.4986
463	463	-2108.6496	-2106.6359	-2067.3573	2.013694	-2089.9025	-2055.1055	-2088.1813
464	464	-1906.0578	-1898.9569	-1846.1536	7.1008889	-1887.7707	-1833.6621	-1880.8028
465	465	-1711.4057	-1711.528	-1675.9965	-0.12232296	-1692.68	-1662.8572	-1693.0998
466	466	-1780.642	-1777.1306	-1733.2651	3.5113832	-1762.8242	-1720.6458	-1758.9565
467	467	-1643.3341	-1642.0453	-1582.8673	1.2888507	-1623.7377	-1570.0064	-1623.6313
468	468	-1605.1156	-1605.648	-1576.0839	-0.53242574	-1585.9789	-1563.3497	-1586.4121
469	469	-1380.2956	-1376.4373	-1318.1294	3.8582676	-1361.3195	-1304.9622	-1357.0566
470	470	-1800.5871	-1799.8044	-1765.9474	0.78271032	-1782.5165	-1752.6026	-1782.0381
471	471	-1773.7661	-1773.7341	-1749.1674	0.032001748	-1754.6695	-1735.8806	-1755.2299
472	472	-2189.44	-2165.464	-2101.4977	23.975973	-2171.3845	-2089.2269	-2147.2298
473	473	-2209.2747	-2199.6975	-2095.1408	9.5771512	-2191.5181	-2082.8254	-2181.6929
474	474	-1486.9436	-1486.6453	-1422.1052	0.29837493	-1467.0032	-1409.0233	-1466.6901
475	475	-1732.5643	-1731.2266	-1673.1007	1.3376987	-1713.5808	-1660.4587	-1712.4944
476	476	-1468.5012	-1463.6874	-1395.1607	4.8138318	-1449.5082	-1382.1076	-1445.0533
477	477	-1667.7273	-1663.1262	-1618.2343	4.6010909	-1649.8059	-1604.0031	-1644.8599
478	478	-1890.3831	-1890.9051	-1848.0934	-0.52198129	-1871.6996	-1834.4248	-1872.147
479	479	-1227.1316	-1229.8604	-1231.3495	-2.7287446	-1223.5503	-1215.7026	-1222.5499
480	480	-1951.2737	-1946.9449	-1889.4593	4.3288187	-1932.8451	-1877.0775	-1928.926
481	481	-2085.6604	-2076.8596	-2032.0561	8.8007767	-2068.1243	-2019.7105	-2059.3155
482	482	-2086.0283	-2085.1781	-2054.2602	0.85019485	-2067.7451	-2041.8804	-2065.6959
483	483	-2032.395	-2023.7884	-1949.2045	8.6066083	-2013.7152	-1936.8644	-2005.7735
484	484	-2315.1265	-2304.3833	-2267.2026	10.743123	-2297.3805	-2252.1894	-2286.2402
485	485	-1607.7804	-1607.3057	-1569.4768	0.47468737	-1588.9611	-1556.7523	-1589.4122
486	486	-1336.0301	-1335.7463	-1279.036	0.2837497	-1317.1143	-1265.9486	-1316.6018
487	487	-1214.8297	-1214.515	-1136.5997	0.31463461	-1196.0442	-1123.0378	-1195.5106
488	488	-1991.858	-1992.0999	-1964.3423	-0.24194873	-1974.0958	-1950.625	-1972.9535
489	489	-2566.741	-2566.4675	-2558.8261	0.27346698	-2549.8444	-2541.6896	-2550.1224
490	490	-1832.4003	-1832.1941	-1802.4036	0.20619099	-1813.9756	-1789.9006	-1814.218
491	491	-1432.9035	-1424.2916	-1391.3329	8.6119254	-1429.3994	-1376.7721	-1415.7868
492	492	-2072.8297	-2052.5687	-1961.4719	20.261001	-2054.6448	-1949.0532	-2034.5284
493	493	-2376.425	-2360.8994	-2309.4623	15.525615	-2357.2891	-2297.3328	-2341.9803
494	494	-1594.5698	-1594.318	-1524.264	0.2517882	-1576.162	-1511.3804	-1576.4265
495	495	-1823.1639	-1818.8446	-1733.0576	4.3193022	-1805.2487	-1720.3769	-1800.6442
496	496	-1821.067	-1820.52	-1796.228	0.54700899	-1802.923	-1783.6847	-1801.7534
497	497	-2096.7979	-2086.8595	-2019.2069	9.9383138	-2079.0166	-2006.8811	-2068.8268
498	498	-1667.3198	-1658.5408	-1603.4338	8.7790752	-1648.5388	-1589.057	-1639.7048
499	499	-1465.6477	-1461.7836	-1434.519	3.8640906	-1445.6679	-1418.7449	-1454.847
