No.	ID	loglik_NUll	loglik_RES	loglik_all	log_ratio	loglik_Max1	loglik_Max2	loglik_Max3
0	0	-1485.7031	-1464.6419	-1468.2101	21.061192	-1481.3748	-1454.9502	-1454.9497
1	1	-2535.848	-2498.5926	-2502.1243	37.255402	-2531.9892	-2489.6517	-2489.6518
2	2	-1443.1257	-1412.0798	-1415.6101	31.045929	-1438.7476	-1402.3687	-1402.3685
3	3	-1679.4344	-1632.4854	-1637.3722	46.94897	-1675.2248	-1621.3038	-1621.3039
4	4	-2206.7516	-2156.3212	-2160.4502	50.430353	-2202.737	-2146.4015	-2146.3979
5	5	-1520.5164	-1508.2869	-1511.8254	12.229489	-1516.2196	-1498.5947	-1498.5959
6	6	-3534.8632	-3506.117	-3509.7007	28.746216	-3531.2366	-3497.4762	-3497.4751
7	7	-2859.1581	-2833.13	-2836.6702	26.028093	-2855.3753	-2824.2479	-2824.2479
8	8	-2246.4425	-2214.7808	-2218.3222	31.661686	-2242.4703	-2205.6182	-2205.6181
9	9	-2400.2942	-2392.2576	-2395.7807	8.0365545	-2396.3963	-2383.0387	-2383.0377
10	10	-3454.2943	-3456.8549	-3458.5348	-2.5606038	-3450.6357	-3448.0062	-3449.6241
11	11	-1684.7938	-1654.3942	-1657.9805	30.399572	-1680.5322	-1644.9272	-1644.9264
12	12	-2518.3494	-2507.8654	-2511.3906	10.483981	-2514.4792	-2498.7205	-2498.7208
13	13	-2280.9543	-2271.6386	-2275.1898	9.3156887	-2277.015	-2262.3771	-2262.3771
14	14	-2127.9369	-2082.6532	-2086.1844	45.283709	-2123.9088	-2073.5107	-2073.5105
15	15	-2295.1306	-2205.7131	-2209.4	89.417514	-2291.1227	-2196.7493	-2196.7482
16	16	-2748.4082	-2741.4003	-2745.065	7.0078963	-2744.6259	-2732.3988	-2732.394
17	17	-2636.1274	-2620.4455	-2623.9935	15.681851	-2632.2694	-2611.3768	-2611.3773
18	18	-1630.982	-1607.5023	-1611.2066	23.479704	-1626.762	-1597.9348	-1597.9304
19	19	-1203.1589	-1161.3993	-1164.9317	41.759635	-1198.5861	-1151.4591	-1151.4581
20	20	-2853.17	-2814.3891	-2817.9451	38.780935	-2849.3983	-2805.5621	-2805.5635
21	21	-2687.5559	-2672.6411	-2676.1669	14.914814	-2683.7173	-2663.2846	-2663.5622
22	22	-2207.9378	-2193.8645	-2197.39	14.073276	-2203.9383	-2184.5683	-2184.5668
23	23	-2341.6295	-2336.9612	-2340.4968	4.6683005	-2337.7158	-2324.786	-2327.6846
24	24	-2635.0146	-2621.886	-2625.4502	13.128612	-2631.1875	-2612.8166	-2612.8175
25	25	-1634.992	-1636.176	-1638.767	-1.1840026	-1630.76	-1626.3872	-1626.387
26	26	-1746.5218	-1742.0911	-1745.7323	4.4307143	-1742.3074	-1732.4877	-1732.4593
27	27	-1851.5198	-1834.1464	-1837.8357	17.373401	-1847.3349	-1824.6981	-1824.6886
28	28	-2503.1544	-2505.7683	-2507.4105	-2.6138935	-2499.2832	-2498.6964	-2498.7003
29	29	-1745.0615	-1735.978	-1739.477	9.0835633	-1740.8381	-1726.225	-1726.354
30	30	-2614.2632	-2571.0086	-2574.5615	43.254674	-2610.4347	-2562.1363	-2562.1345
31	31	-2571.4043	-2547.6008	-2551.1247	23.803544	-2567.5391	-2538.5435	-2538.5428
32	32	-2483.4764	-2475.9039	-2479.4528	7.5725431	-2479.5655	-2466.7031	-2466.7031
33	33	-1951.3861	-1905.2704	-1908.8031	46.1157	-1947.2664	-1895.9878	-1895.9878
34	34	-1992.5916	-1980.3694	-1983.9075	12.222174	-1988.5052	-1970.9503	-1970.95
35	35	-1981.9366	-1954.4205	-1958.2109	27.516009	-1977.8262	-1944.5415	-1944.5349
36	36	-2356.5259	-2333.8857	-2337.4373	22.640199	-2352.599	-2324.7286	-2324.7288
37	37	-2081.4421	-2071.9494	-2075.494	9.4927092	-2077.3805	-2062.5485	-2062.5483
38	38	-2574.7763	-2526.5676	-2530.1232	48.208733	-2570.9205	-2517.6588	-2517.659
39	39	-3448.6277	-3450.0797	-3452.4987	-1.451992	-3445.0026	-3441.5611	-3441.5608
40	40	-2852.6306	-2825.8868	-2829.8695	26.743883	-2848.8711	-2815.8713	-2815.864
41	41	-2016.5676	-1980.6433	-1984.1715	35.924308	-2012.4902	-1971.3622	-1971.3625
42	42	-2091.0628	-2093.6343	-2095.2968	-2.5715576	-2087.0258	-2086.2377	-2086.2094
43	43	-1765.7062	-1738.2384	-1742.4717	27.467766	-1761.4655	-1727.4404	-1727.4399
44	44	-3510.153	-3491.0891	-3494.8251	19.063848	-3506.5228	-3482.2099	-3482.2043
45	45	-3321.7861	-3314.4109	-3317.9528	7.3752256	-3318.0891	-3303.3156	-3305.5813
46	46	-2760.2872	-2753.6788	-2757.227	6.6083672	-2756.5257	-2744.6178	-2744.6177
47	47	-2397.7509	-2379.3071	-2382.8486	18.443824	-2393.7989	-2370.1184	-2370.1175
48	48	-1872.8283	-1864.8702	-1868.5571	7.9580843	-1868.6733	-1855.2354	-1855.2249
49	49	-1527.3714	-1489.8487	-1493.3734	37.522742	-1523.0573	-1480.2499	-1480.2493
50	50	-1908.4509	-1883.5178	-1887.833	24.933136	-1904.3113	-1872.7468	-1872.7429
51	51	-2479.0595	-2446.6217	-2450.1947	32.437749	-2475.1967	-2437.6138	-2437.6146
52	52	-3185.7578	-3182.085	-3185.6461	3.6728102	-3182.0445	-3173.1128	-3173.1123
53	53	-2460.2644	-2454.5459	-2458.1032	5.7185226	-2456.3834	-2445.3288	-2445.3296
54	54	-2839.2257	-2824.413	-2829.2387	14.812665	-2835.4594	-2813.4293	-2813.4151
55	55	-1353.4068	-1294.4034	-1297.9389	59.0034	-1348.9762	-1284.6995	-1284.7002
56	56	-3951.7502	-3951.6455	-3953.5385	0.10469134	-3948.2261	-3933.9169	-3941.2548
57	57	-2391.1591	-2379.411	-2382.9318	11.748027	-2387.2513	-2370.2094	-2370.2095
58	58	-2699.0434	-2696.8299	-2700.3636	2.2135216	-2695.248	-2687.6812	-2687.6814
59	59	-2980.3619	-2966.0132	-2970.5068	14.348735	-2976.6492	-2955.2518	-2955.6685
60	60	-2228.1486	-2217.3935	-2221.4688	10.755109	-2224.1614	-2206.8868	-2206.8839
61	61	-1434.7994	-1384.3792	-1387.9155	50.420176	-1430.4308	-1374.7407	-1374.7402
62	62	-2801.8751	-2795.1103	-2798.6705	6.7647567	-2798.0616	-2785.848	-2786.0304
63	63	-2766.2618	-2723.3384	-2727.1198	42.923324	-2762.4387	-2714.0127	-2713.9961
64	64	-1697.9147	-1653.8397	-1657.3806	44.074971	-1693.6364	-1644.3899	-1644.3887
65	65	-2042.1636	-2040.0975	-2043.7702	2.0660957	-2038.112	-2030.7574	-2030.7566
66	66	-2747.1549	-2744.4884	-2748.4512	2.6664857	-2743.3503	-2732.1982	-2734.7718
67	67	-2305.929	-2300.8988	-2304.4489	5.0301392	-2301.9862	-2291.5881	-2291.5874
68	68	-2502.7872	-2489.6082	-2493.1717	13.178959	-2498.8958	-2480.4842	-2480.4839
69	69	-2545.3258	-2521.2605	-2524.7958	24.065219	-2541.4623	-2512.1933	-2512.1936
70	70	-3649.769	-3621.2359	-3624.7225	28.533028	-3646.1983	-3612.5898	-3612.5901
71	71	-2126.1583	-2112.1091	-2115.9364	14.04914	-2122.1215	-2102.058	-2102.0557
72	72	-2480.1413	-2456.4011	-2459.9554	23.74016	-2476.2687	-2447.3367	-2447.3366
73	73	-2881.7305	-2880.5896	-2884.1339	1.1409726	-2877.9899	-2871.5178	-2871.5175
74	74	-2519.7452	-2520.6781	-2523.5189	-0.93287633	-2515.8862	-2512.0162	-2512.0156
75	75	-2018.7333	-2006.2886	-2009.8203	12.444749	-2014.6659	-1996.867	-1996.8668
76	76	-2543.7534	-2525.0619	-2528.9935	18.691515	-2539.881	-2515.075	-2515.0741
77	77	-2865.6121	-2832.8287	-2836.5514	32.783377	-2861.813	-2823.8007	-2823.7937
78	78	-2386.2616	-2350.723	-2354.8157	35.538603	-2382.3302	-2340.8122	-2340.8111
79	79	-1735.765	-1712.0269	-1715.5517	23.738013	-1731.564	-1702.5513	-1702.5516
80	80	-2419.8023	-2399.0622	-2402.5963	20.740093	-2415.8813	-2389.8955	-2389.8961
81	81	-2115.3622	-2104.2021	-2107.7271	11.160094	-2111.333	-2094.8292	-2094.8283
82	82	-2222.6638	-2177.7356	-2181.2587	44.92819	-2218.6521	-2168.5874	-2168.5883
83	83	-3116.9008	-3101.249	-3104.7991	15.651777	-3113.2072	-3092.3967	-3092.3967
84	84	-2448.2611	-2427.8156	-2431.3691	20.445537	-2444.3665	-2418.7229	-2418.7223
85	85	-1924.379	-1916.844	-1920.5279	7.5349341	-1920.2466	-1906.6021	-1907.2594
86	86	-1604.8507	-1586.1201	-1589.681	18.730556	-1600.5659	-1576.5136	-1576.5148
87	87	-2696.8456	-2691.1532	-2694.4533	5.6924344	-2693.0149	-2679.353	-2682.0338
88	88	-2496.5501	-2452.6123	-2456.1636	43.93773	-2492.6814	-2443.6668	-2443.6675
89	89	-2320.1501	-2304.4198	-2308.6302	15.730339	-2316.2006	-2294.2367	-2294.2369
90	90	-2707.427	-2678.6568	-2682.2077	28.770197	-2703.624	-2669.6893	-2669.6893
91	91	-2394.172	-2364.4308	-2367.9616	29.74119	-2390.2331	-2355.3046	-2355.3042
92	92	-2779.2744	-2754.3879	-2757.9048	24.886569	-2775.4817	-2745.4285	-2745.4285
93	93	-2389.5188	-2335.8679	-2339.4128	53.650947	-2385.5704	-2326.8797	-2326.8796
94	94	-3575.526	-3565.6995	-3569.27	9.8265335	-3571.9212	-3554.9935	-3556.9066
95	95	-1722.9269	-1704.3177	-1707.8764	18.609159	-1718.7177	-1694.8476	-1694.8465
96	96	-1585.5855	-1540.8809	-1544.4027	44.704587	-1581.3292	-1531.3908	-1531.3906
97	97	-2842.6957	-2833.0562	-2836.6013	9.6394921	-2838.9467	-2824.0467	-2824.046
98	98	-2091.6471	-2091.9523	-2094.9496	-0.30520487	-2087.6055	-2080.6209	-2081.1828
99	99	-2836.3539	-2819.8794	-2823.3805	16.474562	-2832.5774	-2810.8914	-2810.891
100	100	-3222.246	-3222.4785	-3224.5181	-0.23249718	-3218.5799	-3202.9392	-3212.8525
101	101	-1124.9674	-1090.4323	-1094.007	34.535091	-1120.2844	-1080.4062	-1080.4057
102	102	-1709.9634	-1685.9606	-1689.5089	24.002824	-1705.7376	-1676.5005	-1676.5005
103	103	-1159.9051	-1143.0142	-1146.5432	16.890936	-1155.2574	-1132.911	-1132.911
104	104	-2567.1796	-2531.7855	-2535.3339	35.394075	-2563.3176	-2522.8137	-2522.8135
105	105	-3667.6574	-3655.1502	-3658.8499	12.50726	-3664.0419	-3646.4019	-3646.4006
106	106	-2281.7779	-2222.7486	-2226.2893	59.029327	-2277.789	-2213.7234	-2213.7237
107	107	-3138.6164	-3122.9671	-3126.8051	15.649304	-3134.8985	-3113.6272	-3113.6068
108	108	-2429.6511	-2427.95	-2431.3277	1.7011087	-2425.7626	-2419.3677	-2419.3635
109	109	-1969.2751	-1934.7668	-1938.2667	34.508303	-1965.1858	-1925.4471	-1925.448
110	110	-2724.2392	-2705.765	-2709.3134	18.474175	-2720.4303	-2696.7596	-2696.7604
111	111	-1721.0843	-1699.2556	-1702.9336	21.828653	-1716.898	-1689.6672	-1689.6585
112	112	-1372.4774	-1312.1607	-1315.6987	60.316729	-1368.0254	-1302.4261	-1302.4258
113	113	-2253.5185	-2237.283	-2240.8167	16.235533	-2249.5278	-2228.0111	-2228.0107
114	114	-3021.9327	-3009.1433	-3012.7085	12.789401	-3018.2043	-3000.1321	-3000.2133
115	115	-1558.0405	-1538.418	-1541.9687	19.622523	-1553.7383	-1528.7705	-1528.7706
116	116	-2254.7678	-2242.932	-2246.4593	11.835788	-2250.7879	-2233.6395	-2233.6384
117	117	-1932.2903	-1876.9612	-1880.539	55.32914	-1928.1492	-1867.7038	-1867.7034
118	118	-2517.7029	-2500.7997	-2504.5728	16.90319	-2513.8224	-2491.1478	-2491.1438
119	119	-2753.5571	-2756.1756	-2757.7988	-2.6185002	-2749.7796	-2749.1919	-2749.1816
120	120	-1862.6157	-1822.7869	-1826.318	39.828794	-1858.4588	-1813.4086	-1813.4074
121	121	-2167.3637	-2156.8322	-2160.3867	10.531509	-2163.3465	-2147.5051	-2147.5039
122	122	-4058.8956	-4060.3313	-4058.8964	-1.4356638	-4055.4053	-4042.417	-4051.7744
123	123	-1602.2938	-1578.2006	-1581.7543	24.093189	-1598.0457	-1568.6066	-1568.6075
124	124	-2557.7826	-2556.1544	-2559.689	1.628197	-2553.931	-2546.6624	-2546.934
125	125	-2261.9171	-2206.0067	-2209.5449	55.910486	-2257.9309	-2196.9612	-2196.9611
126	126	-1423.4953	-1375.7717	-1379.2898	47.723533	-1419.1002	-1366.0939	-1366.0937
127	127	-1526.1706	-1473.8155	-1477.3356	52.355167	-1521.862	-1464.2794	-1464.2782
128	128	-1690.6079	-1654.4825	-1658.0208	36.125394	-1686.3737	-1645.0052	-1645.0071
129	129	-2109.7243	-2075.7078	-2079.242	34.016475	-2105.6803	-2066.4838	-2066.485
130	130	-1940.122	-1888.3012	-1891.9158	51.820774	-1936.008	-1879.09	-1879.0901
131	131	-2169.358	-2149.6973	-2153.7846	19.660688	-2165.3503	-2139.2454	-2139.2445
132	132	-3005.0241	-3004.6451	-3007.9518	0.37905709	-3001.3124	-2995.5833	-2995.5834
133	133	-2172.1526	-2150.6772	-2154.2553	21.475395	-2168.1472	-2141.4403	-2141.4402
134	134	-2794.8803	-2775.2946	-2778.8307	19.58572	-2791.0797	-2765.6672	-2766.2846
135	135	-2015.5079	-1981.4288	-1984.9606	34.079081	-2011.4066	-1972.1347	-1972.1351
136	136	-2899.6975	-2901.6609	-2903.7819	-1.9633378	-2895.935	-2893.5796	-2893.5741
137	137	-1658.3128	-1618.3705	-1621.9024	39.942286	-1654.048	-1608.8858	-1608.8884
138	138	-1905.4056	-1900.31	-1903.8397	5.0956457	-1901.2754	-1890.7616	-1890.7618
139	139	-3781.3149	-3764.8612	-3768.4154	16.453675	-3777.776	-3756.2184	-3756.219
140	140	-2395.8606	-2364.3412	-2368.4179	31.519412	-2391.948	-2354.4387	-2354.4392
141	141	-1517.7282	-1512.6549	-1516.3997	5.0733025	-1513.4113	-1502.6077	-1502.6003
142	142	-1789.8631	-1786.0371	-1789.7199	3.8259755	-1785.6948	-1776.4425	-1776.4388
143	143	-2355.8698	-2333.4362	-2336.9893	22.433621	-2351.9209	-2324.3057	-2324.3062
144	144	-1991.9332	-1985.0709	-1989.2843	6.8622961	-1987.842	-1974.5478	-1974.5472
145	145	-1750.9113	-1734.3474	-1738.0325	16.563924	-1746.6606	-1724.7369	-1724.7035
146	146	-2099.9964	-2091.3181	-2094.4812	8.6783265	-2095.9667	-2076.493	-2080.5225
147	147	-2356.7574	-2335.8853	-2339.4347	20.872153	-2352.8236	-2326.7451	-2326.7453
148	148	-1878.1399	-1874.7201	-1878.4209	3.4198242	-1874.0146	-1864.9966	-1865.0278
149	149	-2729.3852	-2731.3885	-2733.399	-2.0033128	-2725.5582	-2722.8287	-2722.8288
150	150	-2101.9844	-2094.65	-2098.2089	7.3343924	-2097.9342	-2085.2355	-2085.2352
151	151	-2158.5602	-2136.2592	-2140.473	22.301059	-2154.5033	-2125.942	-2125.9415
152	152	-2311.9101	-2279.2412	-2282.5198	32.668905	-2307.951	-2267.1003	-2270.1273
153	153	-1536.0219	-1496.7282	-1500.2556	39.293728	-1531.7239	-1487.1241	-1487.1235
154	154	-1549.8126	-1529.7343	-1533.2366	20.078362	-1545.4993	-1520.0495	-1520.0516
155	155	-3133.4292	-3134.7012	-3137.3604	-1.272012	-3129.7339	-3124.3456	-3124.1752
156	156	-1792.3918	-1767.2052	-1770.7653	25.186608	-1788.2037	-1757.7687	-1757.7684
157	157	-1629.7895	-1618.4535	-1622.1442	11.336033	-1625.525	-1608.8327	-1608.7969
158	158	-1803.9123	-1770.6588	-1774.304	33.253513	-1799.7206	-1761.3714	-1761.3712
159	159	-3221.6036	-3219.1474	-3224.8511	2.4562083	-3217.8932	-3206.117	-3208.3011
160	160	-1567.6397	-1537.5975	-1541.1299	30.042179	-1563.3507	-1528.0115	-1528.0117
161	161	-2293.1647	-2257.5992	-2261.1278	35.565501	-2289.182	-2248.4791	-2248.4792
162	162	-1529.53	-1455.904	-1459.4236	73.62604	-1525.1986	-1446.3679	-1446.365
163	163	-2163.069	-2158.1266	-2163.4836	4.9423666	-2159.039	-2146.0424	-2147.1261
164	164	-2552.3788	-2538.3363	-2541.8749	14.042478	-2548.5284	-2529.2288	-2529.2291
165	165	-2425.2893	-2382.3119	-2385.861	42.977362	-2421.3467	-2373.274	-2373.2739
166	166	-1696.5795	-1666.8014	-1670.348	29.778095	-1692.3588	-1657.3807	-1657.3818
167	167	-3314.5438	-3311.5916	-3315.1201	2.9522408	-3310.8475	-3302.6378	-3302.6387
168	168	-2997.4652	-2980.8593	-2984.3997	16.60583	-2993.7471	-2971.9689	-2971.9692
169	169	-2457.2213	-2447.9825	-2451.5338	9.2387112	-2453.344	-2438.8031	-2438.8028
170	170	-1935.8197	-1915.7626	-1919.2747	20.057131	-1931.7181	-1906.3501	-1906.3505
171	171	-2089.6561	-2055.1649	-2058.6924	34.49126	-2085.613	-2045.9179	-2045.9177
172	172	-3347.936	-3343.9179	-3347.4604	4.018137	-3344.2679	-3331.5726	-3334.989
173	173	-1528.236	-1486.6995	-1490.2601	41.536482	-1523.9025	-1477.1261	-1477.1262
174	174	-1996.8364	-1943.2504	-1946.7865	53.58593	-1992.7294	-1934.0147	-1934.0155
175	175	-2013.3497	-1966.3578	-1969.8683	46.991917	-2009.271	-1957.1129	-1957.1133
176	176	-2237.6815	-2210.3722	-2213.9104	27.309379	-2233.6944	-2201.1763	-2201.1749
177	177	-1781.1327	-1736.7783	-1741.6259	44.354434	-1776.9221	-1725.8029	-1725.8054
178	178	-2053.9769	-2055.3643	-2057.8184	-1.3873695	-2049.908	-2043.8792	-2046.1661
179	179	-2484.6722	-2454.3433	-2458.2923	30.328932	-2480.7565	-2444.3159	-2444.3056
180	180	-3003.1742	-3005.9298	-3007.4323	-2.7555892	-2999.473	-2997.4848	-2997.5296
181	181	-2401.1802	-2390.448	-2394.6505	10.732205	-2397.2696	-2380.3008	-2380.2959
182	182	-1723.8072	-1693.8129	-1697.3704	29.994305	-1719.5516	-1684.3452	-1684.3463
183	183	-1979.0777	-1947.1374	-1950.6737	31.94026	-1974.9898	-1937.8125	-1937.8129
184	184	-2955.4986	-2947.2807	-2951.9286	8.2178706	-2951.769	-2935.8271	-2935.8104
185	185	-2844.0302	-2823.8996	-2827.4816	20.130618	-2840.2619	-2814.9664	-2814.9679
186	186	-2680.3014	-2677.4622	-2679.0896	2.8391819	-2676.4958	-2661.1874	-2667.4098
187	187	-2354.5308	-2347.5738	-2351.1036	6.9569525	-2350.6136	-2338.3277	-2338.3279
188	188	-2570.7901	-2556.91	-2560.4485	13.880097	-2566.9267	-2547.7874	-2547.7892
189	189	-1940.5542	-1926.8001	-1930.3379	13.754127	-1936.4248	-1917.3479	-1917.3471
190	190	-3028.715	-3025.7651	-3030.0211	2.9498884	-3024.9632	-3015.4196	-3015.4207
191	191	-2368.935	-2356.6941	-2360.2243	12.240897	-2365.0215	-2347.4903	-2347.489
192	192	-2764.8662	-2761.1204	-2765.0511	3.7457637	-2761.101	-2751.1624	-2751.1583
193	193	-1763.164	-1760.9409	-1764.6673	2.2230901	-1759.0014	-1751.0749	-1751.0755
194	194	-2667.5252	-2648.8768	-2652.5493	18.648441	-2663.7177	-2639.878	-2639.8521
195	195	-2128.9758	-2115.8055	-2119.3607	13.170344	-2124.9608	-2106.503	-2106.5031
196	196	-2894.281	-2891.7037	-2895.25	2.577292	-2890.5083	-2882.5576	-2882.6075
197	197	-2736.1016	-2732.383	-2735.9284	3.7186033	-2732.3019	-2723.2406	-2723.2413
198	198	-2034.2551	-1995.277	-1998.8282	38.978058	-2030.1537	-1985.9982	-1985.9989
199	199	-1715.16	-1695.4224	-1698.9935	19.737621	-1710.9385	-1685.8977	-1685.8979
200	200	-2201.1287	-2150.5599	-2153.9987	50.568834	-2197.1169	-2139.6153	-2141.4281
201	201	-2514.135	-2486.7978	-2490.3412	27.33726	-2510.256	-2477.7051	-2477.7045
202	202	-2223.5854	-2191.5151	-2195.0313	32.070254	-2219.6015	-2182.3021	-2182.3024
203	203	-2136.585	-2121.1989	-2124.7749	15.386086	-2132.5548	-2111.8733	-2111.8731
204	204	-2181.8172	-2169.3384	-2173.002	12.478773	-2177.8296	-2160.1307	-2160.131
205	205	-2739.2368	-2733.4865	-2737.9445	5.7502316	-2735.4356	-2722.5509	-2722.8699
206	206	-2775.1767	-2747.5131	-2751.0625	27.663567	-2771.3892	-2738.5904	-2738.5912
207	207	-2994.968	-2997.7518	-2999.2	-2.7838292	-2991.2246	-2990.7147	-2990.706
208	208	-1834.4642	-1824.3453	-1828.0515	10.118856	-1830.297	-1814.8251	-1814.8099
209	209	-2412.2713	-2415.0078	-2416.5015	-2.736477	-2408.3693	-2408.7868	-2408.7868
210	210	-2173.7351	-2160.8484	-2164.395	12.886745	-2169.704	-2151.5153	-2151.5149
211	211	-1937.2459	-1901.7901	-1905.3307	35.455866	-1933.1156	-1892.46	-1892.459
212	212	-2148.0207	-2130.7803	-2134.3332	17.240355	-2143.9931	-2121.4803	-2121.4809
213	213	-1697.3089	-1653.197	-1656.7803	44.111903	-1693.0489	-1643.8065	-1643.8067
214	214	-1663.83	-1599.1146	-1602.6533	64.715363	-1659.5714	-1589.6817	-1589.6846
215	215	-1703.3556	-1631.2804	-1634.8425	72.075207	-1699.154	-1621.963	-1621.9619
216	216	-2161.787	-2130.6623	-2134.191	31.124782	-2157.7476	-2121.0941	-2121.4083
217	217	-3693.4747	-3659.0723	-3662.6352	34.402333	-3681.127	-3650.5112	-3650.5113
218	218	-2426.7721	-2418.5309	-2422.4917	8.2411968	-2422.8718	-2408.2963	-2408.296
219	219	-2264.7587	-2244.7634	-2248.3022	19.995377	-2260.786	-2235.559	-2235.5605
220	220	-1890.3865	-1869.0582	-1872.5901	21.32823	-1886.2353	-1859.6032	-1859.605
221	221	-1318.0131	-1295.7186	-1299.4486	22.294507	-1313.5538	-1285.5554	-1285.5539
222	222	-1969.3585	-1958.3041	-1961.8411	11.054433	-1965.243	-1948.8183	-1948.8184
223	223	-3428.3396	-3424.1438	-3427.9389	4.1958051	-3424.686	-3414.9671	-3414.9661
224	224	-3234.7366	-3226.9545	-3230.7088	7.7820771	-3231.0199	-3217.76	-3217.7596
225	225	-1945.693	-1923.5105	-1927.0365	22.182497	-1941.5891	-1914.1268	-1914.1266
226	226	-3806.1906	-3808.9404	-3810.4463	-2.7497153	-3802.6602	-3800.1897	-3803.0776
227	227	-3828.2771	-3823.6625	-3828.2523	4.6146623	-3824.7312	-3810.3436	-3813.4373
228	228	-1885.4886	-1882.0484	-1885.768	3.4402376	-1881.3415	-1872.3809	-1872.367
229	229	-2518.0035	-2514.3499	-2517.8901	3.6536636	-2514.1264	-2503.4935	-2505.103
230	230	-2192.6832	-2173.3701	-2176.9121	19.313081	-2188.667	-2163.294	-2164.0778
231	231	-1530.2206	-1512.9642	-1516.5115	17.256466	-1525.899	-1503.2787	-1503.2789
232	232	-2567.7437	-2537.6658	-2541.2494	30.07791	-2563.8677	-2528.6873	-2528.6876
233	233	-1832.3615	-1817.5681	-1821.1195	14.793311	-1828.1834	-1808.0791	-1808.0789
234	234	-2844.2923	-2826.933	-2830.4783	17.359312	-2840.5154	-2817.989	-2817.9885
235	235	-2644.7846	-2641.5195	-2645.3737	3.2651097	-2640.9526	-2627.2182	-2631.9441
236	236	-1277.8652	-1221.3712	-1224.8888	56.494055	-1273.3592	-1211.5449	-1211.5442
237	237	-3097.3156	-3082.9234	-3086.4598	14.392201	-3093.6072	-3074.035	-3074.0353
238	238	-3024.9722	-3015.3487	-3018.774	9.6234879	-3021.2106	-3004.35	-3006.377
239	239	-2268.9991	-2213.1413	-2216.6991	55.857806	-2265.0231	-2204.0975	-2204.098
240	240	-3447.6103	-3431.1306	-3434.677	16.479714	-3443.9812	-3422.3589	-3422.3588
241	241	-2664.1464	-2626.2699	-2629.8332	37.876466	-2660.3144	-2617.3663	-2617.3666
242	242	-2530.2383	-2524.7176	-2528.2575	5.5207313	-2526.3574	-2515.499	-2515.499
243	243	-3707.2658	-3710.0171	-3711.5303	-2.7512226	-3703.7122	-3702.0738	-3703.6074
244	244	-2064.2602	-2028.4788	-2032.034	35.781445	-2060.1919	-2019.2649	-2019.2647
245	245	-2445.0527	-2424.6041	-2428.1402	20.448632	-2441.1144	-2415.3285	-2415.4691
246	246	-2697.3363	-2685.7681	-2689.7109	11.568229	-2693.5211	-2674.8623	-2675.8506
247	247	-1809.3301	-1809.5158	-1812.7097	-0.18568281	-1805.1314	-1799.8653	-1799.8654
248	248	-2480.6456	-2463.3806	-2466.9269	17.264964	-2476.742	-2454.2459	-2454.2461
249	249	-2619.1662	-2612.6855	-2616.2338	6.4806451	-2615.3188	-2603.5382	-2603.5379
250	250	-1477.7159	-1456.4588	-1460.11	21.257053	-1473.3847	-1446.7464	-1446.7343
251	251	-1853.7887	-1846.5837	-1850.1169	7.2050121	-1849.673	-1837.0559	-1837.0558
252	252	-2487.1989	-2472.0908	-2475.669	15.108083	-2483.3179	-2462.9749	-2462.9741
253	253	-2374.389	-2361.5409	-2365.0615	12.848063	-2370.4599	-2352.3331	-2352.3324
254	254	-3237.6349	-3235.3117	-3239.0321	2.3232084	-3233.9509	-3226.3475	-3226.3506
255	255	-2627.6173	-2612.1396	-2615.6905	15.477658	-2623.8014	-2603.0992	-2603.0985
256	256	-3642.0026	-3631.0015	-3634.8688	11.001137	-3638.4157	-3620.5244	-3620.2482
257	257	-2582.7925	-2558.9839	-2562.5272	23.808584	-2578.9305	-2549.9676	-2549.9691
258	258	-1690.1245	-1626.3204	-1629.8694	63.804129	-1685.8701	-1616.9094	-1616.9094
259	259	-2323.549	-2316.299	-2319.5225	7.2500195	-2319.5964	-2304.1545	-2306.9913
260	260	-2407.723	-2403.1904	-2406.7275	4.5325995	-2403.8306	-2393.9453	-2393.946
261	261	-3949.1855	-3945.8766	-3949.4245	3.3088317	-3945.6748	-3933.6181	-3936.9005
262	262	-2760.911	-2755.8343	-2759.3769	5.0766902	-2757.1365	-2746.6714	-2746.7624
263	263	-2240.2241	-2183.5345	-2187.0849	56.689549	-2236.2341	-2174.4703	-2174.4708
264	264	-2858.1527	-2815.1439	-2818.8839	43.008834	-2854.3912	-2806.0686	-2806.0702
265	265	-2621.7466	-2596.5471	-2600.1166	25.199521	-2617.9064	-2587.5732	-2587.5711
266	266	-2387.0684	-2387.4663	-2390.5719	-0.39791096	-2383.1504	-2372.2279	-2378.0575
267	267	-2126.5155	-2112.5792	-2115.5673	13.936345	-2122.472	-2099.9465	-2103.2011
268	268	-2370.0066	-2361.8843	-2365.432	8.1223249	-2366.1228	-2352.6496	-2352.6501
269	269	-1951.3874	-1935.4068	-1938.9247	15.980611	-1947.2594	-1925.9338	-1925.9322
270	270	-1481.2686	-1403.747	-1407.2747	77.521586	-1476.9358	-1394.2059	-1394.2051
271	271	-2420.3762	-2382.4213	-2385.9671	37.954962	-2416.4595	-2373.4007	-2373.3972
272	272	-2484.1738	-2461.09	-2464.6195	23.083744	-2480.3003	-2451.9893	-2451.9888
273	273	-2778.3923	-2781.4091	-2782.6573	-3.0168593	-2774.5983	-2772.4658	-2772.1675
274	274	-2315.0193	-2255.047	-2258.5997	59.972306	-2311.0571	-2246.0389	-2246.039
275	275	-1965.7244	-1954.9405	-1958.463	10.783827	-1961.6148	-1945.4833	-1945.4833
276	276	-1517.7341	-1488.442	-1491.9693	29.292086	-1513.4076	-1478.7973	-1478.7982
277	277	-2905.287	-2864.7055	-2868.2516	40.581499	-2901.5147	-2855.9024	-2855.9023
278	278	-2240.1802	-2210.4511	-2213.9389	29.729134	-2236.182	-2201.2364	-2201.2372
279	279	-1671.502	-1636.9512	-1640.6564	34.55084	-1667.2669	-1627.2456	-1627.2387
280	280	-2832.5797	-2821.2978	-2824.8416	11.281884	-2828.8239	-2812.2884	-2812.2867
281	281	-2039.8238	-2013.3106	-2016.8537	26.513226	-2035.7258	-2003.9778	-2003.9767
282	282	-2474.2557	-2466.805	-2470.3657	7.4507524	-2470.3784	-2457.6222	-2457.6237
283	283	-2273.5959	-2262.4132	-2265.9283	11.182633	-2269.6478	-2253.1486	-2253.1495
284	284	-2351.7538	-2337.0443	-2340.6005	14.709475	-2347.83	-2327.8406	-2327.8402
285	285	-3113.5671	-3111.2212	-3115.0971	2.3459234	-3109.8282	-3099.0619	-3098.6232
286	286	-2338.8268	-2315.7631	-2320.3394	23.063691	-2334.8884	-2304.7348	-2304.7309
287	287	-1221.3832	-1212.1117	-1215.5985	9.2714595	-1216.8314	-1202.0789	-1202.0794
288	288	-2159.4671	-2145.1319	-2148.6616	14.335197	-2155.4661	-2134.9732	-2135.8597
289	289	-2617.6259	-2594.212	-2597.7687	23.413897	-2613.7917	-2585.2032	-2585.2038
290	290	-1624.96	-1565.9992	-1569.5275	58.960764	-1620.6815	-1556.5612	-1556.561
291	291	-1993.2122	-1975.8081	-1979.361	17.404112	-1989.1099	-1966.0617	-1966.4317
292	292	-3065.4506	-3051.1141	-3054.6477	14.336511	-3061.7248	-3042.1938	-3042.1942
293	293	-1830.0506	-1807.8688	-1811.412	22.181804	-1825.8632	-1797.7537	-1798.3962
294	294	-1377.5318	-1347.7608	-1351.2956	29.770981	-1373.1094	-1337.9961	-1337.9952
295	295	-2167.1689	-2136.8108	-2140.3445	30.358107	-2163.1632	-2127.5991	-2127.5991
296	296	-2748.7873	-2714.6374	-2718.4571	34.149898	-2745.0075	-2705.2188	-2705.2175
297	297	-2709.2486	-2704.5421	-2708.8699	4.7065081	-2705.4502	-2693.8086	-2693.8088
298	298	-2381.297	-2365.2752	-2368.8276	16.021827	-2377.3855	-2356.1317	-2356.1319
299	299	-2306.4678	-2293.0174	-2296.7272	13.450397	-2302.5086	-2282.6616	-2283.395
300	300	-2855.8123	-2823.0629	-2826.6103	32.749357	-2852.0544	-2814.2291	-2814.2277
301	301	-1890.5699	-1856.464	-1860.0256	34.105961	-1886.4131	-1847.0915	-1847.0902
302	302	-2722.8359	-2725.4324	-2727.0932	-2.5964861	-2719.0551	-2714.3019	-2715.8621
303	303	-2321.0707	-2319.3142	-2323.024	1.7564971	-2317.1372	-2306.568	-2309.727
304	304	-2267.2327	-2269.7448	-2271.485	-2.5120896	-2263.2708	-2260.9876	-2260.9792
305	305	-1510.459	-1476.1247	-1479.6657	34.334348	-1506.1398	-1466.5172	-1466.5185
306	306	-2482.3146	-2452.469	-2456.0064	29.845623	-2478.4356	-2443.4161	-2443.419
307	307	-3388.2157	-3368.4384	-3371.9862	19.777273	-3384.5595	-3359.6854	-3359.686
308	308	-2662.4941	-2649.4904	-2654.715	13.003722	-2658.6473	-2638.5396	-2638.728
309	309	-1652.2286	-1626.0649	-1629.602	26.163671	-1647.9788	-1616.5258	-1616.5256
310	310	-1535.9501	-1431.7642	-1435.2822	104.18591	-1531.6334	-1422.3231	-1422.3247
311	311	-3186.8822	-3185.7544	-3189.4567	1.1278148	-3183.1771	-3174.1257	-3174.624
312	312	-1798.8802	-1783.54	-1787.2721	15.340181	-1794.6957	-1774.0323	-1774.018
313	313	-2055.2033	-2052.6243	-2056.8149	2.5790744	-2051.157	-2041.9284	-2041.9235
314	314	-2770.1115	-2752.5398	-2756.3506	17.571706	-2766.3106	-2743.0695	-2743.069
315	315	-2347.273	-2314.0938	-2317.6404	33.179196	-2343.3029	-2304.9768	-2304.9781
316	316	-2183.8092	-2155.8902	-2159.4413	27.91901	-2179.794	-2146.6576	-2146.6593
317	317	-2458.4006	-2448.6546	-2452.1818	9.7460177	-2454.4694	-2439.4376	-2439.4362
318	318	-2257.2447	-2237.3867	-2240.9177	19.858055	-2253.2851	-2228.1791	-2228.1796
319	319	-3578.2741	-3559.573	-3563.1132	18.701148	-3574.6579	-3548.9544	-3550.8263
320	320	-2441.8094	-2413.799	-2417.3352	28.010395	-2437.9063	-2404.737	-2404.7372
321	321	-2171.397	-2162.6372	-2166.3101	8.7598347	-2167.3747	-2153.3873	-2153.3872
322	322	-3711.5244	-3690.4203	-3693.9693	21.104132	-3707.9295	-3681.7482	-3681.7484
323	323	-1277.6939	-1247.7855	-1251.3393	29.908335	-1273.1737	-1237.9038	-1237.904
324	324	-3016.6119	-3019.3231	-3020.8437	-2.7112728	-3012.875	-3012.2943	-3013.1857
325	325	-2330.7153	-2315.0246	-2318.7315	15.690688	-2326.7711	-2305.6332	-2305.6186
326	326	-2890.2106	-2879.9094	-2883.8679	10.301196	-2886.4597	-2869.8807	-2869.8665
327	327	-1738.4663	-1730.8446	-1735.1714	7.6217489	-1734.2563	-1719.906	-1719.9084
328	328	-2693.5547	-2685.3287	-2690.5272	8.2259144	-2689.7599	-2674.5991	-2674.5985
329	329	-1917.7938	-1887.2093	-1890.7568	30.584504	-1913.6722	-1877.8927	-1877.8933
330	330	-1806.4025	-1778.4807	-1782.0958	27.921849	-1802.2067	-1769.0706	-1769.0708
331	331	-2218.2884	-2170.6768	-2174.222	47.611607	-2214.3021	-2161.5754	-2161.5727
332	332	-1274.9963	-1211.1377	-1214.6251	63.858598	-1270.4849	-1201.3235	-1201.3235
333	333	-2463.0897	-2458.9501	-2462.6134	4.1396288	-2459.1985	-2448.1084	-2449.8077
334	334	-2612.0855	-2598.6114	-2602.16	13.474069	-2608.2541	-2589.5392	-2589.5412
335	335	-2341.5716	-2317.7514	-2321.266	23.820173	-2337.6122	-2308.5726	-2308.5736
336	336	-2150.3509	-2118.7117	-2122.247	31.639207	-2146.3091	-2109.475	-2109.4745
337	337	-3441.0407	-3433.6171	-3437.1858	7.4236378	-3437.401	-3424.7944	-3424.7935
338	338	-2830.7036	-2788.8167	-2792.3913	41.886893	-2826.9327	-2780.0304	-2780.0304
339	339	-1493.7931	-1472.9084	-1476.4626	20.88468	-1489.4777	-1463.2118	-1463.2121
340	340	-1997.5418	-1947.5905	-1951.1457	49.951276	-1993.4438	-1938.366	-1938.3684
341	341	-2129.0045	-2092.4316	-2095.9584	36.572955	-2124.9703	-2083.2047	-2083.2044
342	342	-1879.6159	-1815.9251	-1819.5197	63.690828	-1875.4455	-1806.6813	-1806.6817
343	343	-1293.5877	-1258.8104	-1262.3002	34.777257	-1289.0964	-1248.9282	-1248.928
344	344	-4274.5327	-4270.7837	-4274.3043	3.7490655	-4271.101	-4262.1429	-4262.1417
345	345	-1669.7265	-1649.5476	-1653.262	20.178917	-1665.4747	-1639.926	-1639.9151
346	346	-2559.6491	-2543.1395	-2546.6439	16.509536	-2555.7827	-2533.9292	-2534.0242
347	347	-2239.0581	-2210.1362	-2213.6699	28.92194	-2235.1031	-2200.9767	-2200.9765
348	348	-1657.3641	-1626.4217	-1629.9841	30.942396	-1653.0996	-1616.9512	-1616.9533
349	349	-1819.3064	-1811.2566	-1815.6992	8.0498104	-1815.0874	-1800.4888	-1800.489
350	350	-2246.1144	-2214.887	-2218.4723	31.22734	-2242.1577	-2205.7538	-2205.7554
351	351	-2183.9986	-2169.4954	-2173.0262	14.503242	-2180.0017	-2160.1914	-2160.1926
352	352	-3149.9408	-3118.6067	-3122.2151	31.334074	-3146.2267	-3109.926	-3109.924
353	353	-3073.2406	-3048.9824	-3052.7204	24.258212	-3069.4785	-3039.7143	-3039.6921
354	354	-3086.2949	-3084.1582	-3088.5112	2.1366402	-3082.6187	-3073.197	-3073.1434
355	355	-3454.6382	-3427.0785	-3430.5974	27.559675	-3451.003	-3418.3562	-3418.3558
356	356	-2177.0967	-2166.5423	-2168.5326	10.554463	-2173.1087	-2152.1994	-2157.2431
357	357	-1128.8455	-1090.563	-1094.0969	38.282484	-1124.1553	-1080.5064	-1080.5088
358	358	-1952.0182	-1951.4522	-1954.703	0.56600737	-1947.9166	-1941.7014	-1941.6556
359	359	-3668.3146	-3653.193	-3656.7255	15.121608	-3664.7301	-3644.4974	-3644.4976
360	360	-1987.247	-1955.3453	-1958.8958	31.90171	-1983.1486	-1945.3391	-1946.0535
361	361	-2551.4471	-2532.8965	-2536.4302	18.550634	-2547.5895	-2523.8301	-2523.8301
362	362	-3449.993	-3439.4476	-3443.2399	10.54543	-3446.3687	-3429.9031	-3430.3243
363	363	-1933.618	-1924.4551	-1928.0106	9.1629792	-1929.5107	-1914.9886	-1914.9871
364	364	-3371.169	-3372.5602	-3375.1152	-1.3911664	-3367.5209	-3362.7303	-3362.7359
365	365	-3107.926	-3081.3049	-3084.9753	26.621025	-3104.2281	-3072.4312	-3072.4308
366	366	-1729.5919	-1690.6749	-1694.2021	38.917014	-1725.3908	-1681.2534	-1681.253
367	367	-1449.7245	-1421.5771	-1424.7851	28.147471	-1445.3419	-1408.839	-1411.8658
368	368	-3010.098	-2996.4422	-3000.5981	13.655704	-3006.3367	-2986.6542	-2986.6562
369	369	-2871.4454	-2862.1482	-2865.6975	9.2971156	-2867.6984	-2853.1069	-2853.108
370	370	-1541.9198	-1516.579	-1520.2954	25.340857	-1537.6253	-1506.8376	-1506.841
371	371	-3377.3611	-3379.8625	-3381.6111	-2.5013612	-3373.7194	-3372.1424	-3372.1367
372	372	-2208.834	-2152.851	-2156.3816	55.983032	-2204.8084	-2143.7577	-2143.7582
373	373	-2721.4746	-2693.1778	-2696.7137	28.296881	-2717.6571	-2684.224	-2684.225
374	374	-1990.9343	-1914.746	-1918.2712	76.188382	-1986.859	-1905.6028	-1905.6025
375	375	-3431.3277	-3434.0372	-3435.546	-2.7094526	-3427.7143	-3427.411	-3427.4043
376	376	-2515.8033	-2510.253	-2513.796	5.550329	-2511.927	-2501.0469	-2501.047
377	377	-1767.3418	-1704.65	-1708.1842	62.69174	-1763.127	-1695.3456	-1695.346
378	378	-2355.3193	-2346.1532	-2349.7077	9.1660346	-2351.3832	-2332.6837	-2336.925
379	379	-2768.0413	-2767.6591	-2771.0039	0.3822255	-2764.2372	-2758.5199	-2758.5179
380	380	-3089.5862	-3086.1622	-3090.3557	3.423999	-3085.9066	-3073.9628	-3073.9534
381	381	-2153.2938	-2107.8629	-2111.3676	45.430845	-2149.2947	-2098.7043	-2098.7048
382	382	-2018.4453	-2001.1665	-2004.8031	17.278856	-2014.3656	-1991.8791	-1991.8446
383	383	-3104.4784	-3107.1704	-3108.6812	-2.6920296	-3100.7469	-3094.2494	-3101.1649
384	384	-3443.1993	-3439.5719	-3443.1554	3.627374	-3439.5507	-3430.6903	-3430.69
385	385	-2711.8428	-2694.6741	-2698.2255	17.168779	-2708.0364	-2685.6452	-2685.649
386	386	-2183.5261	-2166.8166	-2170.3713	16.709469	-2179.5343	-2157.5421	-2157.5426
387	387	-2229.0358	-2201.7328	-2205.2619	27.302938	-2225.055	-2192.5379	-2192.539
388	388	-2422.5935	-2418.1381	-2421.8	4.45544	-2418.697	-2408.9941	-2408.9948
389	389	-3027.2326	-3025.315	-3029.2214	1.9175946	-3023.5256	-3014.8662	-3015.6079
390	390	-3421.0466	-3405.5506	-3409.2805	15.495991	-3417.414	-3396.5476	-3396.5355
391	391	-3216.9103	-3219.1168	-3221.1594	-2.2065148	-3213.224	-3206.5842	-3209.7272
392	392	-2048.4532	-2038.7177	-2042.4063	9.7355496	-2044.3866	-2029.4144	-2029.4129
393	393	-2699.3354	-2689.7607	-2694.2633	9.5746507	-2695.5463	-2678.7604	-2678.7555
394	394	-2439.9952	-2413.0815	-2416.9378	26.913685	-2436.0862	-2403.289	-2403.2881
395	395	-1995.3184	-1978.2861	-1981.8248	17.032346	-1991.2278	-1968.9006	-1968.9005
396	396	-2705.7387	-2689.3378	-2692.9065	16.400921	-2701.9204	-2680.3298	-2680.3299
397	397	-1558.8066	-1536.714	-1540.2534	22.092694	-1554.546	-1527.1083	-1527.1064
398	398	-3078.229	-3077.8771	-3081.172	0.35188753	-3074.4499	-3068.7998	-3068.8017
399	399	-2256.6965	-2241.0436	-2244.5574	15.652891	-2252.7422	-2229.3279	-2231.8005
400	400	-3410.8373	-3400.0253	-3403.5926	10.811992	-3407.1773	-3391.209	-3391.2092
401	401	-2499.2943	-2491.9418	-2495.4527	7.3524369	-2495.4189	-2482.7212	-2482.7222
402	402	-3136.8441	-3139.4722	-3141.1126	-2.6280187	-3133.1414	-3128.7448	-3128.8852
403	403	-1965.1047	-1962.3212	-1966.0602	2.783518	-1961.0269	-1952.7373	-1952.7327
404	404	-2432.728	-2410.8909	-2414.4034	21.83708	-2428.8169	-2401.7039	-2401.7591
405	405	-3132.4064	-3132.1212	-3136.6114	0.28524694	-3128.6828	-3111.6325	-3122.9369
406	406	-2079.3959	-2079.7929	-2082.8819	-0.39699955	-2075.366	-2070.3266	-2070.326
407	407	-1907.3132	-1895.6004	-1899.151	11.712808	-1903.1726	-1886.0825	-1886.0822
408	408	-1815.8642	-1788.6091	-1792.1258	27.255053	-1811.6741	-1779.177	-1779.1767
409	409	-2201.1679	-2171.8556	-2176.7225	29.312266	-2197.1459	-2161.0697	-2161.0683
410	410	-2634.9695	-2619.8028	-2623.3356	15.166711	-2631.1508	-2610.7147	-2610.714
411	411	-2204.8039	-2162.0196	-2165.5732	42.784324	-2200.7892	-2152.8694	-2152.869
412	412	-2241.2336	-2236.185	-2244.3542	5.048629	-2237.2759	-2223.1501	-2223.1498
413	413	-2002.6597	-1987.7109	-1991.2843	14.948854	-1998.5766	-1978.333	-1978.3335
414	414	-2879.7971	-2871.8749	-2875.6603	7.9222209	-2876.0578	-2858.9927	-2861.9193
415	415	-2660.7242	-2647.3465	-2650.9254	13.377659	-2656.8992	-2638.2882	-2638.2876
416	416	-1906.66	-1867.4826	-1871.0067	39.177417	-1902.4954	-1858.1006	-1858.0999
417	417	-1832.7864	-1774.8969	-1778.4486	57.889456	-1828.6034	-1765.6389	-1765.636
418	418	-3843.0578	-3823.4105	-3826.9683	19.647277	-3839.5123	-3813.8874	-3814.8102
419	419	-2437.7587	-2411.7912	-2415.3362	25.967442	-2433.8471	-2402.7024	-2402.7017
420	420	-2003.5364	-1977.2201	-1980.7555	26.316297	-1999.46	-1967.8966	-1967.8965
421	421	-2500.9743	-2489.2343	-2493.3732	11.739931	-2497.097	-2479.2009	-2479.2
422	422	-3221.946	-3215.4401	-3218.9687	6.5059053	-3218.233	-3206.4981	-3206.4983
423	423	-1962.9156	-1938.3662	-1941.9007	24.549449	-1958.8289	-1929.0008	-1929.0011
424	424	-3221.5404	-3223.4119	-3225.5669	-1.8715477	-3217.8356	-3213.9865	-3215.2655
425	425	-2546.0929	-2515.0384	-2518.5893	31.054415	-2542.2155	-2506.0021	-2506.0012
426	426	-1646.3644	-1606.1533	-1609.7992	40.211099	-1642.125	-1596.7726	-1596.7721
427	427	-2434.8133	-2432.1152	-2435.6659	2.6981326	-2430.9018	-2422.8562	-2422.8557
428	428	-2165.5608	-2144.042	-2147.5535	21.518757	-2161.556	-2134.786	-2134.786
429	429	-2422.4459	-2383.6991	-2387.744	38.74673	-2418.5268	-2373.932	-2373.9202
430	430	-1478.4925	-1454.1075	-1457.6844	24.385063	-1474.1496	-1444.4365	-1444.4361
431	431	-2674.7288	-2645.6751	-2649.5165	29.05369	-2670.8864	-2636.0267	-2636.0066
432	432	-3540.9603	-3514.5835	-3518.1098	26.376797	-3537.3287	-3505.9108	-3505.9111
433	433	-1792.7158	-1795.2415	-1796.9572	-2.5257022	-1788.5109	-1787.424	-1787.3947
434	434	-3513.8644	-3509.4111	-3512.9772	4.4533399	-3510.2347	-3500.5697	-3500.5658
435	435	-2179.8333	-2163.1242	-2166.6485	16.709125	-2175.8324	-2153.8481	-2153.8553
436	436	-2254.8619	-2252.9871	-2256.5142	1.8748207	-2250.8988	-2243.6204	-2243.6216
437	437	-1863.1267	-1811.6434	-1815.1242	51.483317	-1858.9334	-1802.3129	-1802.3136
438	438	-2011.2123	-1982.1752	-1985.6903	29.037173	-2007.1037	-1972.8268	-1972.8276
439	439	-3259.8088	-3244.0001	-3247.6907	15.808698	-3256.1311	-3235.0586	-3235.0562
440	440	-2625.1072	-2583.484	-2587.0526	41.623114	-2621.246	-2574.5596	-2574.561
441	441	-2913.2282	-2902.2584	-2905.7917	10.96981	-2909.4777	-2893.2634	-2893.2625
442	442	-1856.2629	-1844.5096	-1848.0484	11.753364	-1852.1169	-1835.0154	-1835.0156
443	443	-1941.6733	-1885.3786	-1889.6353	56.294766	-1937.5439	-1874.6793	-1874.6752
444	444	-2574.8761	-2577.0353	-2579.1119	-2.1591589	-2571.0497	-2566.8613	-2567.7131
445	445	-2705.8796	-2680.1211	-2683.6604	25.758491	-2702.0675	-2671.1611	-2671.1617
446	446	-2440.4202	-2434.4096	-2437.9274	6.0106166	-2436.5352	-2424.3992	-2425.1564
447	447	-1816.1205	-1795.619	-1799.2207	20.501466	-1811.8979	-1786.1817	-1786.1824
448	448	-2130.4102	-2093.6348	-2097.1887	36.775366	-2126.3609	-2084.4459	-2084.4442
449	449	-2344.5801	-2328.346	-2331.8832	16.234058	-2340.6602	-2319.171	-2319.171
450	450	-1489.1902	-1471.1391	-1475.037	18.051111	-1484.8834	-1461.2865	-1461.0207
451	451	-1644.2594	-1569.5981	-1573.1465	74.661297	-1639.9873	-1560.2104	-1560.2093
452	452	-2690.7755	-2689.7512	-2693.2822	1.0242971	-2686.9468	-2678.7071	-2680.5342
453	453	-2012.5052	-1976.2745	-1979.8295	36.230725	-2008.4253	-1967.0215	-1967.0231
454	454	-1996.8847	-1968.1965	-1971.925	28.68817	-1992.7995	-1958.5677	-1958.5677
455	455	-1921.3858	-1868.2398	-1871.7829	53.145946	-1917.2206	-1858.9267	-1858.9272
456	456	-2345.5258	-2330.7825	-2334.3323	14.743264	-2341.5659	-2321.5634	-2321.5633
457	457	-1547.2813	-1510.7037	-1514.2451	36.577581	-1542.9907	-1501.1366	-1501.1361
458	458	-2375.6613	-2363.2186	-2366.7485	12.442709	-2371.7456	-2354.0296	-2354.0295
459	459	-2498.7874	-2448.0055	-2451.5558	50.781935	-2494.8727	-2439.0508	-2439.05
460	460	-1758.2683	-1734.8841	-1738.376	23.384211	-1754.0532	-1725.3786	-1725.3773
461	461	-1850.5792	-1803.9968	-1807.5572	46.582389	-1846.3727	-1794.6431	-1794.6431
462	462	-1353.2611	-1332.1884	-1335.7009	21.07276	-1348.8405	-1322.3796	-1322.3809
463	463	-2678.9628	-2619.8287	-2623.3798	59.13408	-2675.112	-2610.9863	-2610.9866
464	464	-1958.8437	-1943.3162	-1946.861	15.527577	-1954.7267	-1933.8966	-1933.896
465	465	-1216.7929	-1175.7886	-1179.3477	41.00428	-1212.205	-1165.8957	-1165.895
466	466	-2721.8149	-2709.3644	-2712.9402	12.450493	-2718.0136	-2700.3615	-2700.3607
467	467	-2684.8637	-2672.0101	-2675.581	12.853591	-2681.0334	-2662.9763	-2662.9745
468	468	-2599.5828	-2581.3122	-2585.4296	18.270637	-2595.7253	-2571.3146	-2571.3055
469	469	-3035.3208	-3005.66	-3009.3902	29.660791	-3031.6106	-2996.4924	-2996.4858
470	470	-2121.1959	-2079.2817	-2082.8312	41.914201	-2117.1597	-2070.0766	-2070.0754
471	471	-2797.8023	-2799.9093	-2801.9464	-2.1070143	-2794.0382	-2791.2011	-2791.1992
472	472	-4052.2312	-4050.1766	-4053.8181	2.0546433	-4048.7359	-4039.5295	-4040.6925
473	473	-3268.2787	-3256.1687	-3259.6969	12.110024	-3264.5859	-3247.2865	-3247.2862
474	474	-1749.518	-1748.1863	-1752.3925	1.3317852	-1745.3051	-1737.1729	-1737.1726
475	475	-2419.7571	-2399.0025	-2402.5248	20.754593	-2415.8467	-2389.8689	-2389.8689
476	476	-1819.8925	-1776.1391	-1779.6899	43.753354	-1815.7108	-1766.7875	-1766.7863
477	477	-2843.2407	-2816.3775	-2821.5378	26.863173	-2839.4636	-2805.8192	-2805.8188
478	478	-2631.5883	-2597.3165	-2600.8683	34.27186	-2627.7519	-2588.3972	-2588.3979
479	479	-3585.8001	-3571.571	-3575.2835	14.229076	-3582.2118	-3562.7459	-3562.6626
480	480	-2544.7904	-2532.3298	-2536.197	12.460606	-2540.9355	-2522.4975	-2522.4968
481	481	-2640.0948	-2625.0369	-2628.5669	15.057991	-2636.2605	-2615.9534	-2615.9535
482	482	-3389.9749	-3390.6445	-3393.512	-0.66965281	-3386.3965	-3380.5336	-3380.5029
483	483	-1920.5936	-1897.0746	-1900.7349	23.518985	-1916.4401	-1887.7683	-1887.7673
484	484	-2072.2194	-2060.5369	-2064.069	11.682533	-2068.153	-2051.1272	-2051.128
485	485	-1655.964	-1603.385	-1606.9296	52.578944	-1651.7117	-1593.9629	-1593.9627
486	486	-3360.8836	-3355.1786	-3358.6046	5.7050435	-3357.2275	-3345.6721	-3345.6706
487	487	-2243.8708	-2226.7842	-2230.9812	17.086552	-2239.8898	-2216.4823	-2216.4859
488	488	-3949.1135	-3928.3297	-3931.8836	20.783796	-3945.5862	-3919.7392	-3919.7373
489	489	-2612.6986	-2593.7545	-2597.2744	18.94411	-2608.863	-2584.6977	-2584.698
490	490	-1886.4836	-1869.9146	-1873.4716	16.568929	-1882.3203	-1860.4568	-1860.458
491	491	-3506.2149	-3495.6153	-3499.1955	10.599622	-3502.5712	-3486.8096	-3486.8089
492	492	-3733.4325	-3731.3054	-3734.8205	2.127087	-3729.8426	-3721.8728	-3722.3807
493	493	-2447.6874	-2443.8958	-2447.2303	3.7916326	-2443.7511	-2435.3324	-2435.3329
494	494	-2495.744	-2465.8482	-2470.0933	29.895788	-2491.8557	-2455.3961	-2455.3754
495	495	-1216.1005	-1167.6995	-1171.2145	48.400943	-1211.5407	-1157.8106	-1157.8099
496	496	-3504.5611	-3499.8397	-3503.3771	4.7213619	-3500.9299	-3490.9379	-3490.963
497	497	-2081.0505	-2060.3971	-2063.9273	20.653465	-2077.013	-2051.0929	-2051.0925
498	498	-2566.6687	-2546.8818	-2550.4106	19.786864	-2562.7851	-2537.8128	-2537.8127
499	499	-1283.1478	-1244.4016	-1247.945	38.74623	-1278.6415	-1234.5553	-1234.5552
