No.	ID	loglik_NUll	loglik_RES	loglik_all	log_ratio	loglik_Max1	loglik_Max2	loglik_Max3
0	0	-4168.5836	-4167.091	-4123.2171	1.4926574	-4148.928	-4104.8142	-4146.0677
1	1	-3071.4509	-3071.3958	-2987.8071	0.055083721	-3051.3624	-2974.2798	-3051.7868
2	2	-2727.4987	-2732.7881	-2641.8985	-5.2894803	-2708.9659	-2628.1647	-2708.8725
3	3	-3317.2979	-3309.1738	-3164.9835	8.1241202	-3297.3796	-3151.5022	-3290.0149
4	4	-3754.5433	-3734.4752	-3585.8671	20.068048	-3736.2948	-3572.6797	-3715.423
5	5	-3476.1619	-3457.9279	-3312.8452	18.234016	-3456.5026	-3299.4516	-3438.8578
6	6	-3286.3157	-3286.0746	-3207.2946	0.24111569	-3266.9501	-3193.9034	-3265.7266
7	7	-3322.1281	-3317.1941	-3215.4237	4.9340231	-3303.5453	-3202.048	-3298.3434
8	8	-5150.6476	-5126.9167	-4978.8274	23.730901	-5132.7084	-4965.6131	-5108.5635
9	9	-4301.504	-4290.9337	-4226.5323	10.570322	-4283.3387	-4213.6082	-4272.5419
10	10	-3972.5579	-3952.1403	-3812.8935	20.41764	-3954.3681	-3799.736	-3933.4334
11	11	-2535.6555	-2531.3486	-2430.9712	4.3068965	-2516.0781	-2417.1001	-2524.5092
12	12	-3599.5321	-3586.7099	-3430.7123	12.822139	-3581.1004	-3417.3696	-3567.7293
13	13	-3382.7608	-3380.7894	-3283.4752	1.9713819	-3364.7601	-3270.0978	-3362.1527
14	14	-4167.9686	-4133.4729	-4008.9641	34.495665	-4149.8718	-3995.9571	-4114.7676
15	15	-4003.5295	-3990.6188	-3913.2025	12.910698	-3985.509	-3900.1905	-3971.956
16	16	-3028.0649	-3035.395	-2970.9895	-7.3301434	-3007.097	-2954.6952	-3028.8021
17	17	-3714.1298	-3688.2136	-3513.7701	25.91619	-3695.7957	-3500.486	-3669.309
18	18	-3773.6504	-3773.6402	-3716.3369	0.010141512	-3755.5232	-3703.2022	-3755.6639
19	19	-3007.6259	-3007.5855	-2911.8489	0.04048216	-2988.6596	-2898.2997	-2989.076
20	20	-3885.6709	-3881.9246	-3803.9936	3.7462818	-3867.4757	-3790.8655	-3863.1471
21	21	-4125.246	-4104.4945	-3995.0054	20.751541	-4107.2148	-3981.9878	-4085.9
22	22	-3449.1185	-3448.9104	-3354.4667	0.2081837	-3431.182	-3341.126	-3431.2277
23	23	-3491.8649	-3488.4997	-3393.4159	3.3651122	-3473.6771	-3380.0787	-3469.3888
24	24	-3610.4078	-3609.3852	-3508.08	1.0225852	-3592.0643	-3494.8116	-3590.6253
25	25	-4664.6626	-4646.5351	-4542.8424	18.127474	-4646.6223	-4530.0496	-4628.0765
26	26	-4221.3735	-4220.3844	-4138.9745	0.98916273	-4203.0445	-4125.9981	-4201.9861
27	27	-5674.029	-5656.9021	-5631.4308	17.126919	-5656.6807	-5617.7472	-5638.8177
28	28	-3318.838	-3316.1913	-3210.0524	2.6467901	-3300.3788	-3196.6167	-3297.2311
29	29	-3221.0469	-3218.6174	-3129.7018	2.4295454	-3202.6641	-3116.2865	-3199.5519
30	30	-4788.5735	-4753.0677	-4597.6648	35.505759	-4770.6464	-4584.9276	-4734.6653
31	31	-3306.1766	-3292.4036	-3160.8665	13.77305	-3287.7771	-3147.4191	-3273.3816
32	32	-2942.5173	-2943.0781	-2871.4917	-0.5607579	-2923.4648	-2856.8053	-2923.8831
33	33	-2549.4432	-2549.4312	-2441.9854	0.011965659	-2530.7086	-2428.1032	-2531.1286
34	34	-4849.3615	-4806.1639	-4671.861	43.197544	-4831.2591	-4659.1458	-4787.8343
35	35	-3205.8099	-3199.8889	-3100.8768	5.9209742	-3186.4082	-3087.4582	-3180.8389
36	36	-2585.7392	-2561.4092	-2476.2945	24.329992	-2549.1729	-2456.3632	-2552.513
37	37	-3612.7938	-3609.689	-3513.6203	3.1048216	-3594.7062	-3500.365	-3590.9517
38	38	-3584.3673	-3558.6662	-3432.7779	25.701072	-3564.671	-3419.4832	-3538.6578
39	39	-3304.5548	-3300.1983	-3211.9068	4.356438	-3286.0839	-3198.5417	-3281.1981
40	40	-3736.4141	-3721.0595	-3630.0744	15.354681	-3717.7651	-3616.8955	-3702.3376
41	41	-4159.53	-4129.676	-4000.2997	29.854052	-4141.4476	-3987.2893	-4111.0625
42	42	-2764.817	-2764.9045	-2669.7841	-0.087541888	-2744.187	-2656.0722	-2744.6076
43	43	-3461.3532	-3460.3581	-3403.8737	0.99504336	-3442.6117	-3390.6102	-3439.7557
44	44	-3706.3803	-3706.3436	-3668.7313	0.036717979	-3686.7588	-3652.9103	-3687.2315
45	45	-3833.9487	-3833.592	-3758.6533	0.35674619	-3815.4602	-3745.4814	-3814.7758
46	46	-3480.7748	-3477.2877	-3354.3928	3.4871716	-3462.5476	-3341.1031	-3458.3179
47	47	-3040.7861	-3035.4517	-2911.2311	5.3343517	-3022.3403	-2897.6176	-3016.145
48	48	-4036.6307	-4035.8161	-4003.28	0.81462025	-4018.0862	-3990.1179	-4016.4122
49	49	-3553.4101	-3549.4203	-3505.705	3.9897027	-3532.815	-3490.6709	-3542.5475
50	50	-3310.9768	-3310.8548	-3217.4725	0.12202748	-3292.6997	-3204.0513	-3293.1233
51	51	-3806.7303	-3789.3499	-3693.3401	17.380386	-3788.1708	-3680.2406	-3769.5859
52	52	-3404.9476	-3389.518	-3254.3388	15.42961	-3386.2653	-3240.9294	-3370.5277
53	53	-4600.2732	-4583.2954	-4499.0182	16.977746	-4582.3026	-4486.199	-4564.8804
54	54	-3255.7317	-3253.6655	-3140.8319	2.0662624	-3237.2235	-3127.4124	-3234.8452
55	55	-3034.9852	-3030.6717	-2957.5284	4.3135013	-3014.3122	-2942.7653	-3023.0061
56	56	-3550.797	-3543.8922	-3440.2739	6.9048141	-3532.4031	-3426.9358	-3525.0029
57	57	-3748.8109	-3749.0606	-3695.5788	-0.24967108	-3730.9938	-3679.7284	-3730.4578
58	58	-3867.0539	-3866.1141	-3806.7608	0.9398038	-3847.1083	-3793.6638	-3846.4695
59	59	-4026.8445	-4019.6887	-3957.8489	7.1558559	-4009.117	-3944.8288	-4001.0803
60	60	-3321.346	-3320.1864	-3200.4688	1.1595975	-3302.7317	-3187.0695	-3301.2996
61	61	-3528.4488	-3523.1924	-3435.7035	5.2563744	-3510.4738	-3422.3917	-3504.4635
62	62	-3345.9335	-3345.6106	-3237.252	0.3229351	-3326.8949	-3222.7025	-3327.3417
63	63	-2982.7722	-2981.4716	-2867.3126	1.3005813	-2964.1786	-2853.6652	-2962.8119
64	64	-3265.3776	-3258.0273	-3098.018	7.3503549	-3246.5593	-3084.4472	-3238.7891
65	65	-3053.0253	-3050.9875	-2974.3803	2.0378107	-3035.0206	-2958.3615	-3044.4567
66	66	-2878.7227	-2856.2036	-2823.3716	22.519186	-2874.9232	-2807.1503	-2849.4477
67	67	-2765.0097	-2760.0552	-2677.9483	4.9545144	-2746.5465	-2664.2374	-2753.3564
68	68	-3261.033	-3260.8573	-3224.3556	0.17571631	-3242.788	-3208.2059	-3242.7926
69	69	-3651.6276	-3651.5336	-3589.942	0.093966764	-3633.5278	-3576.7449	-3632.2976
70	70	-2988.328	-2988.2611	-2918.9467	0.066907749	-2967.4132	-2905.408	-2966.6966
71	71	-4087.1396	-4074.8601	-3962.5976	12.279475	-4069.0642	-3949.5685	-4056.1506
72	72	-3065.1863	-3056.0048	-2944.7644	9.1814918	-3046.594	-2931.1846	-3036.7655
73	73	-3994.0986	-3982.5137	-3903.0849	11.58487	-3976.1428	-3890.0463	-3963.8885
74	74	-4515.41	-4413.2138	-4044.9824	102.19628	-4496.8815	-4031.8278	-4394.3873
75	75	-2876.5096	-2873.2621	-2739.0069	3.2475171	-2857.5872	-2725.2157	-2853.8691
76	76	-3073.9898	-3073.9269	-2985.0964	0.062950049	-3054.5458	-2971.5887	-3054.9782
77	77	-3745.8182	-3744.588	-3698.8508	1.2301652	-3727.9207	-3685.6809	-3726.1351
78	78	-2982.417	-2982.3272	-2905.4184	0.089792539	-2964.3344	-2891.855	-2964.7532
79	79	-3997.3464	-3994.6144	-3918.6405	2.7319415	-3979.5751	-3905.6164	-3975.9036
80	80	-3711.1593	-3690.4106	-3479.2609	20.748702	-3692.3007	-3465.8389	-3671.2892
81	81	-4353.9829	-4353.3049	-4283.0572	0.67804569	-4335.8107	-4270.1391	-4335.1456
82	82	-3645.3388	-3644.1123	-3591.9662	1.2264976	-3626.3236	-3578.7462	-3625.3038
83	83	-3349.9443	-3349.4865	-3274.2621	0.4578226	-3331.4911	-3260.8949	-3330.0852
84	84	-3512.7635	-3504.3643	-3409.0288	8.399213	-3494.6653	-3395.719	-3485.4269
85	85	-3120.6273	-3115.8304	-3007.6248	4.796911	-3102.2268	-2994.0377	-3096.8141
86	86	-3212.2255	-3212.681	-3126.9585	-0.45550183	-3192.3996	-3113.5459	-3192.8188
87	87	-4155.5299	-4149.8847	-4096.7743	5.6451669	-4137.7492	-4083.788	-4130.6243
88	88	-3921.7568	-3911.4057	-3832.1885	10.351091	-3903.4262	-3819.0835	-3892.6688
89	89	-4273.6038	-4271.865	-4229.9092	1.7387727	-4254.9695	-4216.9691	-4252.4574
90	90	-2973.1408	-2970.7762	-2853.0066	2.3646509	-2954.2164	-2839.3318	-2951.4434
91	91	-3617.7655	-3617.734	-3579.3789	0.03150173	-3599.6261	-3566.1668	-3598.2318
92	92	-3409.6304	-3405.3554	-3312.1017	4.2749994	-3391.1648	-3298.7157	-3385.8585
93	93	-2975.2541	-2975.4153	-2908.7091	-0.16119369	-2956.9487	-2895.165	-2956.243
94	94	-3149.1891	-3148.5325	-3050.5939	0.65660908	-3131.0625	-3037.0965	-3130.2506
95	95	-3239.701	-3239.6463	-3180.7519	0.054719367	-3220.4531	-3165.5055	-3220.8957
96	96	-3060.5743	-3023.5247	-2970.3656	37.049623	-3056.7977	-2955.3025	-3016.5831
97	97	-3144.9195	-3140.5756	-3025.5628	4.3439468	-3125.4547	-3012.0178	-3121.4047
98	98	-3709.1736	-3692.8005	-3579.8464	16.373047	-3690.9291	-3566.5515	-3673.7588
99	99	-3229.7195	-3229.4207	-3120.6882	0.29885608	-3211.4389	-3107.2862	-3210.8233
100	100	-3917.9649	-3905.4666	-3810.3273	12.498383	-3900.0771	-3797.2545	-3886.9941
101	101	-3271.4386	-3263.0012	-3215.9679	8.4374279	-3251.989	-3202.4215	-3251.569
102	102	-3055.6699	-3055.6217	-2977.522	0.04823239	-3036.9295	-2963.977	-3037.1512
103	103	-3613.1832	-3588.7651	-3398.0298	24.418098	-3594.6639	-3384.6559	-3569.7112
104	104	-2541.0088	-2541.0161	-2439.9641	-0.0072964887	-2520.4354	-2426.1099	-2520.8677
105	105	-4261.0601	-4256.3653	-4191.1271	4.6947448	-4243.0678	-4178.2206	-4237.8674
106	106	-4034.2297	-4022.5232	-3903.8453	11.706473	-4016.2344	-3890.7443	-4003.7865
107	107	-3228.6409	-3225.9789	-3147.9912	2.6620154	-3210.0936	-3134.6136	-3206.9488
108	108	-3373.2155	-3373.3305	-3306.322	-0.11501126	-3354.7711	-3292.942	-3355.1962
109	109	-3092.123	-3092.272	-3007.1368	-0.14903423	-3073.5109	-2993.6812	-3073.9555
110	110	-4224.7847	-4195.0715	-4092.2454	29.713233	-4206.4808	-4079.2973	-4176.5448
111	111	-4438.533	-4402.1129	-4196.0115	36.420032	-4420.1885	-4183.1209	-4383.5494
112	112	-2897.9246	-2897.8772	-2823.3363	0.047464921	-2879.27	-2809.7723	-2879.6883
113	113	-2918.6953	-2918.7306	-2829.1234	-0.03529011	-2899.4168	-2815.5787	-2899.8355
114	114	-3591.7002	-3588.8256	-3459.1906	2.8745878	-3573.2389	-3445.915	-3569.9097
115	115	-4201.5909	-4185.2235	-3991.9572	16.367407	-4183.3705	-3978.9491	-4165.5584
116	116	-3829.4468	-3829.7778	-3803.888	-0.33103531	-3811.4178	-3789.92	-3810.1939
117	117	-4683.1323	-4674.8437	-4638.2422	8.2885984	-4665.3708	-4625.395	-4656.4883
118	118	-3161.3998	-3158.7716	-3072.2509	2.6281645	-3142.5342	-3058.8061	-3139.4496
119	119	-3520.2632	-3505.886	-3395.5144	14.377231	-3501.9631	-3382.2081	-3486.9429
120	120	-4489.465	-4473.1414	-4371.8413	16.323653	-4470.5086	-4358.9961	-4454.5992
121	121	-2899.2105	-2897.0504	-2762.0656	2.1600847	-2880.2861	-2748.233	-2877.7487
122	122	-3682.4215	-3682.3606	-3594.7324	0.060908813	-3664.0889	-3581.5311	-3664.517
123	123	-3232.846	-3236.8348	-3165.8838	-3.988818	-3214.5346	-3152.4538	-3230.2375
124	124	-3162.9321	-3154.3794	-3064.3851	8.5526925	-3144.5069	-3050.8863	-3135.2758
125	125	-4015.5036	-4007.5059	-3902.8437	7.9977657	-3997.3466	-3889.7943	-3988.3255
126	126	-4473.6533	-4447.4838	-4303.3145	26.169492	-4455.6447	-4290.4368	-4428.6797
127	127	-4068.715	-4046.9725	-3923.6689	21.742471	-4050.6195	-3910.598	-4028.3339
128	128	-3434.3516	-3426.6625	-3304.6317	7.6890645	-3415.9955	-3291.2779	-3407.64
129	129	-3669.2074	-3649.8907	-3494.1198	19.316638	-3649.9249	-3480.8371	-3630.9584
130	130	-3515.0747	-3513.8571	-3456.7534	1.2175444	-3495.4956	-3443.535	-3495.0394
131	131	-3450.359	-3447.914	-3381.7941	2.4449825	-3432.2692	-3368.5175	-3429.0745
132	132	-2444.9663	-2445.2437	-2324.3714	-0.27734915	-2425.0098	-2310.2849	-2424.4446
133	133	-4589.0055	-4573.8933	-4497.0658	15.112225	-4571.0524	-4484.2398	-4555.5914
134	134	-3941.9338	-3938.4696	-3884.4656	3.4642466	-3923.8035	-3871.3647	-3919.8172
135	135	-3513.7906	-3503.9795	-3405.7159	9.8111546	-3495.4233	-3392.405	-3485.1494
136	136	-3751.0827	-3750.7597	-3678.5681	0.32304583	-3732.1222	-3665.4172	-3731.7318
137	137	-3034.2018	-3033.3684	-2955.542	0.83334459	-3014.6367	-2941.9971	-3014.7874
138	138	-3596.3296	-3588.1954	-3467.622	8.1341834	-3578.0798	-3454.3496	-3569.3515
139	139	-3609.1145	-3603.3732	-3440.6592	5.7413154	-3590.5619	-3427.34	-3583.4569
140	140	-4540.0784	-4522.5576	-4398.4524	17.520852	-4522.1778	-4385.6169	-4504.027
141	141	-3840.4449	-3836.458	-3800.3795	3.9869211	-3822.5988	-3787.2565	-3817.7194
142	142	-3643.4337	-3637.6964	-3532.653	5.7372413	-3625.0798	-3519.3759	-3618.8483
143	143	-3191.8882	-3191.7206	-3116.3465	0.16757081	-3172.6338	-3102.9111	-3172.6554
144	144	-3217.1984	-3216.8369	-3125.6787	0.36152854	-3198.5134	-3112.2442	-3198.9466
145	145	-2997.8672	-2997.1714	-2875.8676	0.69571112	-2979.0212	-2862.1997	-2978.5669
146	146	-3758.7974	-3757.62	-3708.2916	1.1773974	-3740.0149	-3695.1307	-3739.0094
147	147	-4179.6518	-4179.5754	-4147.0437	0.076392301	-4161.5732	-4133.4138	-4161.9904
148	148	-3764.6621	-3761.6555	-3700.7965	3.0065783	-3746.4715	-3687.6364	-3742.685
149	149	-4127.7498	-4092.2951	-3986.4089	35.454622	-4109.6722	-3973.3938	-4073.7192
150	150	-3076.3457	-3075.196	-2983.9308	1.1497785	-3057.5685	-2970.4655	-3055.4462
151	151	-2818.5916	-2818.5163	-2724.9982	0.075289187	-2798.0012	-2711.3339	-2798.4244
152	152	-3886.4114	-3879.7683	-3777.8605	6.6431353	-3867.2163	-3764.7589	-3860.2987
153	153	-4367.7356	-4369.4476	-4349.7749	-1.7120128	-4364.2962	-4332.633	-4359.3049
154	154	-3170.7285	-3170.8939	-3092.384	-0.16533722	-3152.2196	-3078.9155	-3152.6384
155	155	-4121.0236	-4104.1265	-4011.8255	16.897051	-4102.8376	-3998.7959	-4085.5385
156	156	-3630.7632	-3618.0743	-3465.2075	12.688876	-3612.4487	-3451.9146	-3599.0956
157	157	-3436.472	-3433.4507	-3320.1366	3.0213549	-3417.9846	-3306.7678	-3414.4503
158	158	-3254.913	-3240.5214	-3097.0011	14.391652	-3236.1332	-3083.4219	-3221.403
159	159	-3645.23	-3640.6826	-3531.9135	4.5473225	-3627.1231	-3518.6595	-3621.8283
160	160	-2776.874	-2776.5649	-2638.3309	0.3091128	-2757.9505	-2624.4818	-2758.3685
161	161	-3763.4563	-3750.7926	-3612.0585	12.663772	-3745.2269	-3598.8619	-3731.9523
162	162	-3280.5758	-3278.6274	-3185.8378	1.9483751	-3262.0086	-3172.3975	-3259.5478
163	163	-3148.5872	-3148.8048	-3076.8397	-0.21758101	-3128.8176	-3063.3487	-3129.2514
164	164	-3685.97	-3680.7278	-3613.695	5.2421857	-3667.7255	-3600.5096	-3662.0661
165	165	-3416.3854	-3416.4742	-3373.6062	-0.088807844	-3398.2459	-3359.4395	-3398.6546
166	166	-3942.452	-3926.3972	-3792.641	16.054823	-3923.7799	-3779.5463	-3907.7549
167	167	-4257.9854	-4249.0587	-4168.0699	8.9266842	-4239.9011	-4155.1422	-4230.4916
168	168	-3240.5143	-3240.2537	-3145.8837	0.26060783	-3222.2171	-3132.5225	-3221.7163
169	169	-4281.6987	-4281.2628	-4246.3455	0.43589435	-4263.9664	-4233.3712	-4260.34
170	170	-3399.5912	-3393.4133	-3297.356	6.1778865	-3381.0841	-3284.0011	-3373.6017
171	171	-3238.0268	-3233.509	-3132.5253	4.5177966	-3219.487	-3119.1176	-3214.1593
172	172	-3618.5872	-3616.7272	-3508.1684	1.8600093	-3599.8388	-3494.6053	-3597.2535
173	173	-2815.4447	-2815.2468	-2726.8757	0.19794519	-2796.7509	-2713.1971	-2797.1686
174	174	-3928.9397	-3923.4505	-3829.6278	5.4892588	-3910.6759	-3816.5249	-3904.7062
175	175	-4783.217	-4760.374	-4671.9901	22.843032	-4765.38	-4659.2521	-4742.0186
176	176	-3859.3382	-3859.1363	-3802.9686	0.20189806	-3841.3588	-3789.8439	-3841.3339
177	177	-3176.2345	-3169.4414	-3043.1338	6.7930594	-3157.73	-3029.6321	-3150.2201
178	178	-4295.352	-4294.7238	-4260.3584	0.62824323	-4277.6579	-4244.8368	-4276.514
179	179	-4061.1563	-4059.377	-3975.5809	1.779371	-4041.3891	-3962.5674	-4040.7328
180	180	-3082.4685	-3079.2364	-2983.1324	3.2321247	-3063.8921	-2969.6252	-3060.1794
181	181	-4058.6098	-4044.5235	-3947.2245	14.086256	-4040.6521	-3934.2139	-4025.9169
182	182	-3330.4501	-3317.9762	-3210.2742	12.473885	-3311.8619	-3196.8888	-3298.9317
183	183	-4479.3008	-4417.3098	-4246.5196	61.991024	-4461.1814	-4233.5703	-4398.7961
184	184	-5397.4478	-5350.1051	-5198.8722	47.342768	-5379.7314	-5186.3179	-5331.924
185	185	-3333.3499	-3317.5087	-3182.5413	15.841216	-3314.8739	-3169.0656	-3298.432
186	186	-4098.6641	-4063.9669	-3890.1581	34.697122	-4080.1777	-3877.0329	-4045.2525
187	187	-3721.6069	-3715.3829	-3635.9136	6.2239872	-3703.3279	-3622.7557	-3695.6492
188	188	-3475.3991	-3461.5241	-3355.1538	13.875073	-3457.1797	-3341.8133	-3442.5689
189	189	-3544.2165	-3545.675	-3491.7136	-1.4585266	-3526.044	-3473.7765	-3539.1319
190	190	-4071.4189	-4068.3715	-3982.8989	3.0474578	-4053.0073	-3969.9112	-4049.838
191	191	-3906.6504	-3900.5524	-3810.0383	6.0979584	-3888.3722	-3796.944	-3881.8958
192	192	-3473.6985	-3473.652	-3417.1924	0.046508461	-3455.2727	-3403.949	-3454.0944
193	193	-3540.2626	-3540.4444	-3496.7745	-0.18178644	-3520.7112	-3483.4417	-3521.155
194	194	-3385.7175	-3385.2762	-3315.6249	0.44136083	-3367.586	-3302.3143	-3366.8104
195	195	-3228.9683	-3228.8873	-3154.1075	0.080980806	-3210.9453	-3140.6564	-3211.3635
196	196	-4521.0729	-4511.3546	-4451.5549	9.7182755	-4503.1566	-4438.6756	-4493.0004
197	197	-3968.9762	-3967.373	-3911.6417	1.6032209	-3950.0611	-3898.57	-3948.6329
198	198	-3358.4075	-3350.8409	-3279.696	7.5665407	-3340.3487	-3266.3536	-3331.9847
199	199	-3433.7968	-3433.9689	-3350.9282	-0.17217592	-3414.7741	-3337.6036	-3414.1072
200	200	-3573.324	-3568.5288	-3483.9312	4.79517	-3554.6718	-3470.6759	-3549.9342
201	201	-3447.0278	-3444.3794	-3353.8165	2.6484145	-3428.8256	-3340.4877	-3425.4877
202	202	-3633.4756	-3633.4604	-3571.466	0.015149107	-3615.3351	-3558.2294	-3615.5789
203	203	-2880.3086	-2875.5613	-2755.8221	4.7473585	-2860.7158	-2742.0311	-2854.6961
204	204	-3719.3629	-3715.1548	-3632.6633	4.2080469	-3701.2505	-3619.463	-3695.6351
205	205	-3421.9074	-3421.8457	-3360.7392	0.061622945	-3403.9221	-3347.4241	-3404.3399
206	206	-3174.8943	-3173.0004	-3072.7606	1.8939337	-3155.6479	-3059.293	-3154.0916
207	207	-3743.5721	-3707.592	-3569.9486	35.98015	-3724.9296	-3556.7135	-3688.7492
208	208	-4511.1036	-4501.9583	-4387.8708	9.1452949	-4492.024	-4375.0528	-4483.5042
209	209	-4079.9184	-4079.3795	-4025.7615	0.53898619	-4061.9314	-4012.7458	-4060.6032
210	210	-3551.5932	-3551.6103	-3489.7412	-0.017033821	-3532.0357	-3476.4671	-3531.332
211	211	-4458.0015	-4420.9688	-4261.6546	37.032718	-4438.1601	-4248.7526	-4401.2409
212	212	-3985.6275	-3979.7637	-3914.7145	5.863853	-3967.3979	-3901.6626	-3960.3754
213	213	-3189.8157	-3189.7781	-3121.0245	0.037547215	-3170.5493	-3107.5479	-3170.9696
214	214	-3187.9246	-3184.5636	-3101.2875	3.361019	-3169.2661	-3087.8387	-3165.5549
215	215	-4015.0702	-4015.2041	-3971.3934	-0.13385782	-3997.0107	-3958.313	-3997.4357
216	216	-3944.0608	-3916.6449	-3754.5343	27.415822	-3925.6835	-3741.4201	-3897.904
217	217	-3293.9376	-3292.687	-3210.4632	1.2505974	-3275.8115	-3197.0144	-3273.9199
218	218	-3381.4842	-3370.1043	-3264.2625	11.37995	-3362.9068	-3250.8871	-3351.0986
219	219	-3262.4192	-3248.9603	-3140.4544	13.458893	-3243.9384	-3126.9914	-3229.8456
220	220	-4720.656	-4706.0595	-4626.8005	14.596467	-4702.7271	-4614.0384	-4687.6908
221	221	-3650.4901	-3630.7483	-3440.9666	19.741725	-3631.6909	-3427.6325	-3611.734
222	222	-3239.9241	-3239.4074	-3180.5087	0.51667107	-3219.0404	-3167.1124	-3217.6191
223	223	-4361.275	-4360.4978	-4305.896	0.77716278	-4343.6373	-4290.9789	-4341.9105
224	224	-3115.581	-3114.2915	-3007.1338	1.2894797	-3097.233	-2993.6322	-3095.4845
225	225	-2956.988	-2957.7564	-2875.2638	-0.76846088	-2936.74	-2861.6601	-2937.1639
226	226	-3008.2622	-3006.9445	-2887.4673	1.3176915	-2989.7054	-2873.8267	-2987.9588
227	227	-3835.9243	-3830.4435	-3752.5235	5.4808023	-3817.5341	-3739.3819	-3811.8214
228	228	-3520.1349	-3519.6991	-3473.7093	0.43581518	-3502.1941	-3460.42	-3500.867
229	229	-4065.3303	-4056.0794	-4031.4905	9.2508692	-4045.2458	-4014.0137	-4048.7997
230	230	-3436.3452	-3436.0559	-3384.6285	0.28928901	-3418.3447	-3371.329	-3417.8653
231	231	-4539.2207	-4521.9632	-4415.3807	17.257455	-4521.2316	-4402.5741	-4503.6654
232	232	-4028.6992	-4011.0054	-4000.411	17.693782	-4010.132	-3987.3267	-4004.7678
233	233	-3109.644	-3109.3421	-3024.7417	0.30194585	-3091.2353	-3011.2481	-3089.9276
234	234	-3461.2354	-3451.4611	-3325.5535	9.7743175	-3441.7365	-3312.2277	-3432.5842
235	235	-3073.2391	-3072.1579	-2987.9928	1.0811483	-3054.4057	-2974.5306	-3053.332
236	236	-2474.0043	-2476.4161	-2465.5188	-2.4118159	-2470.1045	-2441.9098	-2466.2863
237	237	-3832.6486	-3829.99	-3780.8059	2.6586091	-3814.5442	-3767.6768	-3811.2631
238	238	-3434.0746	-3428.4364	-3324.9679	5.6381819	-3415.6187	-3311.633	-3408.8058
239	239	-2760.067	-2759.6751	-2627.2258	0.39193542	-2740.3247	-2613.3669	-2740.7135
240	240	-4071.0814	-4064.2851	-3958.3941	6.7962369	-4053.1522	-3945.376	-4045.4422
241	241	-4407.777	-4381.5618	-4222.3616	26.215168	-4389.5579	-4209.4736	-4363.0509
242	242	-3937.352	-3910.7314	-3735.7012	26.620587	-3919.1034	-3722.5297	-3891.9544
243	243	-2816.0501	-2815.8663	-2702.7985	0.18380851	-2796.9145	-2689.0662	-2796.8267
244	244	-4434.7771	-4409.8101	-4250.02	24.967046	-4416.2998	-4237.1367	-4391.2547
245	245	-3283.132	-3283.0689	-3180.4758	0.063078148	-3264.5096	-3167.0786	-3264.8164
246	246	-3216.8175	-3216.3023	-3137.254	0.5151355	-3197.7927	-3123.7982	-3197.0641
247	247	-3421.7019	-3410.5298	-3307.2346	11.17215	-3403.2921	-3293.8896	-3391.5843
248	248	-3735.9489	-3716.1964	-3572.9959	19.752437	-3717.3097	-3559.7396	-3697.2378
249	249	-3125.1859	-3124.5538	-3036.0059	0.63207392	-3107.0178	-3022.515	-3105.6075
250	250	-4055.0806	-4034.3806	-3957.3313	20.699943	-4036.8697	-3944.27	-4015.7862
251	251	-3057.2633	-3055.7402	-2941.1938	1.5231361	-3038.3152	-2927.6173	-3036.7302
252	252	-3866.8168	-3861.2028	-3796.4113	5.6140505	-3848.6067	-3783.3197	-3842.3112
253	253	-4522.7295	-4520.8953	-4465.7137	1.8341387	-4505.1582	-4451.07	-4502.1928
254	254	-3843.6208	-3844.4229	-3821.8137	-0.80212572	-3823.9678	-3801.972	-3824.4105
255	255	-3722.4345	-3710.4942	-3571.9655	11.940308	-3703.8698	-3558.7326	-3691.5615
256	256	-3779.8596	-3769.586	-3720.6838	10.273666	-3761.6794	-3707.5014	-3750.8946
257	257	-3818.6631	-3804.0928	-3736.7795	14.57034	-3800.5649	-3723.6462	-3785.3593
258	258	-3838.1983	-3810.3622	-3641.2262	27.836183	-3819.6838	-3628.0017	-3791.5367
259	259	-2800.7243	-2800.8586	-2716.8734	-0.13426023	-2782.0061	-2703.2165	-2782.4268
260	260	-3619.5576	-3619.7185	-3561.3927	-0.16082763	-3599.8882	-3548.1824	-3600.3184
261	261	-3176.8368	-3176.8139	-3122.7443	0.02295723	-3156.8582	-3109.3235	-3157.2997
262	262	-3617.4438	-3617.4043	-3576.495	0.039497311	-3599.0621	-3563.2431	-3599.5151
263	263	-3326.9051	-3312.7708	-3139.8891	14.134305	-3308.0131	-3126.3412	-3293.6069
264	264	-3856.2076	-3856.177	-3827.1143	0.030547524	-3837.5648	-3814.0063	-3849.9451
265	265	-4189.9641	-4189.92	-4148.3996	0.044035903	-4171.263	-4134.6076	-4170.3493
266	266	-3594.0459	-3594.0125	-3531.2211	0.033372649	-3575.8647	-3517.9842	-3576.283
267	267	-3461.7515	-3461.6988	-3419.4846	0.052687348	-3442.4567	-3406.2054	-3441.8267
268	268	-3012.3914	-3011.7779	-2933.7432	0.61348609	-2991.954	-2920.2355	-2992.3722
269	269	-2904.5334	-2892.3333	-2818.8399	12.20002	-2886.0322	-2805.2078	-2884.8085
270	270	-3992.6796	-3986.3344	-3890.2025	6.3452067	-3973.1138	-3877.1498	-3967.6215
271	271	-4485.458	-4484.3991	-4433.4658	1.0588532	-4467.0094	-4419.3857	-4465.8284
272	272	-3820.5089	-3795.5314	-3633.9045	24.977463	-3801.9442	-3620.7062	-3776.8286
273	273	-2918.8679	-2913.4797	-2744.6336	5.3882824	-2899.7733	-2730.7771	-2894.1769
274	274	-4757.185	-4702.3467	-4526.1228	54.83829	-4739.2221	-4513.2741	-4683.9663
275	275	-2960.2638	-2942.7267	-2900.6377	17.5371	-2942.092	-2887.051	-2936.0588
276	276	-3574.5301	-3566.432	-3458.1168	8.0980279	-3556.3827	-3444.8239	-3547.5946
277	277	-3053.2538	-3051.7488	-2947.0363	1.5049366	-3034.0753	-2933.4942	-3032.1526
278	278	-3819.9529	-3804.0504	-3693.413	15.90246	-3801.6365	-3680.222	-3785.2818
279	279	-3500.7407	-3501.2501	-3448.4303	-0.50945906	-3481.8143	-3435.1377	-3482.235
280	280	-3446.6617	-3435.3148	-3334.207	11.346831	-3427.8675	-3320.9144	-3416.468
281	281	-4571.9034	-4565.4654	-4528.8331	6.4380127	-4551.3147	-4515.1676	-4544.1279
282	282	-3957.6659	-3955.4434	-3912.7887	2.2224314	-3939.0325	-3899.0348	-3936.8403
283	283	-3934.8059	-3918.9535	-3811.817	15.852464	-3916.7269	-3798.7137	-3900.3025
284	284	-3170.5101	-3169.6408	-3089.058	0.86931958	-3149.7509	-3075.6356	-3148.3477
285	285	-4062.1968	-4062.1472	-3998.9985	0.049591895	-4042.5673	-3985.9971	-4042.9986
286	286	-3831.2407	-3832.5005	-3803.1465	-1.2598456	-3811.8246	-3790.0271	-3812.2604
287	287	-3177.717	-3175.7577	-3085.6971	1.9593195	-3159.517	-3072.2361	-3156.6236
288	288	-3548.2887	-3542.1565	-3404.2802	6.1321606	-3529.5081	-3390.9724	-3523.2262
289	289	-3244.3519	-3243.7687	-3175.33	0.58321332	-3224.2884	-3161.9085	-3224.7105
290	290	-3346.4521	-3345.927	-3265.4906	0.52502186	-3328.3032	-3252.1313	-3326.9772
291	291	-3595.0288	-3594.8281	-3544.6408	0.20062976	-3576.8999	-3531.4159	-3577.3174
292	292	-3939.8165	-3911.7321	-3758.6269	28.084425	-3921.0525	-3745.4165	-3892.9702
293	293	-3144.9677	-3144.9448	-3086.6697	0.022966148	-3125.6072	-3071.7356	-3124.9469
294	294	-3510.7664	-3510.7367	-3461.9693	0.029684148	-3492.0706	-3447.4507	-3492.4919
295	295	-4765.8574	-4729.6562	-4544.37	36.201213	-4747.8811	-4531.607	-4710.1516
296	296	-3818.6819	-3790.2596	-3605.9831	28.422246	-3800.066	-3590.5035	-3771.3379
297	297	-3182.4115	-3182.5777	-3093.0389	-0.16616614	-3163.6385	-3079.6233	-3164.1484
298	298	-4006.2087	-4005.7207	-3937.8782	0.48798958	-3988.3022	-3923.4281	-3987.977
299	299	-3593.5106	-3592.3413	-3542.4129	1.1692321	-3573.5766	-3529.1638	-3572.4596
300	300	-3713.2169	-3712.9363	-3627.5732	0.28063663	-3695.194	-3611.2363	-3695.3034
301	301	-4364.501	-4334.5085	-4211.0425	29.992494	-4346.4888	-4198.1341	-4315.979
302	302	-4035.0218	-4009.7627	-3839.389	25.259075	-4016.5655	-3826.3368	-3991.0213
303	303	-3856.638	-3856.364	-3811.2824	0.27400456	-3838.7578	-3798.2239	-3839.1753
304	304	-3769.5834	-3769.243	-3742.3617	0.34042201	-3750.4746	-3729.189	-3750.9283
305	305	-3544.1295	-3543.8162	-3481.0101	0.31330694	-3525.907	-3467.7793	-3526.284
306	306	-4373.2061	-4361.3593	-4268.8625	11.846764	-4355.1136	-4255.9456	-4342.8121
307	307	-3547.9643	-3547.9951	-3461.9899	-0.030841442	-3528.4242	-3448.6684	-3528.7507
308	308	-3014.8432	-3001.8707	-2868.8964	12.972549	-2996.0079	-2855.1904	-2982.612
309	309	-4221.9402	-4215.604	-4181.4905	6.3361679	-4204.0293	-4168.5085	-4197.2305
310	310	-3774.6346	-3773.9187	-3715.2026	0.71584514	-3756.2507	-3701.573	-3755.5519
311	311	-4678.4089	-4661.0392	-4544.1512	17.369618	-4660.1002	-4531.335	-4642.5746
312	312	-2717.6982	-2716.647	-2646.4276	1.0512298	-2697.1063	-2632.7339	-2709.1853
313	313	-3572.9428	-3547.3577	-3409.9063	25.585129	-3554.2763	-3396.5908	-3528.3506
314	314	-3558.6646	-3543.4551	-3409.1145	15.209463	-3539.9876	-3395.7808	-3524.4463
315	315	-3210.0152	-3210.183	-3128.0071	-0.16774636	-3191.7329	-3114.5514	-3191.0539
316	316	-4199.4922	-4198.3497	-4149.6704	1.1424595	-4181.8055	-4136.6969	-4180.0078
317	317	-3972.6611	-3970.7498	-3878.7499	1.9112932	-3954.4937	-3865.6901	-3951.8409
318	318	-3209.0495	-3209.2464	-3086.8527	-0.19687035	-3189.9084	-3073.3834	-3190.3263
319	319	-4769.5624	-4766.6402	-4702.3656	2.922272	-4750.5679	-4689.6737	-4746.8828
320	320	-2853.7058	-2850.421	-2750.6913	3.2847725	-2835.057	-2737.033	-2830.6488
321	321	-3301.7463	-3290.8108	-3169.9883	10.935512	-3283.2405	-3156.5204	-3271.2865
322	322	-3828.8521	-3823.1213	-3742.7834	5.7308031	-3810.9489	-3729.6138	-3804.4983
323	323	-3422.0028	-3420.032	-3293.5639	1.9708693	-3403.513	-3280.2104	-3401.3284
324	324	-4536.1022	-4531.0168	-4487.2597	5.0853619	-4517.6199	-4473.5282	-4512.1161
325	325	-2644.944	-2645.5715	-2540.501	-0.62751232	-2624.1913	-2526.6923	-2624.6093
326	326	-2840.2219	-2840.1725	-2756.3236	0.049400714	-2821.6024	-2742.494	-2821.5885
327	327	-3112.9288	-3110.7118	-3020.9051	2.2169561	-3093.82	-3007.4029	-3091.7674
328	328	-3972.407	-3953.1929	-3802.8539	19.214161	-3954.199	-3789.6972	-3934.3891
329	329	-4310.2659	-4309.6346	-4234.6839	0.63123858	-4290.3511	-4221.78	-4290.7685
330	330	-3843.2082	-3830.2752	-3747.8318	12.933049	-3824.9385	-3734.6954	-3811.2618
331	331	-4123.4548	-4095.8416	-4003.2081	27.613193	-4105.2418	-3990.1784	-4076.8319
332	332	-3773.3836	-3772.7608	-3725.2751	0.62274219	-3755.4852	-3712.1102	-3763.6593
333	333	-4491.8947	-4462.0134	-4332.6458	29.881245	-4473.7305	-4319.7939	-4443.5303
334	334	-3780.7691	-3778.338	-3687.9143	2.4311449	-3762.7383	-3674.7631	-3759.6245
335	335	-4142.0751	-4129.9579	-4084.5637	12.117185	-4123.9135	-4071.581	-4111.4377
336	336	-3819.4529	-3806.2051	-3709.8325	13.247762	-3800.4465	-3696.697	-3787.521
337	337	-3939.6489	-3925.0355	-3838.1513	14.613475	-3921.6419	-3825.1034	-3905.3687
338	338	-3835.5765	-3799.3437	-3626.5236	36.232775	-3817.0526	-3613.2917	-3780.5754
339	339	-2837.451	-2837.5217	-2763.7366	-0.070673594	-2818.9079	-2749.9493	-2819.3378
340	340	-4435.9074	-4433.9299	-4372.9981	1.9774131	-4414.6438	-4360.1008	-4412.3551
341	341	-3815.8294	-3815.2548	-3733.5401	0.57459585	-3797.6435	-3720.4206	-3797.0604
342	342	-4757.1725	-4703.1201	-4444.6036	54.052335	-4739.0759	-4431.7682	-4684.5818
343	343	-3519.7891	-3500.318	-3337.3485	19.471056	-3501.0493	-3323.9519	-3481.2385
344	344	-3822.3597	-3822.7209	-3791.9311	-0.36117686	-3801.1958	-3778.4364	-3801.6468
345	345	-3138.8765	-3125.4137	-3097.8272	13.462748	-3135.1541	-3082.9466	-3117.5586
346	346	-3423.5872	-3416.0209	-3291.647	7.5662717	-3405.3568	-3278.2997	-3397.0971
347	347	-3326.2144	-3309.3267	-3185.6912	16.887613	-3307.3919	-3172.2268	-3290.1782
348	348	-3607.751	-3607.3409	-3522.9602	0.41015767	-3588.546	-3509.7459	-3587.8549
349	349	-3504.9542	-3501.3156	-3404.9122	3.6386874	-3486.9779	-3391.6121	-3482.1438
350	350	-4017.7327	-3997.6897	-3876.0018	20.042939	-3999.6442	-3862.9059	-3979.0059
351	351	-3698.4083	-3693.2499	-3626.9664	5.1584327	-3677.6688	-3613.7971	-3674.4024
352	352	-4735.241	-4689.5029	-4534.3082	45.738159	-4717.0477	-4521.5277	-4671.0938
353	353	-3708.6397	-3709.1813	-3674.2414	-0.54164766	-3690.114	-3661.081	-3690.545
354	354	-3016.336	-3017.1576	-2930.453	-0.82160416	-2996.2645	-2916.9293	-2996.6923
355	355	-2950.9102	-2950.4613	-2858.7624	0.44888807	-2930.804	-2845.179	-2929.9787
356	356	-3866.9191	-3842.7909	-3695.7099	24.128233	-3848.7303	-3682.5522	-3824.0097
357	357	-3623.2193	-3617.2452	-3496.2818	5.9741326	-3604.0565	-3483.0221	-3598.3416
358	358	-3601.2919	-3571.1818	-3430.4662	30.110123	-3582.9764	-3417.1559	-3552.3267
359	359	-3617.8774	-3604.0723	-3481.2512	13.805071	-3599.6317	-3467.9616	-3585.1838
360	360	-3780.5801	-3769.599	-3677.1068	10.981082	-3762.2002	-3663.9306	-3750.7838
361	361	-3614.5153	-3611.4952	-3550.2788	3.020148	-3596.1952	-3537.0068	-3592.6709
362	362	-3520.0885	-3511.1715	-3409.6507	8.9170775	-3501.7206	-3396.3065	-3492.33
363	363	-3744.7128	-3732.4873	-3602.5786	12.225469	-3726.0162	-3589.3439	-3713.7158
364	364	-4386.2082	-4379.5702	-4283.8062	6.638031	-4367.987	-4270.9169	-4361.0106
365	365	-3685.9072	-3685.845	-3599.4917	0.062272695	-3667.3686	-3586.2544	-3666.8682
366	366	-3628.5408	-3628.4908	-3568.7338	0.049983078	-3609.7343	-3555.5775	-3610.1531
367	367	-4184.8021	-4183.9914	-4154.7183	0.81063949	-4167.0484	-4141.7104	-4165.0946
368	368	-4120.4241	-4078.7547	-3838.6913	41.669378	-4102.0375	-3825.5183	-4059.872
369	369	-3012.6275	-3012.6058	-2942.9387	0.021756581	-2992.952	-2929.3998	-2993.3712
370	370	-3321.2495	-3321.4311	-3278.2449	-0.1816349	-3301.3663	-3264.9072	-3301.7932
371	371	-3992.8923	-3990.2024	-3930.1073	2.6899262	-3974.966	-3917.0574	-3971.4776
372	372	-3467.9746	-3455.9264	-3360.1133	12.04817	-3449.7203	-3346.7858	-3436.1468
373	373	-2574.5718	-2574.5137	-2484.3108	0.058024425	-2554.5541	-2469.6764	-2554.9756
374	374	-3657.9879	-3649.0165	-3593.5825	8.9714022	-3639.3784	-3580.3734	-3630.2083
375	375	-3175.1924	-3167.1229	-3047.1196	8.0694834	-3156.3304	-3033.5764	-3147.8357
376	376	-3062.7114	-3057.0884	-2930.8725	5.6230287	-3042.8933	-2917.2314	-3036.2602
377	377	-3901.2386	-3901.1692	-3826.4541	0.069435661	-3880.0052	-3813.3759	-3880.442
378	378	-3929.1174	-3898.6165	-3717.5136	30.500986	-3910.7986	-3704.3391	-3880.1103
379	379	-4213.7481	-4204.6431	-4133.7712	9.1049847	-4195.6715	-4120.8389	-4186.0665
380	380	-3176.75	-3176.7193	-3106.3358	0.030675459	-3158.6564	-3092.8652	-3158.8682
381	381	-3531.0094	-3530.2386	-3484.8893	0.77083405	-3512.7844	-3471.604	-3511.2833
382	382	-2891.9004	-2896.5151	-2806.6556	-4.6146883	-2871.3871	-2793.036	-2889.0551
383	383	-4351.9582	-4327.5594	-4263.4945	24.398797	-4334.0486	-4250.5745	-4309.0744
384	384	-4015.7403	-3979.9662	-3813.9925	35.774115	-3997.5239	-3800.868	-3961.3827
385	385	-4218.3679	-4213.9605	-4146.6782	4.407382	-4200.0481	-4133.7558	-4195.3322
386	386	-3406.6931	-3402.2337	-3282.3855	4.4593947	-3388.1098	-3269.0262	-3382.8801
387	387	-3836.5629	-3829.9851	-3737.1508	6.5777655	-3818.2383	-3723.9915	-3811.1765
388	388	-3444.5303	-3444.084	-3358.9733	0.44624124	-3424.7238	-3344.5201	-3424.9655
389	389	-3914.8408	-3901.5155	-3831.2302	13.325282	-3896.057	-3818.1713	-3882.8442
390	390	-4060.0309	-4047.1183	-3950.7065	12.912507	-4041.8307	-3937.6943	-4028.4575
391	391	-3857.0798	-3846.181	-3729.48	10.89884	-3838.2231	-3716.287	-3827.0945
392	392	-3433.7169	-3431.1115	-3385.7641	2.6053869	-3415.2854	-3371.6853	-3412.2784
393	393	-3025.1496	-3025.2128	-2954.0008	-0.063149092	-3004.317	-2938.795	-3004.772
394	394	-3462.8808	-3462.5938	-3390.37	0.28695492	-3443.8056	-3377.0521	-3441.44
395	395	-4439.6116	-4430.2198	-4335.8272	9.3917577	-4421.8242	-4322.9735	-4411.7764
396	396	-3879.6171	-3879.6418	-3842.8138	-0.02471546	-3860.605	-3829.7469	-3861.0613
397	397	-3646.376	-3631.3048	-3548.1548	15.07121	-3628.3738	-3534.9213	-3612.5773
398	398	-5047.2889	-4987.0536	-4760.3089	60.235212	-5029.338	-4747.6279	-4968.6983
399	399	-3187.7021	-3187.6541	-3096.0878	0.047962579	-3168.1499	-3082.6185	-3167.3796
400	400	-2765.0333	-2763.1371	-2654.9408	1.8961759	-2746.2002	-2641.1517	-2742.8991
401	401	-3426.934	-3426.8936	-3357.8227	0.0403853	-3408.6333	-3344.4912	-3409.0523
402	402	-4280.5731	-4273.3761	-4208.9499	7.1970646	-4262.7082	-4195.9971	-4254.7405
403	403	-3759.2044	-3759.1594	-3704.8461	0.044978953	-3741.074	-3691.6994	-3738.8382
404	404	-3984.4134	-3956.654	-3774.1377	27.759374	-3966.1249	-3760.9975	-3937.9478
405	405	-3166.0447	-3163.1382	-3052.6029	2.9065698	-3147.2964	-3039.1445	-3143.4878
406	406	-3120.7223	-3120.0822	-3022.1866	0.64012817	-3102.064	-3008.6928	-3101.4128
407	407	-3007.9588	-2993.6989	-2850.9766	14.259837	-2989.0487	-2837.2667	-2974.3535
408	408	-3257.6438	-3253.884	-3159.026	3.7598368	-3238.8351	-3145.5965	-3234.8679
409	409	-3340.8914	-3340.0301	-3280.0072	0.8612933	-3322.6021	-3266.6411	-3321.1326
410	410	-4152.3592	-4147.7389	-4087.3789	4.6202695	-4134.5327	-4074.4002	-4128.9756
411	411	-2580.8621	-2580.8141	-2459.1408	0.048078564	-2560.8167	-2444.4335	-2561.238
412	412	-3332.2115	-3331.7955	-3258.0493	0.41604926	-3314.2023	-3244.6927	-3313.7356
413	413	-3410.4946	-3395.4978	-3249.0818	14.996864	-3391.7663	-3235.6795	-3376.386
414	414	-3672.3046	-3668.7476	-3600.4322	3.5569975	-3654.2238	-3587.2618	-3649.8987
415	415	-3891.8233	-3881.3027	-3727.9094	10.52052	-3873.8403	-3714.7027	-3862.5022
416	416	-4313.6504	-4305.9422	-4241.0646	7.7081667	-4295.8305	-4228.1727	-4287.4779
417	417	-3531.736	-3529.7331	-3469.9394	2.002865	-3513.4108	-3456.701	-3510.9416
418	418	-3674.9656	-3666.77	-3544.4836	8.1956528	-3656.6423	-3531.2426	-3647.9494
419	419	-3027.9577	-3027.9296	-2950.7522	0.028115906	-3009.5305	-2937.1936	-3009.9481
420	420	-4037.9459	-4019.6264	-3892.4735	18.319443	-4019.8818	-3879.4343	-4000.9386
421	421	-4077.3058	-4069.9736	-3994.6984	7.3321781	-4059.1492	-3981.6611	-4051.4565
422	422	-3641.1874	-3641.1698	-3590.9618	0.01765061	-3621.8804	-3575.9652	-3622.3169
423	423	-3432.1977	-3430.4298	-3332.4403	1.7678439	-3413.6722	-3319.0537	-3411.6365
424	424	-3627.7094	-3596.5063	-3471.847	31.203085	-3609.3362	-3458.5229	-3577.617
425	425	-2815.3852	-2792.731	-2758.0367	22.654238	-2811.6115	-2743.9633	-2784.1407
426	426	-3494.6814	-3484.5709	-3393.298	10.110488	-3476.0387	-3379.9693	-3465.6559
427	427	-3023.7985	-3023.8067	-2965.6033	-0.0081922541	-3005.1093	-2952.1043	-3005.5342
428	428	-4637.3159	-4615.6644	-4527.7085	21.651513	-4619.3074	-4514.9005	-4597.2708
429	429	-3887.3512	-3884.5295	-3816.3666	2.821734	-3869.3632	-3803.2348	-3865.9647
430	430	-3441.5166	-3440.5028	-3377.451	1.0137519	-3423.185	-3364.1606	-3421.994
431	431	-3349.8103	-3344.12	-3219.3631	5.6902905	-3331.5158	-3205.9648	-3325.1222
432	432	-3721.5214	-3715.1553	-3611.1557	6.3661208	-3703.5003	-3597.962	-3696.2746
433	433	-3420.5467	-3407.5794	-3273.5927	12.967286	-3402.1402	-3260.1819	-3388.4804
434	434	-3549.6389	-3548	-3452.3313	1.6389276	-3531.5607	-3439.0732	-3528.6104
435	435	-3891.3629	-3891.7039	-3841.8836	-0.34100305	-3872.7026	-3828.4605	-3873.1315
436	436	-3241.5742	-3240.0275	-3140.8499	1.5467301	-3222.6423	-3127.4373	-3221.013
437	437	-4152.311	-4148.1079	-4048.7547	4.2030202	-4134.1498	-4035.7568	-4128.5512
438	438	-2532.7658	-2532.7471	-2415.7149	0.018676606	-2512.5728	-2401.7561	-2512.9924
439	439	-3008.3463	-2997.2576	-2849.8558	11.088648	-2987.6227	-2836.0928	-2977.835
440	440	-3698.8392	-3688.4594	-3599.0312	10.379789	-3680.5708	-3585.8384	-3669.7338
441	441	-2991.8528	-2991.5982	-2878.4952	0.25463133	-2973.0302	-2862.8456	-2972.9451
442	442	-3533.3319	-3532.7711	-3472.3327	0.56081022	-3515.0777	-3459.0654	-3514.5609
443	443	-4843.6523	-4829.2776	-4754.348	14.374764	-4825.796	-4741.6175	-4809.0901
444	444	-3572.9348	-3557.4652	-3542.4939	15.46957	-3551.4156	-3527.2247	-3550.047
445	445	-5108.9664	-5056.6388	-4859.3098	52.327622	-5091.0643	-4846.6563	-5038.3002
446	446	-3499.6818	-3499.6228	-3443.063	0.059070668	-3480.77	-3429.7625	-3481.1883
447	447	-4388.0071	-4385.8883	-4301.1022	2.1187038	-4369.1517	-4287.4724	-4367.2952
448	448	-3742.0004	-3715.1886	-3538.5251	26.811831	-3723.6289	-3525.2645	-3696.2439
449	449	-3501.982	-3498.4951	-3372.6499	3.4869732	-3483.3583	-3359.3456	-3479.4125
450	450	-4639.4705	-4626.5131	-4529.9426	12.957445	-4621.6617	-4517.17	-4608.0502
451	451	-3363.5885	-3344.9834	-3317.6773	18.605134	-3345.5167	-3304.339	-3338.5319
452	452	-3930.1806	-3930.5334	-3897.0766	-0.35274833	-3911.6064	-3881.6872	-3912.0859
453	453	-3579.4838	-3569.9258	-3464.2979	9.5580493	-3561.229	-3451.0055	-3551.2259
454	454	-3685.3942	-3685.3677	-3647.2298	0.026464878	-3663.8933	-3634.0183	-3664.3174
455	455	-4390.405	-4390.3887	-4368.7031	0.016316864	-4370.5292	-4351.2601	-4370.9828
456	456	-3998.7759	-3999.0087	-3967.0959	-0.23277191	-3980.1441	-3954.0288	-3979.7822
457	457	-4010.6026	-3996.0269	-3903.7332	14.575707	-3992.4532	-3890.6702	-3977.2109
458	458	-4782.3991	-4732.3642	-4584.8041	50.034949	-4764.5251	-4572.1036	-4714.0684
459	459	-4058.4418	-4055.9058	-3987.3323	2.5359626	-4039.8089	-3974.3405	-4037.0901
460	460	-3646.5468	-3644.8478	-3558.9396	1.6990469	-3626.5836	-3545.7323	-3625.8073
461	461	-3787.1221	-3773.2607	-3644.5086	13.861328	-3768.0863	-3631.2994	-3753.3023
462	462	-3490.325	-3480.8686	-3325.2844	9.4564315	-3469.7487	-3311.9064	-3461.8379
463	463	-3731.0195	-3727.5813	-3672.3243	3.4382665	-3712.834	-3659.1845	-3708.4083
464	464	-3845.7414	-3831.6195	-3724.7584	14.121903	-3827.6268	-3711.5931	-3813.0074
465	465	-3408.8665	-3409.048	-3339.7663	-0.18147957	-3390.8466	-3326.4039	-3390.2804
466	466	-3366.1991	-3365.8945	-3278.8524	0.30466363	-3347.4413	-3265.5016	-3347.5254
467	467	-3706.3546	-3686.5949	-3552.2569	19.759693	-3687.808	-3539.0469	-3666.9742
468	468	-3566.3934	-3565.0325	-3506.294	1.3608877	-3548.0973	-3493.0077	-3546.2885
469	469	-2480.4739	-2479.1682	-2358.8469	1.3056821	-2461.3198	-2344.7705	-2459.7073
470	470	-3652.7953	-3652.5131	-3593.0844	0.28216626	-3634.8275	-3579.9137	-3634.1512
471	471	-3675.7865	-3675.3518	-3615.4599	0.43465841	-3657.8131	-3602.2719	-3657.1131
472	472	-4489.3185	-4464.2467	-4336.6358	25.071798	-4471.1361	-4323.7216	-4445.701
473	473	-4170.3585	-4146.0802	-3981.5204	24.278273	-4152.2361	-3968.4881	-4127.4805
474	474	-2965.4794	-2956.0151	-2832.1292	9.4643428	-2946.8907	-2818.4067	-2936.402
475	475	-3189.0859	-3186.6784	-3069.8877	2.4074883	-3170.6978	-3054.7898	-3167.6269
476	476	-3279.55	-3263.4723	-3115.5173	16.0777	-3260.6562	-3101.9719	-3244.3003
477	477	-3203.6147	-3203.5768	-3103.7698	0.037964575	-3183.3194	-3090.3194	-3183.7449
478	478	-3307.3388	-3306.7342	-3229.2381	0.60454432	-3287.4626	-3215.6985	-3286.9435
479	479	-2348.1115	-2344.0626	-2335.6711	4.0489507	-2344.1855	-2316.3074	-2332.17
480	480	-3834.083	-3825.0682	-3700.0942	9.0148048	-3816.111	-3686.9401	-3806.2416
481	481	-4128.2111	-4123.59	-4063.7873	4.6210719	-4110.13	-4050.7801	-4104.3231
482	482	-3857.6019	-3850.3528	-3796.9778	7.2490665	-3839.5618	-3783.8545	-3830.8358
483	483	-4362.3861	-4328.3942	-4149.5175	33.991881	-4344.2882	-4136.5881	-4309.753
484	484	-4406.4939	-4397.8137	-4291.6928	8.680128	-4388.424	-4278.8271	-4379.2663
485	485	-2996.5388	-2997.037	-2919.5883	-0.49817772	-2977.0126	-2906.004	-2974.7933
486	486	-2733.5824	-2733.0328	-2652.2802	0.54961422	-2714.2318	-2638.6095	-2712.7273
487	487	-2474.2619	-2474.2329	-2334.9615	0.028973785	-2455.4355	-2320.8798	-2455.853
488	488	-3798.6952	-3798.6191	-3755.8396	0.076138072	-3777.4705	-3742.7115	-3777.8887
489	489	-5402.9941	-5397.3742	-5366.5553	5.6198659	-5384.2097	-5352.1376	-5375.6923
490	490	-3580.3792	-3580.362	-3534.0167	0.017175092	-3560.7535	-3517.6143	-3561.1737
491	491	-2903.6782	-2907.565	-2851.2704	-3.8868284	-2884.2649	-2837.6975	-2899.8765
492	492	-4050.3315	-4028.6454	-3858.9173	21.686123	-4031.5391	-3845.8096	-4008.9959
493	493	-4705.8955	-4690.7661	-4617.8732	15.129406	-4686.5822	-4605.1576	-4671.3726
494	494	-3218.0322	-3206.0113	-3061.2964	12.020894	-3199.4277	-3047.724	-3186.8229
495	495	-3684.8185	-3667.5039	-3524.568	17.314599	-3666.5589	-3511.3004	-3648.6383
496	496	-3276.8404	-3276.8481	-3208.1409	-0.0076837761	-3257.5376	-3194.7657	-3256.2972
497	497	-4221.6835	-4203.0092	-4101.2084	18.674305	-4203.6892	-4088.2431	-4184.3971
498	498	-3428.7864	-3425.5597	-3307.0015	3.2266704	-3409.9419	-3293.6471	-3406.5666
499	499	-2771.729	-2769.372	-2718.827	2.3570644	-2767.9176	-2705.0918	-2761.8987
