No.	ID	loglik_NUll	loglik_RES	loglik_all	log_ratio	loglik_Max1	loglik_Max2	loglik_Max3
0	0	-2320.9361	-2203.7922	-2217.0853	117.14397	-2316.9509	-2196.5613	-2196.5709
1	1	-2674.1367	-2585.6369	-2598.7598	88.499829	-2655.3301	-2579.0008	-2579.0007
2	2	-3559.7879	-3466.2201	-3479.4203	93.567854	-3541.4154	-3459.3176	-3459.3218
3	3	-3153.4013	-3083.6803	-3096.7809	69.720928	-3134.3278	-3077.2066	-3077.2073
4	4	-3012.8242	-2992.9804	-3005.0742	19.843741	-3009.1142	-2986.3415	-2986.3413
5	5	-3413.3314	-3354.6173	-3367.7488	58.714097	-3394.9531	-3347.968	-3348.2714
6	6	-2904.0023	-2675.7728	-2688.8703	228.22954	-2885.2852	-2669.3513	-2669.35
7	7	-2743.4418	-2587.2146	-2600.3537	156.22719	-2724.7005	-2580.6567	-2580.6563
8	8	-2227.6652	-2087.1279	-2100.4173	140.53723	-2208.5984	-2079.6631	-2079.6626
9	9	-2588.4817	-2485.9384	-2499.2287	102.5433	-2569.6569	-2478.6831	-2478.6816
10	10	-2365.496	-2333.4358	-2344.3791	32.060178	-2361.5418	-2320.8717	-2326.3715
11	11	-1935.1693	-1806.9542	-1820.0591	128.21508	-1930.9952	-1797.7349	-1797.4363
12	12	-4315.7871	-4265.9558	-4279.0659	49.831343	-4294.6495	-4259.9322	-4259.9312
13	13	-3641.3078	-3578.6973	-3591.7991	62.610436	-3623.0047	-3572.4789	-3572.4791
14	14	-2689.6979	-2608.2864	-2621.3569	81.411481	-2671.13	-2601.6541	-2601.6538
15	15	-1997.1915	-1880.6939	-1893.9944	116.49754	-1976.9497	-1872.6602	-1873.1447
16	16	-2973.3583	-2841.4967	-2854.6016	131.86156	-2954.0913	-2835.0456	-2835.0429
17	17	-3225.1537	-3171.9944	-3184.7849	53.159328	-3205.8578	-3165.2341	-3165.2344
18	18	-3314.1453	-3258.9434	-3272.0209	55.201904	-3294.2009	-3251.804	-3251.7806
19	19	-2204.6496	-2063.2518	-2076.1673	141.39786	-2185.2629	-2055.0075	-2056.2314
20	20	-3920.3392	-3920.2559	-3924.3577	0.08335796	-3916.785	-3912.0499	-3912.1955
21	21	-2613.0482	-2494.5188	-2507.6136	118.52936	-2593.5268	-2487.7811	-2487.7813
22	22	-2808.2619	-2721.0733	-2733.9459	87.188675	-2789.5513	-2712.9808	-2714.544
23	23	-2684.6877	-2526.3346	-2539.4365	158.35309	-2665.8278	-2519.7562	-2519.7563
24	24	-2689.0306	-2599.7247	-2612.8203	89.305905	-2670.6152	-2593.0896	-2593.0893
25	25	-2790.4671	-2706.3964	-2719.4915	84.070745	-2771.8931	-2699.7924	-2699.7914
26	26	-2692.9474	-2533.6556	-2546.7569	159.29176	-2674.1443	-2526.9351	-2527.0527
27	27	-3479.2275	-3372.0591	-3385.4093	107.16843	-3460.842	-3364.3405	-3364.3178
28	28	-2546.736	-2456.064	-2469.3389	90.67197	-2542.8717	-2448.7994	-2448.7986
29	29	-2257.8209	-2079.6725	-2092.7801	178.14844	-2238.6165	-2072.7812	-2072.7808
30	30	-3243.5773	-3195.1239	-3208.3996	48.453492	-3223.7799	-3188.3497	-3188.1941
31	31	-3368.2401	-3349.9122	-3361.8711	18.32783	-3364.5983	-3343.4072	-3343.1969
32	32	-2689.4206	-2560.5074	-2573.6665	128.91322	-2670.2586	-2553.9462	-2553.9459
33	33	-3294.4941	-3177.3435	-3190.44	117.15058	-3275.9957	-3171.0834	-3171.0852
34	34	-3040.5226	-2918.7441	-2931.9713	121.77851	-3022.1544	-2911.581	-2911.5801
35	35	-2416.6439	-2252.8318	-2265.9277	163.81208	-2397.6148	-2246.0496	-2246.0495
36	36	-2420.6634	-2328.2589	-2341.521	92.404425	-2401.1772	-2320.8446	-2320.8262
37	37	-3614.3494	-3550.3935	-3563.5016	63.9559	-3596.2327	-3544.1704	-3544.1703
38	38	-3355.2722	-3192.4368	-3205.5191	162.8354	-3336.7398	-3186.2168	-3186.2189
39	39	-3110.8217	-2962.2351	-2975.3321	148.58658	-3092.2078	-2955.9165	-2955.9173
40	40	-2511.6278	-2423.0011	-2436.152	88.626688	-2492.6732	-2416.3445	-2416.344
41	41	-3131.1092	-3035.3745	-3048.4759	95.734735	-3112.5056	-3028.9778	-3028.9778
42	42	-3612.3584	-3600.0053	-3611.2644	12.353143	-3608.7524	-3589.1745	-3589.6308
43	43	-3915.5094	-3869.6277	-3882.7303	45.881732	-3897.6699	-3863.4381	-3863.438
44	44	-2730.1807	-2642.6414	-2655.7144	87.539225	-2726.3738	-2635.9687	-2635.9696
45	45	-4457.5898	-4374.1187	-4387.3477	83.471102	-4439.521	-4368.0509	-4368.0497
46	46	-2499.5005	-2386.7937	-2399.8776	112.70689	-2480.894	-2380.0845	-2380.084
47	47	-3204.5791	-3070.7466	-3083.834	133.83253	-3185.8357	-3064.438	-3064.441
48	48	-3021.0644	-2985.0193	-2998.2775	36.045199	-3002.049	-2977.2243	-2977.2231
49	49	-3491.1743	-3419.2702	-3432.545	71.904076	-3471.2405	-3412.3058	-3412.2693
50	50	-2639.4681	-2526.7706	-2539.8827	112.69743	-2620.6102	-2520.0509	-2520.0508
51	51	-3009.3162	-2954.4803	-2967.5638	54.835856	-3005.601	-2947.9342	-2947.842
52	52	-2845.9216	-2732.3055	-2745.443	113.61606	-2826.8886	-2723.825	-2725.0249
53	53	-2096.0551	-2015.6006	-2028.6739	80.454477	-2091.9997	-2008.5655	-2008.5658
54	54	-2998.9455	-2916.8025	-2929.8995	82.143077	-2995.2199	-2910.2854	-2910.284
55	55	-3286.9044	-3222.3347	-3235.4204	64.569702	-3268.7937	-3216.0186	-3216.019
56	56	-3520.6629	-3409.2756	-3422.3702	111.38729	-3502.2828	-3403.0677	-3403.0672
57	57	-3216.2481	-3149.3864	-3162.683	66.861713	-3197.1608	-3142.4773	-3142.4719
58	58	-2693.2217	-2552.558	-2565.8525	140.66377	-2674.405	-2545.3798	-2545.3801
59	59	-3759.5949	-3727.4777	-3741.0012	32.117187	-3741.0433	-3716.6445	-3717.4582
60	60	-2623.7427	-2534.9327	-2548.0097	88.81001	-2605.3593	-2528.263	-2528.2639
61	61	-3681.66	-3616.7544	-3629.7334	64.905591	-3663.3214	-3609.7187	-3610.5524
62	62	-3197.8753	-3119.8999	-3132.8887	77.975356	-3179.801	-3111.0429	-3112.9288
63	63	-3291.7534	-3231.7164	-3244.807	60.037006	-3273.5711	-3225.372	-3225.3711
64	64	-3351.7715	-3302.3938	-3315.4761	49.377682	-3333.0981	-3296.0056	-3296.0039
65	65	-2854.937	-2786.1292	-2799.2248	68.807784	-2851.1542	-2779.5243	-2779.524
66	66	-1895.4382	-1799.1011	-1812.3693	96.337021	-1891.2651	-1791.4785	-1791.4728
67	67	-3717.3317	-3618.1199	-3631.2023	99.211819	-3699.02	-3611.832	-3611.8253
68	68	-2632.7412	-2538.8093	-2551.9061	93.931835	-2614.1437	-2532.1049	-2532.1036
69	69	-2415.2752	-2313.0458	-2326.1299	102.22942	-2396.413	-2306.2215	-2306.2226
70	70	-2712.516	-2654.6742	-2667.9507	57.841809	-2708.7002	-2647.111	-2647.5949
71	71	-3143.608	-3063.7413	-3077.0824	79.866652	-3123.8144	-3055.4601	-3055.4428
72	72	-3885.9599	-3792.8183	-3805.8963	93.141529	-3867.7114	-3786.7792	-3786.7789
73	73	-2696.881	-2533.2127	-2546.5137	163.66823	-2678.1042	-2526.1253	-2526.1102
74	74	-2983.4022	-2877.8231	-2891.1356	105.57913	-2964.8765	-2869.3778	-2869.378
75	75	-2698.8723	-2618.1912	-2631.2775	80.681073	-2680.1401	-2611.5554	-2611.555
76	76	-2863.2238	-2781.2576	-2794.5466	81.966202	-2844.3138	-2773.9678	-2773.9455
77	77	-2624.0234	-2518.7295	-2532.1762	105.29391	-2604.5531	-2510.1661	-2510.1319
78	78	-3076.123	-2938.8807	-2951.9862	137.24237	-3057.3955	-2932.5094	-2932.5098
79	79	-3975.5017	-3905.275	-3918.4028	70.226692	-3956.3046	-3898.6477	-3899.1642
80	80	-3677.2916	-3562.8338	-3575.9373	114.45777	-3658.8955	-3556.7356	-3556.7368
81	81	-2759.5983	-2627.1869	-2640.3842	132.4114	-2740.9832	-2619.3392	-2619.3379
82	82	-2370.1412	-2278.5343	-2291.6669	91.606877	-2351.1372	-2271.6691	-2271.67
83	83	-2413.868	-2255.0163	-2268.3782	158.85175	-2394.6255	-2246.5418	-2246.5459
84	84	-2290.9831	-2141.3399	-2154.5657	149.64328	-2271.7573	-2133.2211	-2133.2101
85	85	-2384.3178	-2261.944	-2275.2199	122.37375	-2365.5697	-2253.3486	-2253.3248
86	86	-2136.2088	-1960.741	-1974.0283	175.46788	-2116.8774	-1953.1921	-1953.1917
87	87	-2920.0811	-2835.976	-2849.0741	84.105155	-2901.2382	-2829.4218	-2829.42
88	88	-2765.403	-2624.2963	-2637.3744	141.10679	-2746.6631	-2617.758	-2617.7562
89	89	-2946.997	-2870.0497	-2883.1231	76.94728	-2927.4582	-2863.4967	-2863.4968
90	90	-1968.9433	-1830.7126	-1843.781	138.23067	-1949.7881	-1823.0299	-1823.5548
91	91	-2757.422	-2617.4847	-2630.5605	139.93729	-2738.6985	-2610.9028	-2610.9028
92	92	-2226.251	-2080.7279	-2093.9595	145.52305	-2206.3055	-2072.7441	-2072.7449
93	93	-2200.0133	-2061.6323	-2074.9346	138.38102	-2181.3251	-2054.0649	-2054.0655
94	94	-3097.5348	-3005.6852	-3018.7799	91.849526	-3079.0058	-2999.3285	-2999.3304
95	95	-3318.2733	-3242.7955	-3255.9042	75.477824	-3299.8943	-3236.4382	-3236.4383
96	96	-2719.5895	-2619.5327	-2632.6162	100.0568	-2700.5894	-2612.8962	-2612.8965
97	97	-3584.3662	-3506.8644	-3519.9728	77.501802	-3566.0296	-3500.5803	-3500.5805
98	98	-2938.6622	-2878.3834	-2890.5412	60.278723	-2934.9052	-2868.3233	-2871.7838
99	99	-2633.296	-2508.6095	-2521.7425	124.68652	-2614.5196	-2501.9904	-2501.9915
100	100	-2512.2143	-2415.2552	-2428.3716	96.959139	-2493.351	-2408.4075	-2408.3951
101	101	-3022.3557	-2879.0871	-2892.3399	143.26862	-3003.6485	-2871.8047	-2871.8016
102	102	-2864.0909	-2716.6923	-2729.8196	147.39865	-2845.582	-2710.1767	-2710.1768
103	103	-3878.2665	-3822.909	-3835.4862	55.357535	-3856.4513	-3813.5543	-3813.4779
104	104	-2555.6192	-2469.5323	-2481.3278	86.0869	-2551.7462	-2458.2995	-2462.2714
105	105	-2902.9129	-2802.7615	-2815.891	100.15142	-2883.8208	-2796.2138	-2796.2136
106	106	-3091.6769	-2999.7105	-3012.9877	91.966314	-3073.148	-2992.6149	-2992.5544
107	107	-2353.0957	-2286.2101	-2299.4486	66.885604	-2349.1417	-2278.9054	-2278.9008
108	108	-3585.2499	-3500.5548	-3513.9096	84.695063	-3566.7518	-3492.4905	-3492.4916
109	109	-1650.3821	-1472.7029	-1485.8204	177.67912	-1629.9804	-1465.0993	-1465.1006
110	110	-2878.7656	-2809.2303	-2822.3214	69.535283	-2860.0601	-2802.6667	-2802.6659
111	111	-3623.7955	-3518.7576	-3531.8453	105.03788	-3605.71	-3512.5362	-3512.5353
112	112	-2409.077	-2227.6633	-2240.7907	181.41372	-2389.868	-2220.9005	-2220.9005
113	113	-3285.2675	-3232.5005	-3245.6026	52.766906	-3267.0443	-3226.1065	-3226.1053
114	114	-3350.5797	-3264.7026	-3276.5665	85.877154	-3332.1017	-3254.5681	-3258.3216
115	115	-2822.6593	-2702.4409	-2715.694	120.2184	-2803.978	-2695.5947	-2695.5925
116	116	-3056.6251	-2957.0306	-2970.1371	99.59443	-3038.1992	-2950.5646	-2950.5641
117	117	-2576.7118	-2505.0236	-2518.1182	71.688134	-2557.4291	-2498.3022	-2498.3022
118	118	-2623.8366	-2502.8319	-2515.9173	121.00465	-2605.0201	-2496.1757	-2496.1755
119	119	-2791.6925	-2671.4135	-2684.5243	120.27895	-2773.0089	-2664.8334	-2664.8334
120	120	-2188.6848	-2048.6698	-2061.7523	140.01502	-2168.6669	-2041.6912	-2041.691
121	121	-2881.2254	-2830.1605	-2843.252	51.064895	-2877.4318	-2823.5227	-2823.5225
122	122	-2656.028	-2541.3987	-2554.4826	114.62932	-2637.1148	-2534.7689	-2534.7687
123	123	-2376.0859	-2256.3843	-2269.4579	119.70159	-2357.2873	-2249.5194	-2249.5199
124	124	-2959.3581	-2840.267	-2853.385	119.09105	-2940.7152	-2833.6304	-2833.4313
125	125	-2008.171	-1855.7393	-1868.9768	152.43171	-1988.8195	-1847.8848	-1847.8831
126	126	-3022.3486	-2975.2181	-2988.1697	47.13051	-3018.5854	-2966.3327	-2968.2554
127	127	-2480.0558	-2351.1733	-2364.4406	128.88257	-2461.1971	-2343.7362	-2343.7369
128	128	-2484.0389	-2319.7723	-2332.8597	164.26657	-2465.0925	-2313.0446	-2313.0454
129	129	-2425.8769	-2298.0098	-2311.0973	127.86708	-2406.4026	-2291.2277	-2291.2277
130	130	-2702.526	-2551.5469	-2564.6778	150.97912	-2683.896	-2545.0296	-2545.0272
131	131	-2770.5641	-2690.8079	-2703.7704	79.756213	-2751.9918	-2681.3568	-2683.0645
132	132	-3000.9858	-2925.6133	-2938.8649	75.37251	-2997.2422	-2918.5274	-2918.3375
133	133	-2837.6303	-2751.9561	-2765.0497	85.674197	-2818.8605	-2745.3705	-2745.3601
134	134	-4273.5537	-4260.4897	-4266.6305	13.064065	-4270.0902	-4252.5576	-4253.9125
135	135	-2322.4006	-2135.7456	-2148.8319	186.65508	-2303.1068	-2128.86	-2128.8615
136	136	-3014.2127	-2891.1383	-2904.2163	123.07444	-2995.5956	-2884.6898	-2884.6897
137	137	-4489.9669	-4484.6033	-4491.5806	5.3635773	-4486.5724	-4468.586	-4475.1261
138	138	-3687.9551	-3644.713	-3657.8371	43.242048	-3669.8	-3638.425	-3638.423
139	139	-3501.283	-3415.1252	-3428.2305	86.157763	-3482.4157	-3408.9075	-3408.9074
140	140	-2350.244	-2259.5331	-2272.8091	90.710879	-2331.278	-2252.1433	-2252.1402
141	141	-1692.4603	-1553.6843	-1563.9177	138.77601	-1688.1898	-1542.4672	-1542.463
142	142	-2303.8206	-2190.4449	-2203.7491	113.37575	-2284.85	-2182.9857	-2182.9784
143	143	-2432.7371	-2310.464	-2323.7904	122.2731	-2414.1039	-2303.0368	-2303.0379
144	144	-3316.8457	-3234.8801	-3248.1988	81.965534	-3298.2667	-3227.8706	-3227.8716
145	145	-1677.0501	-1515.1403	-1528.2601	161.90975	-1655.6934	-1507.7071	-1507.7063
146	146	-1944.8504	-1770.0745	-1783.4501	174.77591	-1924.4965	-1762.1277	-1762.1288
147	147	-3402.6809	-3344.4108	-3357.1001	58.270039	-3383.8517	-3337.7199	-3337.9804
148	148	-3425.8333	-3341.8097	-3355.1317	84.023602	-3407.5645	-3334.2927	-3334.2876
149	149	-3160.4663	-3073.3912	-3086.3623	87.075001	-3142.1004	-3066.0055	-3066.9384
150	150	-2285.8191	-2131.6985	-2144.8962	154.12067	-2266.9067	-2124.062	-2124.0687
151	151	-4599.2359	-4528.0943	-4541.3635	71.141595	-4581.3178	-4521.5891	-4521.5902
152	152	-3023.5904	-2943.0858	-2956.1897	80.504538	-3004.3301	-2936.3233	-2936.2444
153	153	-2380.0218	-2249.5621	-2262.594	130.45967	-2360.2311	-2242.6711	-2242.6718
154	154	-2562.7841	-2480.9712	-2494.0598	81.812911	-2543.9253	-2474.2142	-2474.2156
155	155	-2786.7454	-2750.4204	-2762.9112	36.324907	-2782.9494	-2741.742	-2742.7932
156	156	-2671.7292	-2567.4037	-2580.5129	104.32556	-2653.0115	-2560.4079	-2560.67
157	157	-2714.6294	-2604.9803	-2618.1148	109.64912	-2695.2499	-2598.3718	-2598.3717
158	158	-3051.0027	-2946.6069	-2959.7247	104.39582	-3032.3068	-2940.2524	-2940.2537
159	159	-2421.7196	-2288.8964	-2301.9865	132.82313	-2402.6161	-2282.1414	-2282.1409
160	160	-2478.6749	-2371.2722	-2384.6287	107.40269	-2459.8406	-2362.6146	-2362.6119
161	161	-3099.6875	-3029.7887	-3042.69	69.898796	-3080.9987	-3021.7353	-3023.3157
162	162	-2664.8772	-2569.6045	-2582.7061	95.272642	-2646.2466	-2562.9318	-2562.9307
163	163	-2804.7079	-2737.5117	-2750.6197	67.196173	-2785.5434	-2730.9073	-2730.9066
164	164	-3236.5186	-3114.5724	-3127.6644	121.94623	-3218.0067	-3108.2332	-3108.2353
165	165	-3934.6842	-3880.2356	-3893.2795	54.44865	-3916.5304	-3874.0607	-3874.0606
166	166	-2669.0016	-2566.6763	-2580.0098	102.32533	-2650.3706	-2559.3577	-2559.3581
167	167	-2249.1134	-2104.7209	-2117.8207	144.39251	-2230.2068	-2097.811	-2097.8096
168	168	-3140.2913	-3075.0193	-3088.2919	65.271977	-3122.0849	-3066.9945	-3066.9829
169	169	-2560.0646	-2472.1631	-2485.4316	87.901563	-2541.6751	-2463.7525	-2463.7238
170	170	-3429.4973	-3325.9407	-3339.0397	103.55661	-3410.9673	-3319.7377	-3319.7371
171	171	-3669.9327	-3570.6222	-3583.9349	99.310436	-3651.5183	-3563.9128	-3563.9121
172	172	-2785.399	-2681.7144	-2695.0587	103.68461	-2766.6449	-2673.2182	-2673.215
173	173	-2949.2675	-2836.0598	-2849.1315	113.20767	-2930.5921	-2829.5882	-2829.5881
174	174	-3092.2315	-2941.483	-2954.5945	150.74846	-3073.7662	-2935.1087	-2935.1084
175	175	-3125.3257	-3042.89	-3056.1707	82.435714	-3107.05	-3035.8932	-3035.8904
176	176	-2883.8522	-2730.7609	-2743.8491	153.0913	-2865.0634	-2724.2715	-2724.2709
177	177	-2250.4177	-2132.774	-2145.8864	117.64375	-2229.0769	-2125.8588	-2125.859
178	178	-2432.6317	-2322.8412	-2335.9538	109.79047	-2413.9233	-2316.088	-2316.0887
179	179	-3086.9309	-3005.9742	-3019.1947	80.956761	-3068.4032	-2998.9987	-2998.9785
180	180	-2166.544	-2031.6561	-2044.9608	134.88788	-2147.5827	-2023.9397	-2023.9453
181	181	-2513.6771	-2381.5767	-2394.9	132.10046	-2494.7714	-2374.1749	-2374.178
182	182	-2374.2818	-2286.8829	-2299.9924	87.398954	-2370.3363	-2279.9761	-2280.0065
183	183	-2699.9417	-2560.8439	-2574.0896	139.0977	-2680.6041	-2553.932	-2553.9624
184	184	-3110.4111	-3009.2005	-3022.4162	101.2106	-3090.0552	-3001.4628	-3001.9659
185	185	-2575.5988	-2439.6369	-2452.6912	135.96187	-2556.732	-2432.9382	-2432.937
186	186	-2813.2429	-2698.2752	-2711.3724	114.96767	-2794.0732	-2691.7006	-2691.702
187	187	-3562.8054	-3483.6969	-3496.939	79.108511	-3544.2225	-3476.6713	-3476.6689
188	188	-3842.7583	-3745.6445	-3759.0393	97.113824	-3824.4455	-3737.3771	-3737.3585
189	189	-2266.23	-2177.3458	-2190.4363	88.884243	-2244.6516	-2170.4524	-2170.4527
190	190	-4291.7096	-4208.0872	-4221.2219	83.622459	-4273.4411	-4202.1394	-4202.1402
191	191	-2077.7409	-1866.0789	-1879.1948	211.66199	-2058.2929	-1858.9264	-1858.9259
192	192	-2386.7689	-2272.9005	-2286.0145	113.86841	-2367.7694	-2266.025	-2266.0285
193	193	-3242.8913	-3113.4435	-3126.5481	129.44788	-3222.614	-3107.1346	-3107.1345
194	194	-2269.028	-2115.1982	-2128.2834	153.82982	-2249.7945	-2108.3104	-2108.3091
195	195	-2643.232	-2484.2987	-2497.5514	158.93332	-2624.3077	-2476.8119	-2476.8101
196	196	-3080.8419	-2984.7079	-2997.8013	96.13403	-3062.2164	-2978.311	-2978.3113
197	197	-2995.9487	-2880.3936	-2893.7016	115.55511	-2977.3728	-2873.202	-2873.1998
198	198	-3953.2653	-3874.9529	-3888.2162	78.312406	-3935.2665	-3868.8505	-3868.8422
199	199	-3866.2984	-3784.3682	-3797.486	81.930261	-3847.8877	-3777.7139	-3777.7199
200	200	-3661.4375	-3580.5028	-3593.8057	80.93465	-3642.5378	-3573.6597	-3573.6555
201	201	-3586.9044	-3551.1784	-3564.4023	35.725999	-3568.1514	-3545.0594	-3545.0587
202	202	-2108.7395	-1988.069	-2001.1634	120.67043	-2104.6766	-1981.0644	-1981.0647
203	203	-3520.1211	-3399.2369	-3412.3408	120.88413	-3501.7148	-3393.0524	-3393.0522
204	204	-2796.883	-2673.0896	-2686.6357	123.79342	-2778.2537	-2664.244	-2664.2372
205	205	-3394.706	-3294.8342	-3307.9232	99.871777	-3376.6732	-3288.5837	-3288.586
206	206	-2307.5889	-2193.0491	-2206.3635	114.5398	-2288.268	-2185.5754	-2185.5774
207	207	-2383.1883	-2234.5403	-2247.6603	148.64805	-2364.5425	-2227.7488	-2227.7483
208	208	-3919.6283	-3861.2041	-3874.2912	58.424176	-3899.6519	-3855.0365	-3855.0358
209	209	-3253.786	-3174.6012	-3187.9218	79.184773	-3235.3769	-3167.3094	-3167.328
210	210	-3394.2053	-3368.8223	-3381.9208	25.382981	-3390.5305	-3361.4543	-3361.351
211	211	-3560.9418	-3463.6147	-3477.0421	97.327043	-3541.8278	-3455.2066	-3455.1814
212	212	-2765.6084	-2658.6401	-2671.7222	106.96834	-2746.699	-2651.7036	-2652.065
213	213	-2227.5525	-2052.9015	-2066.0141	174.651	-2208.4271	-2045.9778	-2045.9823
214	214	-3628.7101	-3491.2186	-3504.3049	137.49147	-3610.1855	-3485.1162	-3485.1181
215	215	-2646.2839	-2528.2173	-2541.4337	118.06658	-2627.5223	-2520.8446	-2520.8446
216	216	-2243.6534	-2125.6529	-2138.8705	118.00046	-2239.6527	-2118.378	-2118.3695
217	217	-2679.046	-2583.9955	-2597.0948	95.05048	-2659.7351	-2577.321	-2577.3198
218	218	-3168.7652	-3047.172	-3060.2482	121.59324	-3150.1777	-3040.7845	-3040.7874
219	219	-2294.6063	-2197.1735	-2210.1707	97.432781	-2290.6169	-2189.4284	-2190.2337
220	220	-2532.2239	-2438.9336	-2452.0138	93.290383	-2513.8382	-2430.1704	-2431.6406
221	221	-2731.1436	-2636.0327	-2649.3497	95.110913	-2712.4392	-2628.485	-2628.4587
222	222	-2405.0702	-2292.3997	-2305.5119	112.67046	-2386.3486	-2285.6154	-2285.6156
223	223	-2138.4187	-2017.3668	-2030.4646	121.0519	-2118.4771	-2010.3487	-2010.3485
224	224	-3254.1101	-3180.8661	-3193.9693	73.243987	-3235.0552	-3174.5252	-3174.5255
225	225	-2208.0324	-2130.3345	-2143.4237	77.697945	-2204.0191	-2123.3261	-2123.3261
226	226	-2410.944	-2307.3116	-2320.3963	103.63243	-2392.2014	-2300.5176	-2300.519
227	227	-4134.0596	-4052.0761	-4065.3049	81.983554	-4115.8886	-4045.9407	-4045.9468
228	228	-3182.4718	-3093.7136	-3106.9205	88.758256	-3162.3491	-3087.1899	-3087.2773
229	229	-2756.3881	-2679.4185	-2691.9264	76.969594	-2737.7809	-2672.4193	-2672.441
230	230	-2336.4968	-2216.8519	-2229.9587	119.64486	-2316.3195	-2210.057	-2210.0573
231	231	-2026.3467	-1845.4334	-1858.526	180.91332	-2006.9796	-1838.2624	-1838.2648
232	232	-2374.6412	-2240.245	-2253.4541	134.3962	-2355.7202	-2232.8063	-2232.805
233	233	-3766.2112	-3670.444	-3683.4136	95.767283	-3747.9458	-3663.4863	-3664.3331
234	234	-3600.4664	-3590.5457	-3599.6981	9.9206667	-3596.8823	-3577.1113	-3582.6258
235	235	-2401.3137	-2307.1897	-2319.0972	94.124047	-2381.9199	-2295.0784	-2298.8298
236	236	-3773.5984	-3727.0829	-3740.1918	46.515534	-3755.7781	-3720.8755	-3720.8763
237	237	-2409.1831	-2259.2397	-2272.3088	149.94346	-2389.4508	-2252.3007	-2252.2657
238	238	-3799.7312	-3719.2471	-3732.3516	80.484121	-3781.4926	-3713.1684	-3713.167
239	239	-2107.2942	-1969.9214	-1983.1769	137.37288	-2085.6498	-1962.6422	-1962.6371
240	240	-3644.599	-3579.1304	-3592.1658	65.468572	-3626.028	-3572.12	-3572.3184
241	241	-1934.3611	-1765.5138	-1778.6126	168.84728	-1914.6452	-1758.2833	-1758.281
242	242	-2476.1584	-2367.7656	-2380.881	108.39276	-2457.2214	-2361.0811	-2361.0809
243	243	-2682.1774	-2523.2909	-2536.396	158.88649	-2663.3607	-2516.6193	-2516.6177
244	244	-2835.9297	-2778.9211	-2792.1701	57.008627	-2832.1512	-2771.9279	-2771.9275
245	245	-3317.8172	-3194.6082	-3207.7011	123.20901	-3299.3304	-3188.3346	-3188.3347
246	246	-2272.8491	-2143.5571	-2156.6621	129.29194	-2253.7005	-2136.7416	-2136.7411
247	247	-3544.6879	-3488.2998	-3501.3467	56.388076	-3541.0684	-3481.9213	-3481.9208
248	248	-2829.891	-2661.3093	-2674.426	168.58169	-2811.1725	-2654.8328	-2654.8318
249	249	-3053.1282	-2905.0925	-2918.1702	148.03568	-3034.4222	-2898.6882	-2898.6891
250	250	-2481.6156	-2364.5808	-2377.7984	117.03475	-2463.0984	-2357.1506	-2357.1495
251	251	-2455.7458	-2321.4026	-2334.4717	134.34326	-2436.576	-2314.6605	-2314.6603
252	252	-3354.5291	-3209.8607	-3222.9613	144.66846	-3336.1872	-3203.6483	-3203.6483
253	253	-2756.5194	-2690.9556	-2704.2302	65.563744	-2752.7028	-2683.8791	-2683.8775
254	254	-4130.5347	-4020.9671	-4034.0542	109.56757	-4111.7403	-4015.0062	-4015.0034
255	255	-3194.0925	-3055.7984	-3069.0253	138.29417	-3175.4543	-3048.6882	-3048.6868
256	256	-4078.7433	-4049.9756	-4061.0432	28.767764	-4075.2513	-4043.7625	-4043.76
257	257	-3203.9372	-3093.4477	-3106.5598	110.48942	-3184.4547	-3087.0969	-3087.0979
258	258	-2224.1441	-2106.6873	-2119.7687	117.45683	-2220.1259	-2099.7266	-2099.7281
259	259	-1873.9891	-1728.453	-1741.7166	145.53607	-1854.6361	-1720.6718	-1720.6611
260	260	-1888.2297	-1746.8167	-1759.9321	141.41303	-1868.8491	-1739.5969	-1739.5976
261	261	-2771.0078	-2634.9009	-2647.9946	136.10691	-2752.2498	-2628.3457	-2628.346
262	262	-2857.2045	-2809.8994	-2823.0197	47.305109	-2853.4359	-2802.9648	-2802.9612
263	263	-2636.3017	-2536.5764	-2549.6726	99.725269	-2617.4861	-2529.8143	-2529.7268
264	264	-2657.8007	-2528.2451	-2541.3363	129.55561	-2639.0349	-2521.695	-2521.6938
265	265	-3243.7365	-3161.1124	-3174.2058	82.624097	-3225.3397	-3154.726	-3154.7261
266	266	-3519.6721	-3482.9066	-3496.0083	36.765522	-3516.0303	-3475.6924	-3476.5146
267	267	-2746.1	-2682.4192	-2695.3758	63.680787	-2742.2962	-2674.5217	-2675.7031
268	268	-2774.0802	-2724.1748	-2737.4497	49.905411	-2770.2838	-2717.1363	-2717.1358
269	269	-3033.6126	-2927.9099	-2941.1361	105.70267	-3014.492	-2920.6968	-2920.6946
270	270	-2661.4864	-2570.1662	-2583.4675	91.32016	-2642.8997	-2562.01	-2561.9798
271	271	-2300.7068	-2090.1032	-2103.2176	210.60359	-2281.2384	-2083.1443	-2083.1455
272	272	-3213.3734	-3066.5755	-3079.6568	146.79792	-3194.8424	-3060.2493	-3060.2481
273	273	-2211.3665	-2078.3246	-2091.4222	133.04194	-2191.6879	-2071.4247	-2071.4247
274	274	-3188.9601	-3107.7765	-3121.0798	81.183516	-3170.7004	-3100.8054	-3100.801
275	275	-2823.1731	-2735.407	-2748.6777	87.766122	-2804.5584	-2728.302	-2728.2997
276	276	-2838.2714	-2769.4274	-2782.6971	68.844057	-2818.8935	-2762.3017	-2762.3024
277	277	-3184.3693	-3088.3029	-3101.6468	96.066454	-3165.9331	-3080.8501	-3080.8324
278	278	-2273.905	-2129.7183	-2142.8013	144.18674	-2254.8808	-2122.7974	-2122.7974
279	279	-2396.37	-2296.0764	-2309.2212	100.29362	-2392.4566	-2289.2997	-2289.2998
280	280	-1922.6426	-1766.0357	-1779.3072	156.60693	-1903.451	-1758.2167	-1758.217
281	281	-1932.4625	-1763.7897	-1776.8863	168.67273	-1911.9765	-1756.5346	-1756.5344
282	282	-2574.0263	-2525.3735	-2538.3588	48.652877	-2570.1773	-2517.5736	-2517.4797
283	283	-4490.4705	-4449.5058	-4462.5987	40.964697	-4471.7822	-4443.4129	-4443.4525
284	284	-2618.8471	-2454.4686	-2467.5511	164.37854	-2599.9491	-2447.7864	-2447.7869
285	285	-3513.4395	-3458.31	-3471.6022	55.129512	-3494.6884	-3450.5616	-3450.5508
286	286	-2357.585	-2249.072	-2262.2136	108.51297	-2353.6248	-2240.5282	-2241.6533
287	287	-3347.0043	-3237.0338	-3250.2637	109.97048	-3328.7311	-3229.8468	-3229.8486
288	288	-3272.2122	-3154.5514	-3167.6246	117.6608	-3253.8733	-3148.2826	-3148.2839
289	289	-3139.8874	-3039.0716	-3052.3054	100.8158	-3121.2999	-3031.9411	-3031.9377
290	290	-3009.7601	-2955.5352	-2968.8372	54.224953	-2991.4413	-2948.5365	-2948.5368
291	291	-3095.2669	-3005.7084	-3018.8379	89.558512	-3076.2278	-2999.2731	-2999.2732
292	292	-3091.0464	-3009.9098	-3023.0312	81.13659	-3071.9749	-3003.4313	-3003.4315
293	293	-2765.2951	-2636.0196	-2649.2523	129.27548	-2746.9949	-2627.9621	-2627.9497
294	294	-2949.1686	-2892.1896	-2905.4667	56.979	-2945.4398	-2885.2846	-2885.277
295	295	-2497.1968	-2342.3709	-2355.4447	154.8259	-2478.2429	-2335.6542	-2335.6527
296	296	-2406.8191	-2280.9471	-2294.1927	125.87204	-2387.8904	-2273.5262	-2273.5258
297	297	-2436.3379	-2331.4085	-2344.5466	104.92941	-2417.7902	-2324.6282	-2324.6278
298	298	-2195.5236	-2057.2875	-2070.4053	138.23606	-2176.3814	-2050.3363	-2050.3364
299	299	-2307.3152	-2177.1629	-2190.4956	130.15225	-2288.3178	-2168.3711	-2168.3728
300	300	-2132.2001	-1977.9473	-1991.0666	154.2528	-2113.0985	-1970.9042	-1970.9042
301	301	-4058.9443	-4033.1886	-4046.2951	25.755762	-4040.359	-4026.6354	-4026.5591
302	302	-2582.9869	-2484.0698	-2497.1764	98.91709	-2561.2846	-2477.3025	-2477.3033
303	303	-2921.6056	-2823.855	-2836.9298	97.750691	-2903.0161	-2817.3088	-2817.3088
304	304	-3333.5977	-3276.41	-3289.3596	57.187754	-3314.964	-3268.9621	-3270.0849
305	305	-1911.6426	-1714.1709	-1727.2739	197.47171	-1892.1452	-1706.8483	-1706.8478
306	306	-3331.1592	-3206.8941	-3219.988	124.26507	-3312.5826	-3200.6792	-3200.6792
307	307	-2512.4374	-2391.9983	-2405.2853	120.43908	-2508.5441	-2384.6137	-2384.6144
308	308	-2184.5481	-2081.1174	-2094.2191	103.43074	-2164.7656	-2074.1526	-2074.1533
309	309	-3892.1928	-3815.6243	-3828.7185	76.568492	-3873.8957	-3809.5759	-3809.5762
310	310	-3142.2567	-3047.7163	-3060.806	94.540407	-3123.745	-3041.2658	-3041.264
311	311	-2708.3567	-2600.5155	-2613.619	107.84128	-2689.7701	-2593.9319	-2593.9324
312	312	-2535.4379	-2487.2127	-2500.4469	48.225239	-2531.5675	-2480.0445	-2480.0427
313	313	-3273.3348	-3171.7456	-3184.9721	101.58923	-3254.8564	-3164.6294	-3164.6314
314	314	-3418.8361	-3325.766	-3338.879	93.070163	-3400.4571	-3319.4509	-3319.4436
315	315	-3448.9279	-3385.3814	-3398.6861	63.546493	-3430.8355	-3377.3659	-3377.3505
316	316	-2947.0033	-2822.6308	-2835.7402	124.37248	-2928.319	-2816.1379	-2816.1371
317	317	-1941.7853	-1794.5587	-1807.8435	147.22667	-1922.434	-1786.7314	-1786.7326
318	318	-2187.0658	-2046.8762	-2059.9491	140.18961	-2168.1367	-2039.9061	-2039.9047
319	319	-2893.7862	-2729.7938	-2742.9084	163.99239	-2875.0871	-2723.3095	-2723.3092
320	320	-2293.701	-2170.5323	-2183.6493	123.16871	-2289.7235	-2163.6405	-2163.6417
321	321	-1980.8136	-1862.3216	-1875.6404	118.49199	-1961.5488	-1853.4916	-1853.481
322	322	-2865.8541	-2756.9321	-2769.997	108.92208	-2847.1345	-2750.3954	-2750.3939
323	323	-2753.5597	-2609.8548	-2622.9629	143.70495	-2734.7404	-2603.2903	-2603.2913
324	324	-2826.6739	-2661.5162	-2674.6793	165.15769	-2808.0907	-2655.0161	-2655.0153
325	325	-2994.8078	-2970.9603	-2981.7154	23.847522	-2991.0657	-2963.853	-2964.0604
326	326	-1952.3242	-1856.8056	-1869.8865	95.518519	-1948.1848	-1849.3382	-1849.6263
327	327	-2554.2922	-2436.6342	-2449.7109	117.65803	-2535.5172	-2429.908	-2429.9068
328	328	-2377.7162	-2264.8489	-2277.924	112.86724	-2358.9377	-2257.9683	-2257.9683
329	329	-2809.0563	-2708.5299	-2721.8085	100.52637	-2790.4324	-2701.3768	-2701.374
330	330	-4006.3458	-3910.8965	-3924.0508	95.449341	-3988.1108	-3904.8612	-3904.861
331	331	-3199.3937	-3146.4752	-3159.5733	52.918522	-3180.3311	-3140.0449	-3140.0243
332	332	-2365.6941	-2257.4972	-2270.7405	108.197	-2361.7504	-2250.2053	-2250.2053
333	333	-2734.3631	-2637.9044	-2651.0158	96.45867	-2716.1059	-2630.9516	-2630.7888
334	334	-2334.6495	-2208.1445	-2221.257	126.50505	-2315.2512	-2201.3686	-2201.3686
335	335	-2669.7392	-2603.7807	-2616.8859	65.958524	-2665.9131	-2597.0444	-2597.045
336	336	-3019.5527	-2913.9789	-2927.0893	105.57378	-3000.9873	-2907.5322	-2907.5334
337	337	-3621.0766	-3538.3972	-3551.4773	82.679459	-3602.6543	-3532.2602	-3532.26
338	338	-2783.7782	-2698.382	-2711.4942	85.396258	-2765.0696	-2691.7821	-2691.7843
339	339	-2243.5812	-2096.9682	-2110.1883	146.61298	-2224.83	-2089.9287	-2089.9299
340	340	-3033.1657	-2908.999	-2922.102	124.16673	-3014.4217	-2902.5961	-2902.5952
341	341	-2982.7172	-2898.8618	-2911.9561	83.855407	-2964.357	-2892.4173	-2892.4177
342	342	-2637.4581	-2531.4497	-2544.7775	106.00845	-2618.6469	-2522.9223	-2522.9031
343	343	-2233.7601	-2086.234	-2099.3413	147.52612	-2213.8863	-2079.3045	-2079.3042
344	344	-2691.1102	-2601.8776	-2614.9929	89.232596	-2672.4787	-2595.2228	-2595.2261
345	345	-2865.5603	-2767.173	-2780.2848	98.387338	-2846.6633	-2760.6708	-2760.6702
346	346	-2028.3692	-1882.7779	-1896.0944	145.59123	-2009.4509	-1875.0989	-1875.0559
347	347	-3315.1124	-3259.9839	-3273.081	55.128582	-3295.0635	-3253.5761	-3253.5781
348	348	-2413.9799	-2303.2683	-2316.5168	110.71155	-2410.0353	-2295.9123	-2295.9142
349	349	-2578.4873	-2508.9456	-2522.0437	69.54172	-2574.619	-2502.1763	-2502.1766
350	350	-2624.7785	-2460.7201	-2473.8242	164.05845	-2606.1406	-2454.1214	-2454.1215
351	351	-3433.3958	-3312.7381	-3326.0247	120.65769	-3414.9488	-3305.971	-3305.9723
352	352	-2815.303	-2693.2471	-2706.3574	122.05583	-2796.4443	-2686.7198	-2686.7215
353	353	-3964.267	-3863.2598	-3876.3709	101.00722	-3946.0152	-3857.1901	-3857.1918
354	354	-2592.0533	-2481.8113	-2494.9015	110.24203	-2573.3232	-2474.6594	-2474.5654
355	355	-3186.1043	-3076.236	-3089.3269	109.86832	-3167.6421	-3069.9373	-3069.9373
356	356	-2105.5196	-1981.8978	-1995.0052	123.62179	-2101.4399	-1974.8471	-1974.847
357	357	-3628.0583	-3532.2065	-3545.3093	95.851834	-3609.6686	-3526.049	-3526.0474
358	358	-2612.0033	-2456.3373	-2469.5299	155.66595	-2593.1337	-2448.7699	-2448.7663
359	359	-3535.6536	-3449.8834	-3462.9667	85.770176	-3517.2885	-3443.6879	-3443.6917
360	360	-2975.8732	-2849.9096	-2862.9947	125.9636	-2957.0778	-2843.4252	-2843.4251
361	361	-1862.9133	-1648.1789	-1661.281	214.73444	-1843.0113	-1640.7057	-1640.7054
362	362	-4128.2718	-4085.1288	-4098.2469	43.142978	-4110.146	-4078.9964	-4078.9961
363	363	-2962.7379	-2862.7889	-2875.8996	99.948959	-2944.1773	-2856.0007	-2856.286
364	364	-2872.7303	-2764.7769	-2777.8619	107.95332	-2853.419	-2758.2382	-2758.2382
365	365	-2588.1802	-2460.9345	-2474.2566	127.24572	-2569.3753	-2453.5205	-2453.5216
366	366	-3362.921	-3321.0981	-3334.0235	41.822892	-3359.244	-3313.2202	-3314.4226
367	367	-2183.6632	-2038.7371	-2051.8245	144.92605	-2164.5426	-2031.7614	-2031.7607
368	368	-2851.7688	-2734.4621	-2747.7419	117.3067	-2832.9733	-2727.5613	-2727.5589
369	369	-2730.5181	-2645.9055	-2659.0094	84.612606	-2711.8472	-2639.2387	-2639.2392
370	370	-2888.8264	-2768.1379	-2781.3884	120.68855	-2870.1617	-2761.3133	-2761.3138
371	371	-2585.0829	-2471.0291	-2484.2933	114.05377	-2581.2026	-2463.2743	-2463.2129
372	372	-3540.9329	-3430.9037	-3443.993	110.02914	-3522.4488	-3424.7656	-3424.7661
373	373	-2254.9235	-2141.4631	-2154.5721	113.46044	-2235.8474	-2134.5687	-2134.5685
374	374	-3461.5672	-3385.7784	-3395.1456	75.78883	-3444.0115	-3377.9426	-3378.8684
375	375	-3091.562	-3006.7738	-3019.6628	84.788261	-3071.8702	-2997.4479	-2997.4729
376	376	-2332.447	-2217.0696	-2230.1944	115.37738	-2313.4555	-2210.2141	-2210.2142
377	377	-2003.384	-1856.1483	-1869.2639	147.23571	-1983.5063	-1848.9977	-1848.9971
378	378	-2762.3463	-2663.0473	-2676.3615	99.299038	-2743.8855	-2654.5333	-2654.5291
379	379	-2931.6258	-2836.9519	-2850.064	94.673832	-2912.87	-2830.4428	-2830.4417
380	380	-3326.4911	-3261.4851	-3274.5689	65.006013	-3307.9777	-3254.3624	-3254.6568
381	381	-2469.4725	-2363.6105	-2376.7454	105.86209	-2451.1361	-2356.8663	-2356.8664
382	382	-2945.0891	-2856.8413	-2869.964	88.247784	-2926.4704	-2850.3547	-2850.3542
383	383	-3108.1058	-3053.3556	-3066.4613	54.750179	-3089.5356	-3046.9601	-3046.961
384	384	-2682.9632	-2582.2663	-2595.3825	100.69687	-2664.6224	-2575.583	-2575.583
385	385	-3425.2533	-3365.9845	-3379.0928	59.268827	-3407.1085	-3359.5422	-3359.3775
386	386	-2843.449	-2770.5313	-2783.6289	72.917683	-2824.6617	-2763.9804	-2763.9806
387	387	-3309.6084	-3250.1442	-3263.414	59.464168	-3291.0303	-3243.204	-3243.2029
388	388	-3249.1017	-3127.5076	-3140.6264	121.59407	-3230.3783	-3121.2589	-3121.2588
389	389	-2472.379	-2346.6586	-2359.7716	125.72046	-2453.7616	-2339.8749	-2339.8752
390	390	-2948.2917	-2767.2456	-2780.397	181.04607	-2929.5016	-2760.8508	-2760.8511
391	391	-3009.0197	-2935.54	-2948.6311	73.479642	-3005.2612	-2928.8583	-2928.8583
392	392	-2910.6162	-2822.9923	-2836.0937	87.623921	-2892.1889	-2816.5037	-2816.502
393	393	-2502.8187	-2443.1411	-2456.2455	59.677604	-2498.9587	-2436.353	-2436.3533
394	394	-3094.99	-2974.8938	-2987.9737	120.09626	-3076.2623	-2968.5033	-2968.5048
395	395	-2437.2199	-2322.0418	-2335.1834	115.1781	-2418.4159	-2313.3535	-2314.6867
396	396	-2922.5527	-2836.8868	-2850.1651	85.665868	-2904.0107	-2829.7944	-2829.7909
397	397	-2427.6291	-2354.5119	-2367.6316	73.11716	-2423.7088	-2347.5817	-2347.6543
398	398	-2866.0386	-2785.2432	-2798.4537	80.795315	-2846.61	-2778.3964	-2778.392
399	399	-2839.5281	-2756.8717	-2770.1915	82.656369	-2835.7363	-2749.7805	-2749.7786
400	400	-3293.3945	-3217.2549	-3230.5107	76.139571	-3274.9803	-3210.519	-3210.5026
401	401	-2472.2667	-2360.6364	-2373.9436	111.63028	-2453.1534	-2353.2962	-2353.2923
402	402	-2759.4569	-2609.3533	-2622.4692	150.10363	-2740.762	-2602.8233	-2602.8226
403	403	-2223.1992	-2090.9761	-2104.0603	132.22318	-2203.2689	-2084.0927	-2084.0932
404	404	-2107.4802	-1987.3727	-2000.6469	120.10755	-2103.4274	-1979.8332	-1979.8383
405	405	-3151.9835	-3029.7321	-3042.8582	122.25137	-3133.3976	-3023.3978	-3023.3948
406	406	-3232.8241	-3143.5032	-3156.6086	89.320883	-3214.7646	-3137.1359	-3137.1365
407	407	-2958.651	-2818.8248	-2831.9288	139.82621	-2940.4248	-2812.3557	-2812.3375
408	408	-2740.1801	-2621.541	-2634.6306	118.63909	-2721.7461	-2614.6508	-2614.961
409	409	-2494.4715	-2368.3391	-2381.4305	126.13232	-2475.4363	-2361.6524	-2361.6532
410	410	-2476.2053	-2298.1451	-2311.225	178.06025	-2457.1027	-2291.3997	-2291.3976
411	411	-4170.2895	-4110.6358	-4123.9228	59.653639	-4151.4613	-4103.9708	-4103.9709
412	412	-3655.1416	-3552.6842	-3565.9121	102.45747	-3636.8083	-3546.2446	-3546.2102
413	413	-3666.3085	-3607.2597	-3620.0674	59.048849	-3662.7012	-3597.4167	-3598.6501
414	414	-3273.7944	-3206.462	-3219.5593	67.332464	-3255.2746	-3198.8925	-3198.8955
415	415	-3798.3859	-3749.5506	-3762.7008	48.835291	-3786.4648	-3743.1929	-3743.3242
416	416	-2291.0749	-2174.4989	-2187.6146	116.57598	-2287.061	-2167.5932	-2167.5931
417	417	-3966.1355	-3919.5027	-3932.3283	46.632786	-3948.0212	-3910.45	-3913.3567
418	418	-2964.8222	-2896.9063	-2910.2116	67.915925	-2945.9105	-2889.9	-2889.8994
419	419	-2796.7397	-2706.9968	-2720.2982	89.742832	-2778.0108	-2698.7533	-2698.6906
420	420	-3906.0124	-3819.3235	-3832.684	86.688858	-3887.1011	-3812.5157	-3812.5148
421	421	-3031.8802	-2950.7004	-2963.7925	81.179838	-3013.7377	-2944.1817	-2944.182
422	422	-3020.5638	-2864.2403	-2877.4841	156.3235	-3001.9405	-2856.8656	-2856.8656
423	423	-2535.0703	-2411.962	-2425.0777	123.10829	-2516.1656	-2405.1767	-2405.2035
424	424	-2853.3501	-2755.6798	-2768.77	97.670377	-2835.0396	-2749.1469	-2749.1491
425	425	-2733.8601	-2659.3315	-2672.4247	74.528677	-2715.1857	-2652.7022	-2652.7021
426	426	-2186.2918	-2027.3059	-2040.3759	158.98591	-2167.1373	-2020.3221	-2020.3225
427	427	-3245.2229	-3121.3141	-3134.5626	123.90884	-3226.6339	-3114.1702	-3114.1625
428	428	-2430.3425	-2307.1999	-2320.4156	123.14259	-2411.413	-2299.7165	-2299.7158
429	429	-2934.9497	-2870.4603	-2883.6012	64.489387	-2916.2129	-2860.934	-2862.1844
430	430	-2741.3868	-2646.7225	-2660.0349	94.664222	-2722.4516	-2639.5391	-2639.5288
431	431	-2585.549	-2493.5575	-2506.8488	91.991513	-2581.664	-2486.2965	-2486.2957
432	432	-2624.7401	-2516.114	-2529.2025	108.62604	-2606.1164	-2509.4169	-2509.4165
433	433	-2917.1781	-2862.0382	-2875.0384	55.139805	-2913.3758	-2852.3854	-2854.1133
434	434	-3750.6356	-3629.4764	-3642.7673	121.15914	-3732.2193	-3622.9782	-3622.9768
435	435	-3505.2367	-3389.1486	-3402.2586	116.08809	-3486.8697	-3382.9782	-3382.9774
436	436	-1701.9673	-1523.2587	-1536.3566	178.70859	-1682.3983	-1515.7276	-1515.7275
437	437	-2746.4733	-2604.3573	-2617.4654	142.11599	-2727.8	-2597.7312	-2597.7299
438	438	-2870.7169	-2771.6227	-2784.7192	99.094205	-2866.9313	-2765.025	-2765.0246
439	439	-2627.349	-2524.2869	-2537.3782	103.0621	-2608.4939	-2517.6396	-2517.6381
440	440	-3081.1586	-2915.4686	-2928.5627	165.69008	-3062.5133	-2909.1121	-2909.1114
441	441	-2724.1358	-2622.4025	-2635.474	101.73325	-2705.7614	-2615.764	-2615.7632
442	442	-2932.9105	-2847.0723	-2860.274	85.838114	-2914.3224	-2839.6322	-2839.5752
443	443	-3092.2291	-3007.9213	-3020.9029	84.307834	-3073.0424	-3000.3917	-3001.4602
444	444	-2550.3079	-2473.5721	-2486.6736	76.735766	-2546.4035	-2466.7448	-2466.7465
445	445	-2819.4274	-2705.8235	-2718.9502	113.60389	-2800.6497	-2699.2878	-2699.2887
446	446	-1982.0385	-1836.2201	-1849.2952	145.81847	-1961.7099	-1829.0594	-1829.0608
447	447	-3636.8477	-3548.5297	-3561.8467	88.31801	-3618.5238	-3541.6301	-3541.6239
448	448	-2178.3684	-2051.0349	-2064.1567	127.33349	-2148.438	-2044.0666	-2044.0679
449	449	-3285.5849	-3191.2948	-3204.3941	94.2901	-3267.1267	-3184.9337	-3184.9326
450	450	-3280.5338	-3231.0697	-3244.1978	49.464032	-3262.4193	-3224.6448	-3224.6453
451	451	-2266.0262	-2120.4187	-2133.5248	145.60746	-2246.0016	-2113.5197	-2113.5194
452	452	-2397.2111	-2235.9535	-2249.06	161.25753	-2378.4215	-2229.2186	-2229.2182
453	453	-2602.3014	-2521.4991	-2534.6024	80.802336	-2583.1113	-2514.8292	-2514.8288
454	454	-2322.4309	-2243.8633	-2257.1259	78.567547	-2318.4504	-2236.3143	-2236.5191
455	455	-2447.9706	-2285.8645	-2298.996	162.10611	-2429.1409	-2279.142	-2279.1449
456	456	-3141.5859	-2997.9774	-3011.0723	143.60843	-3123.0751	-2991.6506	-2991.6513
457	457	-3094.7612	-2981.6673	-2994.7633	113.09384	-3076.1811	-2975.2447	-2975.2447
458	458	-2235.7371	-2095.6001	-2108.9311	140.13702	-2216.4154	-2088.0054	-2088.0079
459	459	-1942.2612	-1814.2346	-1827.5427	128.02653	-1938.1054	-1806.5916	-1806.5868
460	460	-3651.2231	-3612.3497	-3625.3812	38.873337	-3631.9747	-3603.8937	-3605.6039
461	461	-2244.1491	-2032.3401	-2045.4091	211.80895	-2224.837	-2025.354	-2025.3542
462	462	-2519.5824	-2423.2208	-2436.5214	96.361556	-2500.7985	-2415.7907	-2415.7805
463	463	-2364.9356	-2240.0158	-2253.1354	124.9198	-2346.3618	-2233.2228	-2233.2256
464	464	-2160.1342	-2128.0114	-2137.2478	32.12283	-2156.0911	-2119.6684	-2119.7554
465	465	-3034.5304	-2962.2189	-2975.2756	72.311593	-3015.6321	-2955.7658	-2955.7646
466	466	-2384.3438	-2297.9265	-2311.0278	86.417301	-2380.4078	-2291.0521	-2291.0487
467	467	-2824.2454	-2671.253	-2684.3438	152.99239	-2805.5839	-2664.7085	-2664.7082
468	468	-2722.9396	-2517.4742	-2530.5435	205.46544	-2703.9538	-2510.8825	-2510.8816
469	469	-2219.4304	-2085.932	-2099.01	133.49833	-2200.3083	-2079.0114	-2079.0121
470	470	-2401.1606	-2292.7378	-2305.9439	108.42284	-2382.2498	-2285.7691	-2285.771
471	471	-2036.2633	-1846.5593	-1859.657	189.70397	-2016.987	-1839.425	-1839.4282
472	472	-3606.9259	-3586.0143	-3597.3703	20.911597	-3603.3409	-3578.7319	-3579.0702
473	473	-3869.8904	-3858.8364	-3869.7328	11.054068	-3866.3544	-3845.3855	-3850.5607
474	474	-2731.2109	-2642.7981	-2656.0956	88.412849	-2712.4945	-2635.5881	-2635.5911
475	475	-2869.953	-2661.3867	-2674.4723	208.56635	-2850.9063	-2654.9221	-2654.9226
476	476	-4072.9637	-3971.7689	-3985.0857	101.19484	-4054.7782	-3964.3746	-3964.3707
477	477	-2786.8505	-2702.8261	-2715.9371	84.024364	-2768.072	-2696.1982	-2696.1745
478	478	-2721.0152	-2610.0987	-2623.1839	110.91649	-2701.101	-2603.4915	-2603.4913
479	479	-2658.5773	-2532.0998	-2545.156	126.47744	-2639.8882	-2525.43	-2525.4301
480	480	-2532.062	-2421.5185	-2434.7588	110.54347	-2512.5801	-2414.4635	-2414.4567
481	481	-2689.2902	-2606.3181	-2619.3888	82.972048	-2661.9673	-2599.6129	-2599.6131
482	482	-1647.5969	-1532.0718	-1545.155	115.52503	-1643.3522	-1524.577	-1524.577
483	483	-3212.1602	-3124.7505	-3137.8357	87.409767	-3193.6472	-3118.3715	-3118.371
484	484	-2869.8306	-2844.8328	-2856.9496	24.997828	-2866.0618	-2835.371	-2836.661
485	485	-2718.6161	-2585.968	-2599.0166	132.64809	-2700.0247	-2579.3854	-2579.3848
486	486	-4022.1858	-3908.5509	-3921.6356	113.63485	-4003.9233	-3902.5511	-3902.551
487	487	-2674.9295	-2677.6685	-2679.1794	-2.7390101	-2671.1384	-2669.9765	-2668.7306
488	488	-3323.3162	-3244.8449	-3258.0857	78.471266	-3304.2889	-3237.8339	-3237.8286
489	489	-3561.7433	-3478.4127	-3491.5139	83.330555	-3543.6535	-3472.2003	-3472.2002
490	490	-2895.9019	-2826.4394	-2839.675	69.462436	-2892.1282	-2819.3483	-2819.3393
491	491	-3020.109	-2868.4111	-2881.5086	151.69794	-3001.542	-2862.0151	-2862.0146
492	492	-3105.9812	-2960.4761	-2973.5695	145.50517	-3087.4108	-2954.0898	-2954.0903
493	493	-2749.6668	-2612.4409	-2625.5587	137.22598	-2730.528	-2605.8656	-2605.8657
494	494	-2259.7566	-2141.5707	-2154.8715	118.18581	-2241.0474	-2133.8985	-2133.8661
495	495	-2096.0815	-1944.9601	-1958.1896	151.12147	-2076.6598	-1937.095	-1937.1039
496	496	-3688.8269	-3583.3289	-3596.4284	105.49802	-3670.4983	-3577.1856	-3577.1858
497	497	-3266.5964	-3220.7516	-3233.9796	45.844777	-3262.8775	-3213.8867	-3213.888
498	498	-4037.6192	-3961.8972	-3974.9489	75.722005	-4019.3772	-3955.8576	-3955.8563
499	499	-2912.9814	-2821.9791	-2835.0936	91.00232	-2893.8644	-2815.4459	-2815.4458
