No.	ID	loglik_NUll	loglik_RES	loglik_all	log_ratio	loglik_Max1	loglik_Max2	loglik_Max3
0	0	-2566.7836	-2502.7211	-2506.2869	64.062436	-2562.9194	-2492.5856	-2492.5744
1	1	-2102.526	-2069.9107	-2073.2164	32.6153	-2098.443	-2060.1367	-2060.1375
2	2	-2117.5452	-2089.1278	-2092.3943	28.417323	-2113.4999	-2079.1954	-2079.1786
3	3	-2176.1458	-2166.3929	-2169.6958	9.7528895	-2172.1398	-2156.5325	-2156.532
4	4	-2239.1311	-2202.4801	-2206.1236	36.651062	-2235.1448	-2191.903	-2191.9036
5	5	-2023.8326	-2021.6262	-2024.8973	2.2063838	-2019.7568	-2010.5639	-2011.6224
6	6	-1998.4311	-1947.3963	-1951.6995	51.034848	-1994.3255	-1935.3482	-1935.3469
7	7	-2988.8605	-2967.6946	-2970.962	21.165907	-2985.135	-2958.2956	-2958.2959
8	8	-2077.8057	-2045.7393	-2049.0143	32.066454	-2073.7743	-2035.9982	-2035.9977
9	9	-1443.2596	-1392.5552	-1395.9751	50.704442	-1438.8616	-1382.4924	-1382.4929
10	10	-2387.0733	-2384.8138	-2388.0801	2.2594755	-2383.1564	-2374.4519	-2374.9449
11	11	-2268.8532	-2252.543	-2255.8369	16.310161	-2264.9056	-2242.1575	-2242.7884
12	12	-2186.2903	-2166.4529	-2169.7166	19.837473	-2182.2662	-2156.6494	-2156.6486
13	13	-2849.6162	-2812.9621	-2816.2352	36.654103	-2845.8449	-2803.6091	-2803.6089
14	14	-2240.8761	-2211.5116	-2214.791	29.364561	-2236.9219	-2201.852	-2201.8534
15	15	-2025.0231	-1995.1369	-1998.3953	29.886245	-2020.9555	-1985.2715	-1985.2719
16	16	-1680.9522	-1657.9332	-1661.3529	23.019007	-1676.7337	-1647.8652	-1648.0094
17	17	-1789.1407	-1727.7853	-1731.2742	61.355398	-1784.9243	-1716.5383	-1716.5395
18	18	-2041.6512	-2000.3164	-2003.6435	41.334795	-2037.5645	-1990.5639	-1990.5626
19	19	-1931.1319	-1911.5543	-1914.9731	19.577572	-1927.0004	-1901.3821	-1901.3621
20	20	-2594.227	-2559.8824	-2563.1278	34.344602	-2590.3775	-2550.3747	-2550.374
21	21	-2315.1604	-2304.4628	-2307.7398	10.697506	-2311.2332	-2293.2249	-2294.7068
22	22	-2257.9205	-2226.4098	-2230.231	31.510744	-2253.9418	-2215.9114	-2215.9086
23	23	-2729.5708	-2720.6365	-2724.1066	8.9343118	-2725.7442	-2709.8787	-2709.8714
24	24	-2043.7887	-2018.6273	-2022.1714	25.161371	-2039.7138	-2007.3035	-2007.2715
25	25	-1697.0326	-1674.1143	-1677.7594	22.91835	-1692.8045	-1662.6742	-1662.6786
26	26	-2091.8279	-2043.8621	-2047.472	47.965823	-2087.7762	-2032.6275	-2032.6264
27	27	-2273.1412	-2232.8978	-2236.1646	40.243434	-2269.1527	-2223.2489	-2223.2493
28	28	-2538.7433	-2511.703	-2515.2252	27.040318	-2534.8739	-2500.79	-2500.7898
29	29	-3261.582	-3255.6015	-3259.4253	5.9804836	-3257.9015	-3244.4686	-3244.4684
30	30	-3583.1373	-3572.5416	-3576.0021	10.595742	-3579.5428	-3562.8861	-3562.8867
31	31	-2722.3277	-2714.4633	-2717.7745	7.8644114	-2718.5107	-2701.2506	-2704.0738
32	32	-2206.2373	-2201.3289	-2205.2507	4.908462	-2202.2382	-2189.2649	-2189.2631
33	33	-2563.909	-2547.1028	-2551.1842	16.806275	-2560.0297	-2535.5273	-2535.4984
34	34	-1840.6653	-1783.7305	-1787.8306	56.934781	-1836.464	-1773.0609	-1773.0602
35	35	-2085.9458	-2021.9278	-2025.1937	64.018009	-2081.8756	-2012.2272	-2012.2272
36	36	-3030.5992	-3017.6199	-3021.7359	12.979288	-3026.8739	-3007.204	-3007.2006
37	37	-1953.2488	-1923.3632	-1927.1373	29.885646	-1949.1225	-1911.7928	-1911.7924
38	38	-1538.6401	-1532.6511	-1535.9159	5.9890654	-1534.3622	-1522.4064	-1522.4066
39	39	-1711.9515	-1645.368	-1649.5374	66.583457	-1707.7292	-1632.6043	-1632.6008
40	40	-2250.5958	-2155.461	-2159.1644	95.134793	-2246.5899	-2144.8939	-2144.895
41	41	-1906.6399	-1888.6968	-1891.9929	17.943103	-1902.499	-1878.7225	-1878.724
42	42	-2015.9999	-2006.2564	-2009.5355	9.743535	-2011.9264	-1996.3009	-1996.3008
43	43	-2309.3601	-2295.5023	-2298.7661	13.85776	-2305.4012	-2285.7281	-2285.7264
44	44	-2018.7093	-2016.6098	-2019.7177	2.0995348	-2014.6409	-2003.3892	-2006.5812
45	45	-2913.2752	-2910.4938	-2913.797	2.7813636	-2909.5029	-2899.8461	-2900.9172
46	46	-2745.1462	-2724.2133	-2727.7382	20.932872	-2741.3491	-2713.4888	-2713.4873
47	47	-1980.3325	-1954.2527	-1957.8488	26.079822	-1976.2228	-1942.8781	-1942.8777
48	48	-1609.3431	-1582.4471	-1585.7183	26.895957	-1605.078	-1572.2143	-1572.212
49	49	-2242.7223	-2210.597	-2213.8607	32.125261	-2238.7369	-2200.8884	-2200.888
50	50	-2931.3547	-2923.0124	-2926.8438	8.3422588	-2927.6122	-2911.9298	-2911.9279
51	51	-2813.8586	-2808.8617	-2812.3049	4.9968986	-2810.074	-2798.6882	-2798.6829
52	52	-2258.735	-2210.7417	-2213.9926	47.993299	-2254.7437	-2201.0871	-2201.0885
53	53	-3562.7538	-3541.664	-3545.1439	21.08986	-3559.1283	-3531.8474	-3531.8437
54	54	-3457.9105	-3429.7096	-3432.9953	28.200906	-3454.2665	-3420.5057	-3420.5055
55	55	-3276.68	-3207.4589	-3211.141	69.22108	-3272.9656	-3197.2811	-3197.2809
56	56	-2183.5771	-2130.2471	-2134.0104	53.330009	-2179.5544	-2119.3751	-2119.3751
57	57	-2212.4186	-2191.0524	-2194.3296	21.366211	-2208.4288	-2181.2805	-2181.2821
58	58	-2965.2197	-2933.8895	-2937.6343	31.330189	-2961.4758	-2923.1332	-2923.1241
59	59	-2150.6338	-2136.46	-2139.7367	14.173785	-2146.6187	-2126.6327	-2126.6375
60	60	-1724.0815	-1692.0962	-1695.5226	31.985368	-1719.8394	-1681.795	-1681.7967
61	61	-3111.7412	-3103.8912	-3107.1859	7.8500105	-3108.0096	-3094.013	-3094.4619
62	62	-2754.7678	-2726.6681	-2730.0707	28.099691	-2750.9889	-2715.1228	-2715.1087
63	63	-2482.5792	-2453.8012	-2457.1125	28.777915	-2478.6798	-2444.1036	-2444.24
64	64	-1831.9918	-1786.2427	-1790.2724	45.749036	-1827.8179	-1774.9178	-1774.9177
65	65	-2085.7149	-2070.5676	-2073.8192	15.147273	-2081.6506	-2060.6015	-2060.5833
66	66	-1997.1424	-1961.6544	-1964.9403	35.488046	-1993.0229	-1951.7928	-1951.7937
67	67	-1614.4446	-1549.4445	-1552.721	65.000115	-1610.1652	-1539.4437	-1539.4436
68	68	-2878.7331	-2844.9687	-2848.2329	33.764463	-2874.9867	-2835.6208	-2835.6212
69	69	-1918.1782	-1863.3609	-1866.6744	54.81732	-1914.0493	-1853.5743	-1853.5728
70	70	-1908.9666	-1877.2192	-1880.5386	31.74736	-1904.8391	-1867.3754	-1867.3751
71	71	-3919.5202	-3915.4398	-3919.0419	4.0804387	-3916.0134	-3905.1128	-3905.2546
72	72	-1851.7921	-1851.5553	-1854.6005	0.23682004	-1847.6183	-1841.2507	-1841.3927
73	73	-2543.3053	-2542.3037	-2547.5811	1.001614	-2539.45	-2526.7983	-2531.405
74	74	-3138.6547	-3127.8677	-3131.0952	10.787037	-3134.9312	-3118.3413	-3118.3345
75	75	-1543.6594	-1512.9878	-1516.2816	30.671631	-1539.3717	-1502.8441	-1502.8431
76	76	-2480.9116	-2462.377	-2465.6583	18.53451	-2477.0263	-2452.7444	-2452.7444
77	77	-3287.4283	-3251.1714	-3254.6555	36.256906	-3283.7193	-3241.1284	-3241.0311
78	78	-1591.1965	-1575.9942	-1579.2835	15.20229	-1586.8993	-1564.8652	-1565.7793
79	79	-1967.7866	-1939.3112	-1942.5796	28.475427	-1963.695	-1929.4321	-1929.4322
80	80	-1570.8761	-1531.5076	-1534.9126	39.368558	-1566.5728	-1521.2189	-1521.2095
81	81	-2504.4308	-2473.0265	-2476.6292	31.404314	-2500.5231	-2462.6507	-2462.6458
82	82	-2047.447	-1985.3049	-1988.9603	62.142063	-2043.3736	-1974.5505	-1974.5395
83	83	-2055.0824	-2007.9529	-2011.7181	47.129529	-2050.9946	-1997.0273	-1997.026
84	84	-2025.5593	-2007.304	-2010.5965	18.255227	-2021.4803	-1995.5905	-1997.3407
85	85	-2269.2483	-2259.1845	-2262.4763	10.063821	-2265.3023	-2249.4062	-2249.4067
86	86	-4310.9398	-4303.699	-4306.979	7.2408235	-4307.5117	-4293.2964	-4294.1026
87	87	-2944.4676	-2916.9633	-2920.2392	27.504295	-2940.7154	-2907.5839	-2907.5844
88	88	-2389.1475	-2371.9937	-2375.6031	17.153751	-2385.2461	-2360.9667	-2360.9688
89	89	-3079.2968	-3045.5493	-3049.0323	33.74755	-3075.5887	-3035.73	-3035.7271
90	90	-1727.2757	-1701.236	-1704.506	26.039761	-1723.0861	-1690.9974	-1690.9746
91	91	-2243.0315	-2216.283	-2219.5723	26.748498	-2239.0437	-2206.5792	-2206.5801
92	92	-2209.0294	-2191.8939	-2195.1803	17.135568	-2205.035	-2182.1053	-2182.1059
93	93	-3186.7149	-3188.5972	-3190.6372	-1.8823229	-3183.0087	-3178.7565	-3178.8197
94	94	-2491.4078	-2488.2628	-2489.989	3.1450164	-2487.5154	-2472.6699	-2478.2807
95	95	-2318.8059	-2279.9868	-2283.2563	38.819118	-2314.8597	-2270.3885	-2270.3882
96	96	-2354.8674	-2338.177	-2341.4588	16.69042	-2350.9421	-2328.4849	-2328.4847
97	97	-1607.187	-1575.4548	-1578.7366	31.732248	-1602.938	-1565.4189	-1565.4188
98	98	-2257.8503	-2237.4466	-2240.6942	20.403772	-2253.8684	-2227.685	-2227.6855
99	99	-1894.0196	-1845.703	-1848.9904	48.316653	-1889.8642	-1835.8477	-1835.8478
100	100	-2593.2072	-2542.0441	-2545.6534	51.163154	-2589.3517	-2531.7471	-2531.7441
101	101	-1972.0418	-1913.9145	-1917.2013	58.127227	-1967.9551	-1904.1663	-1904.1658
102	102	-1519.755	-1479.4727	-1482.7639	40.282289	-1515.4537	-1469.362	-1469.362
103	103	-2376.124	-2333.862	-2337.5244	42.262065	-2372.219	-2322.4585	-2322.4232
104	104	-1831.1119	-1819.114	-1823.4463	11.997914	-1826.9191	-1808.2826	-1808.2705
105	105	-1906.4515	-1846.5623	-1850.4553	59.889153	-1902.2972	-1834.6848	-1835.6186
106	106	-2542.3076	-2472.624	-2475.8902	69.683601	-2538.4266	-2463.1961	-2463.1956
107	107	-1749.7726	-1705.6115	-1708.8663	44.161136	-1745.5399	-1695.6798	-1695.6794
108	108	-2589.1897	-2537.1786	-2540.783	52.011093	-2585.2915	-2526.2492	-2526.2079
109	109	-2146.8713	-2081.5617	-2084.8284	65.309563	-2142.831	-2071.9363	-2071.9363
110	110	-2544.9665	-2526.7831	-2530.3505	18.183456	-2541.099	-2516.4229	-2516.4144
111	111	-2644.8488	-2606.4609	-2610.8115	38.387851	-2641.0188	-2595.3695	-2595.3664
112	112	-2228.3244	-2215.6586	-2218.9736	12.665823	-2224.3507	-2205.8907	-2205.8903
113	113	-2274.0919	-2252.0904	-2255.5869	22.001542	-2270.1484	-2241.1854	-2241.1897
114	114	-4104.9049	-4094.5963	-4098.1184	10.308545	-4101.422	-4084.3084	-4084.3086
115	115	-3261.6906	-3226.5368	-3229.8134	35.15378	-3257.9925	-3217.2978	-3217.2965
116	116	-2120.3493	-2083.3679	-2087.2233	36.981436	-2116.3497	-2071.6506	-2072.46
117	117	-4264.3136	-4266.8165	-4268.5276	-2.5029078	-4259.4204	-4254.1066	-4256.9106
118	118	-2535.3537	-2515.7239	-2518.9855	19.629778	-2531.4849	-2506.1348	-2506.1352
119	119	-2376.6213	-2359.6509	-2363.2379	16.970437	-2372.7086	-2348.6103	-2348.6068
120	120	-2273.8393	-2255.171	-2258.4329	18.668281	-2269.8564	-2245.4031	-2245.4008
121	121	-1540.8376	-1462.956	-1466.2644	77.881685	-1536.5206	-1452.9483	-1452.9485
122	122	-2414.7779	-2378.3401	-2381.6492	36.437788	-2410.8578	-2368.7983	-2368.7979
123	123	-2273.9445	-2221.5389	-2226.3461	52.405629	-2269.9627	-2209.1734	-2209.1727
124	124	-1232.2467	-1213.7073	-1217.7047	18.539375	-1227.6938	-1201.7119	-1201.7141
125	125	-2599.8772	-2602.8925	-2604.1219	-3.0152297	-2596.0566	-2592.6202	-2592.3608
126	126	-1582.1336	-1548.2138	-1551.4908	33.919822	-1577.8108	-1538.0995	-1538.0998
127	127	-1727.6825	-1725.0104	-1727.2206	2.6721444	-1723.4833	-1713.7901	-1713.7945
128	128	-1770.1199	-1741.2631	-1744.7787	28.856827	-1765.9305	-1729.4152	-1729.164
129	129	-1907.1723	-1822.7121	-1826.0239	84.460178	-1903.0408	-1813.0389	-1813.0403
130	130	-1396.4035	-1334.3855	-1337.911	62.01801	-1391.9838	-1323.643	-1323.6397
131	131	-1691.3374	-1644.8053	-1648.0667	46.532127	-1687.0988	-1634.8172	-1634.8176
132	132	-2125.9873	-2091.6515	-2094.9622	34.335821	-2121.9254	-2081.8975	-2081.8975
133	133	-2026.6313	-1995.0836	-1998.7303	31.547704	-2022.5758	-1983.8745	-1983.8731
134	134	-2828.4467	-2797.2777	-2800.9597	31.169075	-2824.6772	-2786.9301	-2786.9315
135	135	-1927.3636	-1842.1199	-1845.9382	85.243738	-1923.1929	-1831.0025	-1831.0041
136	136	-2971.8122	-2950.7575	-2954.0458	21.054695	-2968.0641	-2941.3623	-2941.3617
137	137	-3499.5406	-3471.711	-3475.1582	27.829624	-3495.897	-3462.2685	-3462.2667
138	138	-2258.8455	-2195.467	-2199.1956	63.378581	-2254.8695	-2184.8674	-2184.865
139	139	-2120.8049	-2076.0567	-2079.8068	44.748284	-2116.7527	-2065.2293	-2065.2306
140	140	-1542.9071	-1462.1757	-1465.4509	80.731378	-1538.6081	-1452.1686	-1452.1685
141	141	-1341.2387	-1312.1193	-1315.6955	29.119347	-1336.7884	-1300.9905	-1300.6835
142	142	-2215.6177	-2173.8119	-2177.102	41.805815	-2211.6176	-2164.1279	-2164.1311
143	143	-1580.8217	-1511.6543	-1515.2941	69.167415	-1576.5406	-1500.1922	-1500.1917
144	144	-2642.0833	-2579.8915	-2583.1693	62.191834	-2638.2252	-2570.5242	-2570.5251
145	145	-2513.9819	-2505.5427	-2509.3562	8.4392641	-2510.0966	-2495.0893	-2495.0787
146	146	-3177.7032	-3153.9489	-3157.436	23.754327	-3174.0233	-3144.129	-3144.1213
147	147	-1552.8972	-1499.02	-1502.4474	53.877155	-1548.6167	-1488.9813	-1488.98
148	148	-2931.9678	-2904.1608	-2907.4299	27.806997	-2928.2256	-2894.7764	-2894.7762
149	149	-1482.1868	-1465.6161	-1468.911	16.5707	-1477.8794	-1455.4068	-1455.407
150	150	-2548.8813	-2547.7333	-2551.2597	1.1480093	-2545.0167	-2536.7832	-2536.7818
151	151	-2391.6786	-2345.8255	-2349.4968	45.853111	-2387.7402	-2335.414	-2335.4117
152	152	-1791.3407	-1726.3584	-1729.6994	64.982273	-1787.1336	-1716.5755	-1716.5761
153	153	-2007.8157	-1985.2043	-1988.4613	22.611312	-2003.7395	-1975.3029	-1975.3045
154	154	-2475.45	-2461.2661	-2465.5823	14.183851	-2471.5517	-2450.2418	-2450.2402
155	155	-2866.0621	-2859.6975	-2864.0955	6.3645899	-2862.2982	-2847.5571	-2847.5595
156	156	-1872.5168	-1840.4648	-1843.739	32.051983	-1868.3796	-1830.5907	-1830.5907
157	157	-1763.8081	-1692.8431	-1696.1246	70.965002	-1759.5974	-1682.973	-1682.9733
158	158	-2528.8608	-2508.5704	-2511.845	20.290372	-2524.9948	-2498.9518	-2498.9519
159	159	-2527.0055	-2508.5333	-2511.8204	18.47215	-2523.1373	-2498.9377	-2498.9373
160	160	-2850.2629	-2813.6808	-2816.9536	36.582161	-2846.5216	-2804.3488	-2804.3519
161	161	-2954.4995	-2902.7392	-2906.3566	51.760268	-2950.7444	-2891.8248	-2891.7772
162	162	-1882.6929	-1836.8088	-1840.1071	45.884074	-1878.5509	-1826.1612	-1826.9521
163	163	-2914.8291	-2904.7241	-2907.7409	10.105017	-2911.0712	-2893.8888	-2893.9648
164	164	-2170.3313	-2127.8359	-2131.1272	42.495371	-2166.3187	-2118.1495	-2118.1491
165	165	-2728.193	-2718.2485	-2721.5125	9.9444594	-2724.4026	-2707.9068	-2708.6648
166	166	-2966.6881	-2955.0425	-2958.3373	11.645593	-2962.9223	-2943.3714	-2945.5379
167	167	-2321.764	-2283.9603	-2287.554	37.803656	-2317.798	-2272.8243	-2272.8234
168	168	-3642.4124	-3632.2357	-3635.7464	10.176691	-3638.8369	-3621.6677	-3622.5188
169	169	-1319.5293	-1277.7479	-1281.207	41.781371	-1315.0961	-1267.553	-1267.5464
170	170	-3654.3311	-3618.3816	-3621.9101	35.949474	-3637.0123	-3608.8594	-3608.8574
171	171	-3224.0807	-3196.2905	-3199.5387	27.790233	-3220.3748	-3187.0128	-3187.0118
172	172	-3441.7006	-3395.8504	-3399.0892	45.85018	-3424.1682	-3386.757	-3386.7571
173	173	-2043.4889	-2019.4304	-2022.7141	24.05848	-2039.4352	-2009.6189	-2009.6191
174	174	-1871.269	-1830.9484	-1834.2054	40.320642	-1867.1102	-1821.0732	-1821.0702
175	175	-2539.5311	-2511.7839	-2515.0446	27.747132	-2535.6643	-2502.2164	-2502.2161
176	176	-2126.6657	-2084.1761	-2087.9305	42.489645	-2122.63	-2073.7961	-2073.7961
177	177	-2964.7231	-2924.3416	-2927.6286	40.381443	-2960.9719	-2914.5725	-2915.0536
178	178	-2154.3248	-2117.3534	-2121.2192	36.971371	-2150.2879	-2106.8707	-2106.8655
179	179	-3139.5631	-3130.3186	-3133.7149	9.2444769	-3135.8614	-3119.8704	-3119.8789
180	180	-1558.1845	-1457.4478	-1460.7159	100.73672	-1553.8669	-1447.4355	-1447.4361
181	181	-3271.7907	-3255.6139	-3259.1774	16.176833	-3268.1452	-3245.808	-3245.8072
182	182	-2103.0861	-2088.454	-2091.7368	14.632092	-2099.0719	-2078.6301	-2078.6309
183	183	-2215.0955	-2185.6388	-2189.2499	29.456696	-2211.1302	-2175.0386	-2175.038
184	184	-2713.4546	-2665.7269	-2668.9832	47.727668	-2709.6595	-2656.3694	-2656.3698
185	185	-2315.9719	-2278.2568	-2281.7674	37.715181	-2312.0031	-2266.2492	-2266.2075
186	186	-2415.8642	-2372.8072	-2376.0676	43.057047	-2411.9531	-2363.2655	-2363.2663
187	187	-1758.1507	-1731.886	-1735.1801	26.264688	-1753.9779	-1720.6016	-1721.9097
188	188	-3100.4098	-3090.3334	-3093.6163	10.07645	-3096.7019	-3080.437	-3080.8981
189	189	-2694.7324	-2692.2645	-2695.5658	2.4678419	-2690.9301	-2682.624	-2682.6235
190	190	-2963.1056	-2957.1201	-2959.7314	5.9855861	-2959.3567	-2945.0523	-2946.2097
191	191	-1574.5106	-1529.8993	-1533.195	44.61125	-1570.2342	-1519.8371	-1519.8336
192	192	-1911.0162	-1901.1906	-1904.4755	9.8255692	-1906.8926	-1891.0986	-1891.1066
193	193	-2945.5804	-2940.173	-2943.4253	5.4074139	-2941.8156	-2928.8927	-2930.6125
194	194	-2611.8494	-2585.631	-2588.8901	26.218324	-2608.0326	-2575.9759	-2576.1469
195	195	-2264.0896	-2234.1175	-2237.9436	29.972086	-2260.1163	-2223.0274	-2223.0266
196	196	-2302.8	-2285.038	-2289.0319	17.761966	-2298.8569	-2273.0652	-2272.9885
197	197	-2361.9538	-2354.9968	-2359.3036	6.9569862	-2358.0128	-2342.2654	-2343.0308
198	198	-1796.1406	-1761.7782	-1765.0642	34.362445	-1791.946	-1751.838	-1751.8503
199	199	-2310.8595	-2305.004	-2308.0038	5.8555493	-2306.9202	-2293.267	-2293.264
200	200	-2158.0851	-2102.3203	-2105.6116	55.764765	-2154.0666	-2092.6732	-2092.6737
201	201	-2132.4731	-2129.768	-2131.5459	2.7051689	-2128.4638	-2114.3661	-2119.8522
202	202	-1998.6049	-1935.5705	-1938.864	63.034399	-1994.5269	-1925.8849	-1925.8863
203	203	-2387.2535	-2335.4514	-2338.7325	51.802114	-2383.3188	-2325.9195	-2325.9202
204	204	-2774.7652	-2706.7373	-2710.0186	68.027919	-2770.9616	-2697.437	-2697.4368
205	205	-2518.7658	-2471.1541	-2474.4314	47.611682	-2514.9007	-2461.7039	-2461.7027
206	206	-1884.482	-1876.7445	-1880.1453	7.7374991	-1880.3052	-1866.8189	-1866.8203
207	207	-2962.1221	-2940.4759	-2944.1383	21.646131	-2958.3785	-2930.165	-2930.1647
208	208	-2417.5904	-2400.1204	-2403.4003	17.469975	-2413.6903	-2390.4641	-2390.4335
209	209	-2176.912	-2104.7033	-2107.9787	72.208708	-2172.8851	-2095.1131	-2095.114
210	210	-2217.5228	-2186.3266	-2189.5896	31.196141	-2213.5569	-2176.6327	-2176.6336
211	211	-2079.8267	-2039.1443	-2042.409	40.682425	-2075.7521	-2029.3797	-2029.381
212	212	-3158.2693	-3151.8938	-3155.1448	6.3755578	-3154.572	-3142.364	-3142.365
213	213	-2111.628	-2067.8583	-2071.542	43.769637	-2107.5878	-2057.1812	-2057.1787
214	214	-3505.3179	-3501.2435	-3505.1196	4.0744778	-3501.7099	-3492.5179	-3492.4936
215	215	-2210.2008	-2178.3496	-2181.652	31.851176	-2206.2091	-2168.6771	-2168.6763
216	216	-2701.2504	-2703.1495	-2705.3564	-1.8990433	-2697.4283	-2693.2163	-2693.9061
217	217	-1938.775	-1894.1663	-1897.4072	44.608726	-1934.6313	-1884.2746	-1884.2345
218	218	-1852.0452	-1818.677	-1821.9378	33.368153	-1847.883	-1808.7732	-1808.7726
219	219	-4546.996	-4541.8973	-4544.8786	5.0986958	-4543.6151	-4530.0515	-4529.7908
220	220	-2256.8564	-2228.7265	-2232.5596	28.129889	-2252.889	-2217.6839	-2217.6766
221	221	-1597.2465	-1535.2011	-1538.4734	62.045363	-1592.94	-1525.1922	-1525.195
222	222	-2158.7311	-2112.5505	-2115.8264	46.180609	-2154.6993	-2102.8558	-2102.8567
223	223	-2703.7148	-2662.3399	-2665.629	41.374958	-2699.8973	-2652.9276	-2652.9281
224	224	-2386.7785	-2379.5403	-2382.8216	7.2382416	-2382.8313	-2369.7532	-2369.7542
225	225	-2106.2604	-2048.7107	-2052.0032	57.54971	-2102.1898	-2039.006	-2039.0054
226	226	-1785.41	-1757.4505	-1760.6975	27.959456	-1781.1888	-1747.4656	-1747.4649
227	227	-1732.77	-1693.3392	-1696.7536	39.43081	-1728.5454	-1683.1971	-1683.1967
228	228	-2702.7429	-2687.6428	-2691.46	15.100117	-2698.9218	-2675.9417	-2675.9415
229	229	-2045.1871	-2024.4774	-2028.2551	20.709718	-2041.1134	-2013.5769	-2013.5737
230	230	-2656.0727	-2635.0447	-2638.3366	21.02795	-2652.2354	-2625.4851	-2625.4829
231	231	-1200.112	-1126.6302	-1129.9218	73.48187	-1195.5157	-1116.2006	-1116.2006
232	232	-2207.3964	-2164.8377	-2168.7107	42.55868	-2203.4052	-2153.7868	-2153.7873
233	233	-3053.4741	-3020.7112	-3023.9809	32.762897	-3049.7499	-3011.4199	-3011.4177
234	234	-1868.6211	-1819.6096	-1822.8945	49.011524	-1864.4739	-1809.7742	-1809.7744
235	235	-1850.5736	-1849.8839	-1853.0972	0.68977905	-1846.3983	-1839.2682	-1839.515
236	236	-3213.6432	-3197.5992	-3206.6779	16.043961	-3209.9288	-3189.1326	-3189.1117
237	237	-1919.9435	-1908.4811	-1913.1067	11.462482	-1915.815	-1895.6132	-1895.6058
238	238	-1862.3948	-1814.77	-1818.0905	47.624853	-1858.2428	-1804.9469	-1804.949
239	239	-2358.7733	-2333.9562	-2337.2347	24.817044	-2354.8553	-2324.3442	-2324.3443
240	240	-2229.2857	-2202.7854	-2206.3654	26.500295	-2225.2807	-2191.701	-2191.6956
241	241	-2255.257	-2234.2134	-2237.486	21.043556	-2251.2862	-2224.4446	-2224.4418
242	242	-2362.791	-2319.5522	-2322.8361	43.238714	-2358.8452	-2309.9609	-2309.9572
243	243	-3161.3663	-3132.2143	-3135.5109	29.151977	-3157.6496	-3122.9706	-3122.9728
244	244	-2977.8227	-2968.3119	-2971.5824	9.5107633	-2974.0172	-2958.8041	-2958.8038
245	245	-2758.197	-2721.318	-2725.0116	36.879046	-2754.3865	-2710.8747	-2710.8669
246	246	-1687.9672	-1629.3035	-1632.5842	58.663695	-1683.7269	-1619.3512	-1619.3501
247	247	-1434.551	-1405.7251	-1408.9821	28.825883	-1430.1866	-1395.478	-1395.4786
248	248	-2070.0921	-2012.7143	-2016.0039	57.377817	-2065.9939	-2002.9878	-2002.9887
249	249	-2690.8491	-2658.1742	-2662.3622	32.674894	-2687.0212	-2647.1176	-2647.1183
250	250	-3246.7747	-3219.7268	-3223.2019	27.047874	-3243.0756	-3209.924	-3209.9227
251	251	-3060.4359	-3045.9235	-3049.2203	14.512455	-3056.6775	-3036.5114	-3036.5129
252	252	-2871.7375	-2836.2639	-2840.5479	35.473549	-2867.9825	-2825.3411	-2825.3409
253	253	-2370.7977	-2357.7304	-2361.2122	13.067391	-2366.8758	-2346.7235	-2346.815
254	254	-1931.971	-1871.6537	-1875.0055	60.317349	-1927.8206	-1861.9288	-1861.9293
255	255	-2427.928	-2419.5649	-2422.8495	8.3631317	-2424.0337	-2409.8358	-2409.8353
256	256	-3174.889	-3119.6006	-3122.8712	55.288429	-3171.1938	-3110.4765	-3110.4757
257	257	-2021.013	-1965.4989	-1968.7598	55.514064	-2016.9179	-1955.7421	-1955.7428
258	258	-2675.4657	-2634.5521	-2637.8126	40.913584	-2671.6564	-2625.1401	-2625.1399
259	259	-2446.4997	-2341.8776	-2345.4326	104.62206	-2427.918	-2331.3822	-2331.3718
260	260	-2616.7281	-2602.6037	-2606.1791	14.124384	-2612.8663	-2589.9477	-2592.2027
261	261	-2684.3855	-2660.1037	-2663.7052	24.281862	-2680.5771	-2649.7774	-2649.7767
262	262	-1920.1638	-1888.7124	-1891.9952	31.451364	-1916.0323	-1878.8393	-1878.8393
263	263	-3122.3659	-3085.0779	-3088.6048	37.287951	-3118.6457	-3075.3303	-3075.3294
264	264	-2266.5061	-2246.5508	-2249.8036	19.955288	-2262.5487	-2236.7927	-2236.7934
265	265	-1663.7151	-1618.7068	-1621.9895	45.008302	-1659.4459	-1608.6445	-1608.6122
266	266	-3176.7558	-3143.3549	-3147.2932	33.400879	-3173.0275	-3133.2385	-3133.2281
267	267	-2292.1023	-2263.5294	-2267.1625	28.572909	-2288.1326	-2252.9946	-2252.9943
268	268	-2616.9057	-2606.7251	-2610.0171	10.180579	-2613.0643	-2597.109	-2597.1098
269	269	-1882.9269	-1872.6788	-1876.1311	10.248055	-1878.7736	-1862.2607	-1862.2591
270	270	-1985.5303	-1947.852	-1951.1519	37.678275	-1981.4411	-1938.0387	-1938.0383
271	271	-1875.1221	-1831.5395	-1834.7562	43.582569	-1870.9494	-1821.6589	-1821.6574
272	272	-1714.6002	-1652.2614	-1655.5493	62.338844	-1710.3852	-1642.3922	-1642.3933
273	273	-2159.9858	-2126.0545	-2129.7256	33.931277	-2155.9671	-2115.3735	-2115.3671
274	274	-2236.335	-2201.9006	-2205.6046	34.434437	-2232.3528	-2189.6412	-2191.2055
275	275	-1973.5739	-1965.9639	-1969.5786	7.61003	-1969.4744	-1950.511	-1954.9447
276	276	-1783.7362	-1758.6425	-1761.9029	25.093758	-1779.5432	-1748.6445	-1748.6441
277	277	-2813.93	-2766.0466	-2769.4214	47.883422	-2810.1387	-2754.8489	-2754.3682
278	278	-1282.4247	-1251.4066	-1254.6804	31.018177	-1277.9182	-1240.9643	-1240.9642
279	279	-1808.7078	-1772.0859	-1776.1666	36.62186	-1804.546	-1760.6636	-1760.6671
280	280	-2474.6067	-2461.4688	-2464.7121	13.137904	-2470.7443	-2451.7747	-2451.775
281	281	-1807.7147	-1762.6695	-1765.8993	45.045213	-1803.4993	-1752.746	-1752.7459
282	282	-1848.65	-1838.1363	-1841.6164	10.513726	-1844.4558	-1827.6305	-1827.5504
283	283	-2215.5104	-2207.7788	-2211.3809	7.7315945	-2211.5224	-2196.5077	-2196.5998
284	284	-3147.1556	-3102.0623	-3105.6431	45.093243	-3143.4194	-3092.2266	-3092.2224
285	285	-2415.031	-2383.6893	-2387.4241	31.341778	-2411.1242	-2373.0113	-2373.0048
286	286	-2811.9198	-2808.6126	-2811.6901	3.3072306	-2808.1645	-2798.3878	-2799.4902
287	287	-2833.6028	-2817.2379	-2820.5031	16.364988	-2829.8026	-2807.7453	-2807.7451
288	288	-3304.5593	-3304.0814	-3308.2371	0.47795286	-3300.9052	-3287.0911	-3291.9821
289	289	-1962.4964	-1923.9221	-1927.1852	38.574272	-1958.4031	-1914.1081	-1914.108
290	290	-2781.8474	-2776.9046	-2780.1923	4.942838	-2778.0803	-2766.7738	-2767.3252
291	291	-3407.7585	-3392.572	-3396.0459	15.186469	-3404.0678	-3379.225	-3381.8033
292	292	-2613.9547	-2586.0794	-2590.3722	27.875295	-2610.1218	-2574.7917	-2574.7955
293	293	-2307.1421	-2248.1427	-2251.4367	58.999392	-2303.179	-2238.6005	-2238.6006
294	294	-3125.8083	-3084.0943	-3087.6358	41.714058	-3122.0943	-3074.1763	-3074.1703
295	295	-3064.4395	-3065.1446	-3068.3206	-0.7050553	-3060.6627	-3053.6905	-3054.7462
296	296	-1761.132	-1708.2559	-1712.3514	52.87607	-1756.9073	-1696.8633	-1696.8601
297	297	-1572.5781	-1516.0127	-1519.2866	56.565421	-1568.2845	-1505.9765	-1505.9776
298	298	-1492.0951	-1452.7024	-1455.9947	39.392607	-1487.7423	-1440.5799	-1442.6784
299	299	-1803.3253	-1749.5079	-1752.8342	53.817352	-1799.1185	-1739.6622	-1739.6627
300	300	-2117.8801	-2048.4132	-2051.6972	69.466873	-2113.8508	-2038.7972	-2038.7974
301	301	-3935.0211	-3930.9667	-3936.2083	4.054405	-3931.5113	-3921.1009	-3921.9309
302	302	-3214.6319	-3213.0009	-3216.3235	1.6309929	-3210.9484	-3202.2421	-3203.5318
303	303	-2183.5833	-2123.5404	-2126.8136	60.042881	-2179.5813	-2113.9328	-2113.9331
304	304	-1890.6945	-1867.8201	-1871.1224	22.874351	-1886.5353	-1857.7594	-1857.7406
305	305	-1494.617	-1475.6143	-1479.1013	19.002634	-1490.2715	-1464.9743	-1464.9741
306	306	-3285.7199	-3273.636	-3276.932	12.083931	-3282.0484	-3264.266	-3264.2665
307	307	-2379.3026	-2359.0552	-2362.3495	20.24738	-2375.3911	-2348.9375	-2349.407
308	308	-1649.6085	-1640.3081	-1643.8556	9.3004834	-1645.3808	-1628.786	-1628.7819
309	309	-2214.8788	-2152.2732	-2155.9578	62.605594	-2210.8929	-2141.7535	-2141.7521
310	310	-2206.4792	-2191.5251	-2194.8148	14.954128	-2202.4826	-2181.7332	-2181.733
311	311	-2679.9227	-2658.2685	-2661.88	21.654227	-2676.0975	-2647.9848	-2647.9853
312	312	-1628.3277	-1559.2715	-1562.5662	69.056194	-1624.0987	-1549.354	-1549.3536
313	313	-2360.267	-2309.9187	-2313.181	50.348321	-2356.3305	-2300.3569	-2300.359
314	314	-2027.7432	-1954.5236	-1957.8446	73.219621	-2023.6313	-1944.8636	-1944.8632
315	315	-2314.1545	-2296.6686	-2299.9747	17.485896	-2310.1989	-2286.9566	-2286.9544
316	316	-2708.6343	-2704.5345	-2707.8905	4.0998118	-2704.8449	-2692.9424	-2693.9816
317	317	-3264.334	-3203.5875	-3207.1148	60.746465	-3260.6428	-3193.8757	-3193.8786
318	318	-2841.0697	-2842.6183	-2844.8654	-1.5486134	-2837.3314	-2830.7361	-2831.7354
319	319	-2140.5523	-2118.0565	-2121.3417	22.495759	-2136.5263	-2108.2734	-2108.2726
320	320	-3248.6551	-3246.1941	-3249.6861	2.4610746	-3244.9835	-3231.0908	-3235.5657
321	321	-2964.9128	-2950.1317	-2953.6377	14.781086	-2961.1589	-2940.0826	-2940.0815
322	322	-2460.8168	-2448.51	-2452.0566	12.306809	-2456.9096	-2436.0311	-2437.3942
323	323	-1824.288	-1811.4362	-1814.741	12.851869	-1820.1017	-1801.4138	-1801.414
324	324	-3974.7633	-3976.7062	-3978.7962	-1.9429088	-3971.2557	-3967.8553	-3968.2442
325	325	-2300.7694	-2276.9532	-2280.2593	23.816172	-2296.8194	-2267.2891	-2267.289
326	326	-1838.0021	-1781.5734	-1784.881	56.428758	-1833.7979	-1771.7475	-1771.7469
327	327	-2705.7376	-2680.7351	-2684.0526	25.002469	-2701.9314	-2671.2677	-2671.2684
328	328	-3201.6553	-3185.2494	-3188.5614	16.405928	-3197.6549	-3174.3739	-3174.3757
329	329	-2193.7277	-2191.4345	-2194.7119	2.2931204	-2189.7398	-2181.3277	-2181.3169
330	330	-3192.5213	-3147.8806	-3151.7425	44.640766	-3188.8152	-3136.6476	-3136.6267
331	331	-2097.0842	-2066.7463	-2069.9921	30.337904	-2093.0357	-2056.9459	-2056.9487
332	332	-3323.3257	-3326.0524	-3327.5439	-2.7267807	-3319.6313	-3315.5739	-3317.1098
333	333	-2001.5978	-1959.6533	-1962.9101	41.94442	-1997.5167	-1949.8566	-1949.8581
334	334	-2862.2079	-2824.1759	-2827.4657	38.031938	-2858.428	-2814.8428	-2814.8419
335	335	-3486.5765	-3481.5212	-3485.3184	5.0553504	-3482.9706	-3470.3297	-3470.3277
336	336	-2793.7365	-2782.087	-2785.6385	11.649432	-2789.9668	-2771.9131	-2771.9013
337	337	-1746.717	-1739.1531	-1742.4614	7.5639063	-1742.5129	-1728.7745	-1728.7713
338	338	-2539.5167	-2531.4762	-2534.9071	8.0404588	-2535.6436	-2520.7159	-2520.7053
339	339	-1942.9981	-1890.6063	-1894.3244	52.391883	-1938.859	-1879.7026	-1879.6962
340	340	-1618.2156	-1590.3161	-1594.5816	27.899446	-1613.9943	-1578.4312	-1578.4278
341	341	-3073.7941	-3042.9834	-3046.2935	30.810694	-3070.0493	-3033.7004	-3033.7012
342	342	-2161.3391	-2127.0749	-2130.3414	34.264179	-2157.3428	-2117.3383	-2117.3381
343	343	-1965.3239	-1901.4723	-1904.7474	63.851647	-1961.2164	-1891.7152	-1891.7154
344	344	-2614.4123	-2563.6386	-2567.2065	50.773669	-2610.5582	-2553.4222	-2553.4213
345	345	-1881.3033	-1786.2739	-1789.5552	95.029347	-1877.1568	-1776.5917	-1776.5917
346	346	-2238.9367	-2184.3834	-2187.6678	54.553291	-2234.9062	-2174.7195	-2174.7195
347	347	-1965.6383	-1948.1228	-1951.5608	17.51551	-1961.5168	-1936.8948	-1937.9365
348	348	-2133.7419	-2126.223	-2131.7405	7.5188428	-2129.7215	-2113.2035	-2113.2035
349	349	-2651.5282	-2615.1303	-2618.4218	36.397853	-2647.7011	-2605.6879	-2605.688
350	350	-2823.4171	-2810.8467	-2814.1135	12.570375	-2819.6197	-2801.3254	-2801.3245
351	351	-2868.9764	-2853.2794	-2856.5607	15.697086	-2865.2015	-2843.8048	-2843.8049
352	352	-1920.3083	-1865.2599	-1868.6082	55.048417	-1916.1561	-1855.4709	-1855.4713
353	353	-1542.3489	-1470.9026	-1474.1694	71.446333	-1538.0214	-1460.8561	-1460.8562
354	354	-2602.2688	-2600.2034	-2603.561	2.0654459	-2598.4097	-2589.6079	-2589.6077
355	355	-1092.2582	-1076.0692	-1079.7529	16.189072	-1087.5579	-1064.7562	-1064.7558
356	356	-1572.0279	-1527.3754	-1530.6533	44.652485	-1567.733	-1517.2963	-1517.2962
357	357	-1493.3495	-1466.1873	-1469.4692	27.162185	-1489.0157	-1455.9859	-1455.9867
358	358	-2532.7537	-2516.0968	-2519.3996	16.656886	-2528.899	-2506.5061	-2506.5063
359	359	-1517.0833	-1458.4295	-1461.7137	58.65385	-1512.7677	-1448.3468	-1448.3468
360	360	-2318.1418	-2300.0551	-2303.6681	18.08679	-2314.1926	-2289.3514	-2289.3513
361	361	-2661.1033	-2633.1492	-2636.7243	27.954077	-2657.2897	-2622.9496	-2622.9498
362	362	-2129.9241	-2105.7696	-2109.0412	24.154456	-2125.9135	-2095.9862	-2095.9865
363	363	-1893.8743	-1848.9277	-1852.2381	44.946623	-1889.7113	-1839.0892	-1839.0891
364	364	-1593.9322	-1579.6122	-1583.0555	14.319943	-1589.665	-1569.0401	-1569.5745
365	365	-1774.6748	-1731.2397	-1734.5302	43.435067	-1770.4431	-1721.3295	-1721.3286
366	366	-1481.721	-1434.0487	-1437.3495	47.672256	-1477.3753	-1423.9079	-1423.9087
367	367	-1900.3595	-1893.0599	-1896.3326	7.2995388	-1896.235	-1883.0084	-1883.0089
368	368	-2127.5576	-2087.0994	-2090.3632	40.458202	-2123.5521	-2077.3837	-2077.383
369	369	-2897.1506	-2871.0236	-2874.014	26.126977	-2893.3774	-2859.1201	-2859.0879
370	370	-1401.0217	-1377.2579	-1380.5574	23.763757	-1396.6446	-1366.9788	-1366.9779
371	371	-2550.8004	-2542.1375	-2545.4184	8.6629678	-2546.9469	-2532.4571	-2532.4574
372	372	-1871.8834	-1832.5163	-1835.777	39.367115	-1867.7518	-1822.6647	-1822.6648
373	373	-1942.5108	-1911.7461	-1915.055	30.764638	-1938.3901	-1901.9175	-1901.9186
374	374	-2150.3774	-2111.0911	-2114.3715	39.286361	-2146.3273	-2101.3789	-2101.3785
375	375	-1954.8541	-1926.592	-1929.849	28.262117	-1950.7604	-1916.7255	-1916.7251
376	376	-2788.9607	-2779.0215	-2782.2718	9.9391789	-2785.1647	-2769.4304	-2769.4303
377	377	-1752.5926	-1705.7404	-1709.0616	46.852281	-1748.3606	-1695.8335	-1695.8343
378	378	-1964.641	-1943.0756	-1946.3536	21.565467	-1960.523	-1933.1419	-1933.1428
379	379	-2167.8522	-2127.2752	-2130.5633	40.577025	-2163.8366	-2117.5818	-2117.5828
380	380	-3031.4051	-3011.1765	-3014.4603	20.228586	-3027.6962	-3001.7106	-3001.7868
381	381	-1842.0468	-1788.0537	-1791.3141	53.993008	-1837.8923	-1778.2137	-1778.2129
382	382	-2155.9609	-2128.6337	-2132.3443	27.327171	-2151.9412	-2117.8379	-2117.7665
383	383	-1768.9403	-1765.6743	-1770.703	3.2659586	-1764.7592	-1755.859	-1755.7142
384	384	-2603.1062	-2575.3169	-2578.8483	27.789324	-2599.2397	-2564.99	-2564.9887
385	385	-2097.6924	-2099.5319	-2101.7511	-1.8394789	-2093.6645	-2089.8752	-2089.8739
386	386	-2673.1243	-2584.6673	-2587.9518	88.456934	-2669.2791	-2575.3848	-2575.3844
387	387	-1746.7717	-1693.028	-1696.309	53.743642	-1742.5461	-1683.1396	-1683.1397
388	388	-2751.2956	-2730.4325	-2733.8181	20.863136	-2747.4995	-2719.8303	-2719.8309
389	389	-2535.1234	-2520.1069	-2523.769	15.016519	-2531.2542	-2509.6603	-2509.662
390	390	-2109.558	-2094.8402	-2099.4461	14.717845	-2105.5048	-2083.1508	-2083.1504
391	391	-2447.2733	-2435.3394	-2438.6378	11.933841	-2443.3894	-2425.6834	-2425.6832
392	392	-1727.2438	-1674.4583	-1677.7438	52.785587	-1723.0105	-1664.3769	-1664.3725
393	393	-1516.3763	-1434.4921	-1437.9126	81.884206	-1512.0696	-1424.3234	-1424.3251
394	394	-2368.4126	-2332.2968	-2335.5602	36.115858	-2364.4616	-2322.691	-2322.6908
395	395	-2722.1675	-2667.1483	-2670.7738	55.019203	-2718.3521	-2656.9741	-2656.969
396	396	-1798.6608	-1775.6761	-1779.1027	22.98465	-1794.4988	-1764.266	-1765.5918
397	397	-2234.9032	-2210.3383	-2213.6001	24.564977	-2230.939	-2200.6359	-2200.634
398	398	-1581.5325	-1550.9998	-1554.4483	30.532709	-1577.2671	-1540.6468	-1540.6379
399	399	-2549.7706	-2528.6178	-2531.8661	21.152774	-2545.9281	-2519.0477	-2519.0504
400	400	-3685.2114	-3682.4691	-3686.2113	2.7422649	-3681.6096	-3671.6088	-3671.6004
401	401	-3289.2696	-3281.299	-3284.5497	7.9706578	-3285.5648	-3271.8744	-3271.8762
402	402	-2600.4243	-2584.804	-2588.6799	15.62031	-2596.6008	-2573.1452	-2573.1323
403	403	-2895.6059	-2869.956	-2873.271	25.649844	-2891.8339	-2860.5739	-2860.574
404	404	-2121.4811	-2049.2365	-2052.5263	72.244564	-2117.4269	-2039.6085	-2039.6089
405	405	-3152.2337	-3131.5456	-3134.8256	20.688162	-3148.4966	-3122.2037	-3122.2034
406	406	-1948.7709	-1920.5365	-1923.821	28.234408	-1944.6472	-1910.6491	-1910.6477
407	407	-2069.6934	-2052.4007	-2056.0713	17.292695	-2065.6606	-2040.1639	-2041.5885
408	408	-2852.7627	-2835.6293	-2838.9461	17.13344	-2848.9787	-2826.1527	-2826.1543
409	409	-3136.0934	-3095.5047	-3099.0433	40.588661	-3132.3506	-3085.1306	-3085.0992
410	410	-2427.937	-2402.4442	-2405.7051	25.492808	-2424.0333	-2392.8359	-2392.8364
411	411	-2200.6687	-2183.4646	-2186.751	17.204083	-2196.6935	-2173.6947	-2173.6941
412	412	-3095.105	-3079.5529	-3082.8082	15.552093	-3091.3656	-3070.0893	-3070.1669
413	413	-2546.7823	-2532.5647	-2535.9321	14.217577	-2542.9372	-2522.0114	-2522.0113
414	414	-2885.5166	-2847.9097	-2852.2361	37.606906	-2881.7567	-2836.8915	-2836.8919
415	415	-2441.4995	-2417.3277	-2420.5977	24.171838	-2437.594	-2407.7025	-2407.7018
416	416	-2489.4796	-2472.328	-2475.6161	17.151578	-2485.6128	-2462.714	-2462.7143
417	417	-3392.7795	-3386.0974	-3390.2736	6.68214	-3389.1155	-3370.7677	-3376.4153
418	418	-1779.4224	-1758.6651	-1762.3277	20.757315	-1775.2392	-1747.4809	-1747.4761
419	419	-4062.1762	-4047.0983	-4050.5743	15.077878	-4058.7023	-4036.712	-4037.2305
420	420	-1869.4902	-1803.6463	-1806.9302	65.84397	-1865.3065	-1793.8492	-1793.8474
421	421	-2563.8087	-2550.1073	-2553.3978	13.701363	-2559.9452	-2540.5057	-2540.5045
422	422	-2333.9343	-2308.6301	-2311.9242	25.304222	-2329.9932	-2298.9754	-2298.9759
423	423	-1536.429	-1500.798	-1504.2288	35.630947	-1532.1017	-1490.3889	-1490.3389
424	424	-1603.5473	-1573.9629	-1577.2447	29.584346	-1599.2652	-1563.8819	-1563.8819
425	425	-2645.7474	-2612.9305	-2616.2263	32.816888	-2641.9196	-2603.4771	-2603.4771
426	426	-2055.297	-2011.5855	-2014.925	43.711506	-2051.2058	-2001.8347	-2001.8359
427	427	-2098.2759	-2068.0779	-2071.3588	30.197987	-2094.2288	-2058.3055	-2058.3054
428	428	-2821.8319	-2807.9781	-2811.3021	13.853749	-2818.0606	-2798.5281	-2798.5286
429	429	-2523.5845	-2507.266	-2510.5502	16.318441	-2519.7339	-2497.6923	-2497.6918
430	430	-3157.2822	-3138.2775	-3142.1706	19.00469	-3153.5689	-3127.2632	-3127.2408
431	431	-2408.2014	-2397.0567	-2400.8819	11.14468	-2404.276	-2386.647	-2386.5476
432	432	-1662.1211	-1651.536	-1654.7971	10.585111	-1657.8703	-1641.1298	-1641.1174
433	433	-2073.4767	-2039.9466	-2043.2454	33.530149	-2069.4182	-2030.0709	-2030.0691
434	434	-2355.0143	-2321.4536	-2325.1248	33.560664	-2351.0737	-2310.692	-2310.6909
435	435	-2498.7262	-2478.0331	-2481.3154	20.693077	-2494.854	-2468.4291	-2468.4273
436	436	-1679.5688	-1643.487	-1647.3257	36.081737	-1675.3231	-1632.4096	-1632.4115
437	437	-2636.4036	-2619.4974	-2622.7767	16.906205	-2632.5608	-2609.9115	-2609.9106
438	438	-3338.359	-3321.622	-3325.6181	16.737003	-3334.7109	-3310.9034	-3310.9039
439	439	-2890.3876	-2874.0873	-2877.3638	16.300322	-2886.6277	-2864.2104	-2864.6261
440	440	-1385.3091	-1296.2662	-1299.5035	89.042952	-1380.8729	-1286.0183	-1286.0171
441	441	-1915.1543	-1885.2296	-1888.5262	29.924652	-1911.0093	-1875.3068	-1875.3076
442	442	-3241.3277	-3233.129	-3237.0446	8.1986317	-3237.6305	-3220.296	-3221.2647
443	443	-1669.6656	-1656.1416	-1659.6052	13.524018	-1665.4125	-1645.6995	-1645.6922
444	444	-2151.2267	-2078.2658	-2081.9535	72.960976	-2147.1912	-2067.6986	-2067.6963
445	445	-2019.8831	-1975.8996	-1979.1693	43.983545	-2015.8065	-1966.1016	-1966.0997
446	446	-1318.8718	-1274.6853	-1278.9747	44.186503	-1314.4036	-1262.4428	-1262.4423
447	447	-2170.6563	-2132.9228	-2136.1976	37.733483	-2166.66	-2123.2318	-2123.2316
448	448	-1821.3515	-1779.6828	-1783.0112	41.668747	-1817.1719	-1769.8273	-1769.828
449	449	-3573.8162	-3507.4978	-3511.6813	66.318363	-3554.8624	-3496.951	-3496.9501
450	450	-2009.3312	-1986.2196	-1989.5077	23.111636	-2005.2469	-1976.3478	-1976.3472
451	451	-2390.8075	-2331.6207	-2334.9092	59.186803	-2386.8788	-2322.1536	-2322.1535
452	452	-2199.4482	-2173.4595	-2176.7293	25.98863	-2195.4309	-2163.7056	-2163.7034
453	453	-1902.9999	-1889.3886	-1892.9189	13.611256	-1898.8756	-1878.1852	-1878.1855
454	454	-1659.7697	-1607.2179	-1610.5518	52.55178	-1655.5179	-1597.2896	-1597.29
455	455	-2713.64	-2683.9627	-2687.5672	29.677259	-2709.8211	-2673.6319	-2673.6311
456	456	-2026.8276	-1996.4442	-2000.1427	30.38339	-2022.6905	-1985.5326	-1985.531
457	457	-2640.6584	-2598.6598	-2601.9394	41.99858	-2636.8188	-2589.2457	-2589.2459
458	458	-2203.0442	-2190.5584	-2194.5561	12.485819	-2199.0443	-2178.4442	-2178.4058
459	459	-2307.0498	-2247.0147	-2250.7209	60.035092	-2303.0733	-2236.5681	-2236.554
460	460	-2535.2581	-2509.5729	-2512.8414	25.68513	-2531.4188	-2500.0274	-2500.0274
461	461	-1787.7751	-1759.5613	-1762.8446	28.213806	-1783.5599	-1749.3825	-1749.3924
462	462	-2901.588	-2886.2901	-2889.5688	15.297945	-2897.835	-2876.8342	-2876.8315
463	463	-2534.7706	-2520.2149	-2523.4993	14.555734	-2530.8996	-2510.5843	-2510.584
464	464	-2425.4695	-2390.0507	-2393.6905	35.418731	-2421.5566	-2379.5203	-2379.5168
465	465	-2594.2018	-2592.9356	-2598.0227	1.2661686	-2590.3665	-2582.6443	-2583.1675
466	466	-3173.1588	-3165.8997	-3169.1776	7.2590741	-3169.4738	-3156.4694	-3156.4692
467	467	-1849.3713	-1815.6116	-1818.8818	33.759778	-1845.2007	-1805.6941	-1805.6915
468	468	-2873.4436	-2840.9209	-2844.3995	32.522699	-2869.7124	-2831.6894	-2831.6582
469	469	-1407.8976	-1356.4577	-1359.8937	51.439938	-1403.4989	-1345.9403	-1345.9423
470	470	-2188.2041	-2146.8512	-2150.1149	41.352928	-2184.203	-2137.1715	-2137.1719
471	471	-2592.1576	-2531.1088	-2535.0418	61.048768	-2588.2808	-2519.9483	-2519.9324
472	472	-1748.0837	-1695.7843	-1699.0643	52.299436	-1743.8473	-1685.8693	-1685.8689
473	473	-2106.8862	-2035.6157	-2039.3012	71.270467	-2102.8337	-2024.9967	-2024.9961
474	474	-1973.4902	-1912.2182	-1915.4713	61.271942	-1969.3645	-1902.424	-1902.4242
475	475	-3416.0888	-3395.5085	-3398.9437	20.580316	-3412.4308	-3385.7913	-3385.7708
476	476	-2389.243	-2354.3083	-2357.6064	34.93474	-2385.3229	-2344.718	-2344.7189
477	477	-3632.8677	-3614.7251	-3618.3281	18.142654	-3629.2796	-3604.0064	-3603.921
478	478	-1405.1689	-1374.174	-1377.6736	30.994963	-1400.762	-1363.3717	-1363.3711
479	479	-3536.1844	-3523.9372	-3527.732	12.247203	-3532.5619	-3513.2906	-3513.2904
480	480	-2879.7729	-2839.1899	-2842.4614	40.582975	-2876.0037	-2829.838	-2829.8362
481	481	-2157.4933	-2114.9725	-2119.4602	42.52075	-2153.4886	-2103.4849	-2103.4847
482	482	-2444.8531	-2392.0199	-2395.6849	52.833143	-2440.9504	-2381.7573	-2381.6648
483	483	-3713.1765	-3684.705	-3687.985	28.471567	-3709.5958	-3675.5944	-3675.5946
484	484	-3406.3334	-3408.8115	-3410.5792	-2.4781034	-3402.7092	-3396.6329	-3399.9312
485	485	-3099.499	-3081.4357	-3086.4327	18.063354	-3095.7691	-3069.393	-3069.3922
486	486	-2857.2242	-2850.7016	-2854.3496	6.5226295	-2853.4895	-2840.6686	-2840.6656
487	487	-2432.5338	-2398.4753	-2401.7518	34.058419	-2428.6399	-2388.8999	-2388.9017
488	488	-1671.2281	-1583.2932	-1586.5801	87.934886	-1666.9748	-1573.3889	-1573.3891
489	489	-3044.7001	-3038.7761	-3042.0547	5.9239755	-3040.9735	-3027.8346	-3029.3031
490	490	-1552.5918	-1484.9148	-1488.2053	67.677015	-1548.3053	-1474.8705	-1474.8692
491	491	-2402.7912	-2366.2407	-2370.851	36.55045	-2398.8794	-2354.817	-2354.8176
492	492	-2744.7379	-2714.7334	-2718.0223	30.004507	-2740.9441	-2705.3051	-2705.3044
493	493	-3508.8778	-3495.9326	-3499.9081	12.945197	-3505.2602	-3486.291	-3486.2883
494	494	-2116.5826	-2099.8525	-2103.1242	16.730133	-2112.5661	-2089.9937	-2089.9927
495	495	-2625.3427	-2605.8019	-2609.5383	19.540842	-2621.5068	-2591.6559	-2594.8563
496	496	-2447.8418	-2423.7172	-2427.2924	24.124577	-2443.8872	-2412.7563	-2412.7499
497	497	-1518.0702	-1455.2549	-1458.5466	62.815322	-1513.7541	-1444.0004	-1445.1886
498	498	-1904.6167	-1877.1401	-1880.4363	27.476592	-1900.4668	-1867.2089	-1867.2112
499	499	-1177.5639	-1132.045	-1135.3255	45.518958	-1172.9493	-1121.5614	-1121.5615
