No.	ID	loglik_NUll	loglik_RES	loglik_all	log_ratio	loglik_Max1	loglik_Max2	loglik_Max3
0	0	-2123.1189	-1983.793	-1989.4679	139.32594	-2103.6335	-1976.1183	-1976.1202
1	1	-3041.3553	-2957.5651	-2963.2389	83.790236	-3022.3719	-2950.3368	-2950.3378
2	2	-3686.8305	-3646.3117	-3652.0675	40.51876	-3667.7304	-3639.3108	-3639.3107
3	3	-2985.2376	-2879.2379	-2884.9457	105.99968	-2966.0697	-2872.1045	-2872.1046
4	4	-1998.5998	-1844.6194	-1850.3111	153.98045	-1979.1636	-1836.8551	-1836.8547
5	5	-3357.8518	-3310.4715	-3316.393	47.380304	-3338.5028	-3302.9572	-3302.9614
6	6	-2478.263	-2393.9453	-2399.6308	84.317645	-2474.3693	-2386.4378	-2386.4379
7	7	-2106.1317	-2048.0816	-2053.9998	58.05006	-2102.0914	-2038.8735	-2038.8362
8	8	-1933.1793	-1879.6634	-1885.3522	53.515851	-1929.0305	-1871.7673	-1871.7675
9	9	-3016.9372	-2990.1453	-2996.0972	26.791886	-3013.1991	-2980.726	-2980.6934
10	10	-2694.5147	-2608.5101	-2614.1739	86.004605	-2690.639	-2601.0833	-2601.083
11	11	-3081.0986	-3023.2838	-3029.4483	57.814814	-3077.3441	-3014.5148	-3014.4697
12	12	-2975.6412	-2872.6437	-2878.3241	102.99751	-2954.3881	-2865.4854	-2865.486
13	13	-2734.2145	-2660.5711	-2666.5691	73.643423	-2730.3834	-2652.18	-2652.0384
14	14	-2237.9017	-2088.8024	-2094.4888	149.09936	-2218.474	-2081.2714	-2081.2728
15	15	-2817.4331	-2690.2192	-2695.898	127.21391	-2813.6174	-2682.9162	-2682.9161
16	16	-2774.9842	-2679.0068	-2684.5409	95.977373	-2755.6852	-2669.6204	-2671.6806
17	17	-3060.6753	-2965.7864	-2971.4688	94.888867	-3041.5607	-2958.6827	-2958.6831
18	18	-2239.4406	-2182.1779	-2188.2368	57.262709	-2235.4261	-2173.0602	-2173.0568
19	19	-3300.2558	-3225.5382	-3231.3509	74.717617	-3281.5761	-3218.615	-3218.4516
20	20	-2061.5678	-1956.1321	-1961.6525	105.43567	-2057.5086	-1946.3886	-1948.4245
21	21	-3197.1593	-3114.0729	-3119.7643	83.086363	-3178.1764	-3106.9929	-3106.9924
22	22	-2688.977	-2578.7918	-2584.5133	110.18526	-2669.7031	-2571.506	-2571.5055
23	23	-2783.1101	-2710.8372	-2716.8595	72.272913	-2764.2472	-2702.2973	-2702.653
24	24	-2751.4846	-2674.2387	-2680.3407	77.245914	-2731.6841	-2665.2747	-2665.2676
25	25	-2038.0007	-1894.9494	-1900.9773	143.05124	-2018.3987	-1886.5501	-1886.5498
26	26	-3297.4392	-3281.8838	-3287.2587	15.555339	-3293.7283	-3271.8278	-3273.408
27	27	-1456.2776	-1282.2112	-1287.8829	174.0664	-1451.8727	-1273.728	-1273.7264
28	28	-2257.5098	-2119.5834	-2125.279	137.92637	-2238.0988	-2111.6465	-2112.0637
29	29	-1834.8827	-1781.252	-1786.9426	53.630685	-1830.6937	-1773.3072	-1773.3068
30	30	-3271.2025	-3213.0814	-3219.0943	58.121034	-3252.9866	-3205.4279	-3205.4262
31	31	-2621.7131	-2558.5458	-2564.4968	63.167317	-2617.8658	-2550.6191	-2550.4705
32	32	-3105.9845	-3060.8626	-3066.5541	45.121928	-3102.2674	-3053.5678	-3053.5677
33	33	-2947.5304	-2902.0975	-2908.1958	45.432952	-2943.812	-2893.4035	-2893.4001
34	34	-2796.8263	-2674.7492	-2680.4251	122.07708	-2777.6061	-2667.4566	-2667.4573
35	35	-2710.8291	-2708.114	-2714.2307	2.7151013	-2707.0145	-2700.2684	-2700.266
36	36	-2960.2703	-2884.7277	-2890.3917	75.542619	-2941.3659	-2877.4828	-2877.4858
37	37	-2072.4288	-1988.916	-1995.077	83.512727	-2068.3528	-1978.8098	-1979.6251
38	38	-3132.4046	-3083.0089	-3088.7137	49.395637	-3128.6685	-3075.7564	-3075.7616
39	39	-2248.7688	-2197.7594	-2203.4222	51.009319	-2244.7918	-2190.0154	-2190.0183
40	40	-2600.3487	-2513.3059	-2518.9702	87.042841	-2596.4696	-2505.8321	-2505.8332
41	41	-2821.8558	-2706.399	-2712.0811	115.45681	-2802.6112	-2699.1277	-2699.1278
42	42	-3423.5135	-3354.0658	-3359.7633	69.447681	-3404.7409	-3347.0777	-3347.0778
43	43	-2416.6211	-2312.8618	-2318.5675	103.75934	-2397.4947	-2305.3571	-2305.3576
44	44	-3141.5118	-3014.9308	-3020.6494	126.58098	-3122.3691	-3007.8783	-3007.8793
45	45	-2664.0267	-2562.2538	-2567.9346	101.77295	-2644.6066	-2554.8378	-2554.8401
46	46	-2998.7944	-2888.1252	-2893.825	110.66926	-2979.6629	-2881.0343	-2881.0356
47	47	-2968.4592	-2883.3365	-2889.0234	85.122702	-2949.133	-2876.102	-2876.1019
48	48	-2213.8283	-2145.1497	-2151.0809	68.678551	-2209.835	-2137.0215	-2137.0137
49	49	-2269.3618	-2169.1635	-2175.3521	100.19834	-2265.3624	-2159.7742	-2159.7752
50	50	-3485.0809	-3388.4298	-3394.543	96.651074	-3466.2355	-3380.4625	-3380.4535
51	51	-2283.5945	-2209.5075	-2215.2174	74.086962	-2279.6275	-2201.8787	-2201.8785
52	52	-2375.246	-2270.0732	-2275.766	105.17273	-2355.8471	-2262.522	-2262.5218
53	53	-2269.2615	-2125.044	-2130.7152	144.21752	-2249.676	-2117.5197	-2117.5182
54	54	-2388.9322	-2229.8036	-2235.4537	159.12853	-2369.5385	-2222.2346	-2221.6841
55	55	-2734.3215	-2649.8385	-2655.3728	84.483022	-2730.4797	-2637.3376	-2640.625
56	56	-3060.4978	-2966.6287	-2972.3249	93.8691	-3041.654	-2959.5065	-2959.5087
57	57	-2649.0559	-2519.4705	-2525.5889	129.58541	-2629.7584	-2511.3656	-2511.366
58	58	-2563.4993	-2462.4352	-2468.4713	101.06408	-2544.1088	-2454.3388	-2454.3338
59	59	-1689.0843	-1619.6408	-1625.3358	69.443557	-1684.8356	-1611.5729	-1611.572
60	60	-3891.6138	-3824.9602	-3831.0068	66.653561	-3872.8471	-3817.3904	-3817.2579
61	61	-1912.9318	-1866.319	-1872.0009	46.612713	-1908.7664	-1858.3816	-1858.3809
62	62	-2211.7457	-2106.9989	-2112.6445	104.74674	-2192.4279	-2099.3938	-2099.3931
63	63	-2024.7157	-1977.0443	-1982.6682	47.671433	-2020.6269	-1969.1444	-1969.1407
64	64	-3679.7807	-3649.3827	-3655.3337	30.397982	-3676.1836	-3641.9735	-3641.9743
65	65	-2680.3721	-2654.4392	-2660.1367	25.932954	-2676.5115	-2646.846	-2646.8425
66	66	-2828.2025	-2714.2276	-2719.9122	113.97486	-2808.9846	-2707.0022	-2707.0019
67	67	-2853.8192	-2740.3795	-2746.5475	113.43962	-2834.6141	-2731.3317	-2731.2855
68	68	-2859.2459	-2767.0829	-2772.7869	92.163055	-2840.0409	-2759.8233	-2759.8222
69	69	-3477.7812	-3386.5631	-3392.2441	91.218155	-3458.9571	-3379.6094	-3379.6101
70	70	-3052.9778	-3031.9383	-3037.6217	21.039492	-3049.2622	-3024.4429	-3024.4118
71	71	-1986.4121	-1887.9699	-1893.6573	98.442204	-1982.2948	-1880.1735	-1880.1773
72	72	-2365.7477	-2332.4766	-2338.3312	33.271106	-2361.8026	-2323.8697	-2324.9267
73	73	-2370.2628	-2350.5955	-2356.5065	19.667316	-2366.3104	-2340.9791	-2342.6212
74	74	-2162.6906	-2046.9637	-2052.6447	115.72683	-2143.2114	-2039.3292	-2039.3298
75	75	-2607.6073	-2500.8723	-2506.9183	106.73508	-2587.8966	-2492.4388	-2492.3494
76	76	-2796.9154	-2730.7108	-2736.3859	66.204669	-2777.7025	-2723.3614	-2723.3629
77	77	-2339.0844	-2222.66	-2228.3552	116.42441	-2319.8068	-2215.1176	-2215.1187
78	78	-2466.4154	-2348.7099	-2354.3891	117.70555	-2447.1049	-2341.2087	-2341.2075
79	79	-1818.5506	-1700.6308	-1706.2847	117.91978	-1798.6836	-1692.6887	-1692.691
80	80	-2980.8182	-2967.7213	-2973.6318	13.096828	-2977.0849	-2960.0528	-2960.0423
81	81	-2385.734	-2287.192	-2293.1106	98.54201	-2366.4076	-2279.318	-2279.3177
82	82	-2720.8647	-2635.3219	-2641.3131	85.542833	-2717.0247	-2627.388	-2627.3876
83	83	-3616.8027	-3538.7027	-3544.3897	78.099934	-3598.1034	-3531.6952	-3531.6963
84	84	-3097.9154	-3046.6199	-3052.5692	51.295484	-3094.1338	-3038.7728	-3038.609
85	85	-2426.4228	-2343.5719	-2349.5733	82.850931	-2422.5011	-2335.4718	-2335.4551
86	86	-2015.3152	-1930.1813	-1935.8358	85.133926	-2011.1968	-1922.3437	-1922.3434
87	87	-3009.8716	-2947.8226	-2953.7341	62.048994	-2989.7118	-2940.3412	-2940.3364
88	88	-2210.0675	-2152.0467	-2157.7537	58.020803	-2206.07	-2144.3228	-2144.3234
89	89	-1868.1669	-1745.337	-1751.0402	122.82985	-1863.9541	-1737.4333	-1737.436
90	90	-2270.8906	-2254.2338	-2260.1307	16.656829	-2266.9099	-2243.3206	-2244.5815
91	91	-2742.2977	-2634.8363	-2640.5544	107.46144	-2723.0086	-2627.5224	-2627.5221
92	92	-2467.6586	-2418.9694	-2424.6505	48.689187	-2463.7586	-2410.7289	-2411.3444
93	93	-3218.7491	-3168.9342	-3174.8833	49.814925	-3215.0429	-3161.2136	-3161.2138
94	94	-1622.3856	-1559.5991	-1565.2927	62.786519	-1618.1315	-1551.4633	-1551.4632
95	95	-3575.5926	-3517.1844	-3520.3833	58.40823	-3557.6886	-3504.0208	-3510.1454
96	96	-2308.645	-2225.7586	-2231.4343	82.886434	-2304.6636	-2218.0806	-2218.0832
97	97	-2150.0931	-2087.4351	-2093.3363	62.65799	-2146.0383	-2079.2138	-2079.2142
98	98	-2156.5221	-2032.4724	-2038.5639	124.04973	-2152.465	-2023.6006	-2023.5576
99	99	-2985.5376	-2902.4881	-2908.1863	83.049483	-2966.4851	-2895.288	-2895.2884
100	100	-2315.1958	-2222.8138	-2228.5275	92.382	-2311.2231	-2215.2015	-2215.2013
101	101	-2610.1492	-2551.2982	-2556.9822	58.851023	-2606.2925	-2543.8	-2543.8
102	102	-2374.5424	-2297.1123	-2302.788	77.430148	-2370.5867	-2288.1165	-2289.4979
103	103	-2895.7834	-2802.2193	-2807.9248	93.564158	-2876.8274	-2794.9539	-2794.9545
104	104	-2727.6884	-2715.19	-2720.9541	12.498439	-2723.8809	-2706.2774	-2706.7478
105	105	-3500.9305	-3492.487	-3498.5409	8.4435503	-3497.3028	-3484.0303	-3483.6069
106	106	-2409.0806	-2317.3299	-2323.2386	91.750718	-2405.1553	-2309.5451	-2309.3538
107	107	-3104.3797	-3059.3	-3065.3643	45.079695	-3100.6983	-3050.6737	-3050.6412
108	108	-2312.6389	-2150.0732	-2156.0964	162.56563	-2293.0168	-2141.9026	-2141.8997
109	109	-2087.0528	-1994.9312	-2000.9035	92.121567	-2083.0019	-1986.7482	-1986.737
110	110	-2904.6001	-2842.3948	-2847.7265	62.205356	-2900.8585	-2832.1984	-2835.0726
111	111	-3160.864	-3108.5002	-3114.4677	52.363831	-3141.1618	-3100.7204	-3100.7207
112	112	-3007.9568	-2886.8747	-2892.5452	121.08213	-2988.8779	-2879.7162	-2879.7169
113	113	-3046.4386	-2964.8047	-2970.5043	81.633887	-3027.5386	-2957.6041	-2957.6045
114	114	-3030.0474	-2920.5828	-2926.303	109.46458	-3010.8639	-2913.4636	-2913.4639
115	115	-1919.9267	-1839.1663	-1845.11	80.760434	-1915.7998	-1830.8526	-1830.8526
116	116	-2941.6682	-2901.0286	-2907.0806	40.639685	-2937.8794	-2891.1517	-2892.3423
117	117	-3134.9226	-3059.1748	-3065.172	75.747715	-3114.7943	-3051.447	-3051.4413
118	118	-2687.2914	-2615.5437	-2621.5417	71.747764	-2683.4651	-2607.6301	-2607.6268
119	119	-2812.4646	-2735.5684	-2741.2702	76.896163	-2808.6608	-2728.2223	-2728.2221
120	120	-1877.8731	-1745.0418	-1750.8889	132.83136	-1858.2811	-1737.2523	-1737.2513
121	121	-2674.9272	-2608.3304	-2614.2953	66.596828	-2671.0985	-2600.3996	-2600.2714
122	122	-2916.1039	-2768.0464	-2773.9621	148.05752	-2896.809	-2760.7107	-2760.7105
123	123	-4738.2333	-4696.5265	-4702.0302	41.706718	-4719.3945	-4685.3422	-4688.3275
124	124	-4267.8804	-4223.1608	-4228.8271	44.719602	-4248.9242	-4214.936	-4216.2822
125	125	-3014.7227	-2956.4869	-2962.1818	58.235843	-3010.9827	-2949.0713	-2949.2043
126	126	-2173.4955	-2112.0614	-2118.0057	61.434044	-2169.4463	-2103.8616	-2103.8503
127	127	-2944.8793	-2887.8029	-2893.481	57.076395	-2941.1395	-2880.518	-2880.5165
128	128	-2720.7914	-2635.4817	-2641.5181	85.30975	-2701.8911	-2627.4832	-2627.4807
129	129	-2450.6855	-2342.1051	-2347.8009	108.58041	-2431.6558	-2334.6314	-2334.6318
130	130	-2865.741	-2771.743	-2777.4382	93.998017	-2846.8527	-2764.5069	-2764.505
131	131	-2945.9182	-2808.5461	-2814.9008	137.37213	-2926.701	-2800.5657	-2800.5679
132	132	-1734.2172	-1620.9807	-1626.964	113.23651	-1729.9915	-1612.458	-1612.4584
133	133	-3428.151	-3367.7656	-3373.4678	60.385374	-3409.3243	-3360.7062	-3360.7064
134	134	-2488.8979	-2391.3899	-2397.0681	97.508051	-2469.5832	-2383.8946	-2383.8961
135	135	-1741.7614	-1583.4895	-1589.5343	158.27182	-1720.8076	-1574.3406	-1574.316
136	136	-2668.0036	-2558.901	-2564.5776	109.10254	-2648.6974	-2551.575	-2551.4541
137	137	-2224.7959	-2136.8833	-2142.5978	87.912645	-2220.795	-2129.2226	-2129.2216
138	138	-3629.9564	-3566.1012	-3571.773	63.855202	-3611.071	-3559.0254	-3559.0253
139	139	-2139.616	-2008.9788	-2014.674	130.63719	-2120.3742	-2001.3725	-2001.3723
140	140	-1946.9594	-1891.3413	-1897.0066	55.618138	-1942.8304	-1883.4234	-1883.4258
141	141	-2548.1049	-2415.743	-2421.6794	132.36191	-2528.7588	-2407.9385	-2407.9314
142	142	-2151.6249	-2044.7084	-2049.4228	106.91647	-2147.6059	-2033.0259	-2037.0353
143	143	-2417.6603	-2350.9577	-2356.961	66.702604	-2413.7514	-2342.235	-2342.2085
144	144	-3095.2876	-3034.4126	-3040.1276	60.875046	-3091.5317	-3027.1617	-3027.1616
145	145	-2288.0078	-2194.5986	-2200.2848	93.409204	-2268.7428	-2186.8575	-2186.8205
146	146	-2647.0669	-2579.5989	-2585.5913	67.468089	-2627.2523	-2571.6403	-2571.6333
147	147	-1944.2134	-1810.5613	-1816.5717	133.6521	-1924.4763	-1802.1091	-1802.1032
148	148	-2339.6004	-2259.531	-2265.2146	80.069475	-2335.6297	-2251.9234	-2251.9259
149	149	-2539.5651	-2440.5729	-2446.2403	98.992209	-2520.2791	-2433.1479	-2433.1478
150	150	-2665.1167	-2555.7817	-2561.4685	109.33497	-2645.9358	-2548.3875	-2548.388
151	151	-2335.207	-2264.134	-2270.0891	71.072947	-2331.2517	-2256.0833	-2256.0708
152	152	-2760.0752	-2680.3628	-2686.0409	79.712432	-2741.0285	-2673.0228	-2673.0235
153	153	-2747.8769	-2653.9801	-2659.6707	93.896793	-2744.0427	-2646.5972	-2646.5972
154	154	-2593.7909	-2479.5019	-2485.2109	114.289	-2574.4669	-2470.9482	-2470.9026
155	155	-3325.6904	-3260.0695	-3266.0756	65.620968	-3306.7955	-3252.4914	-3252.4811
156	156	-3081.9546	-3029.0034	-3035.1676	52.951222	-3078.1853	-3020.174	-3020.1573
157	157	-2302.9744	-2158.4334	-2164.6025	144.54105	-2283.6146	-2149.7952	-2149.7816
158	158	-3062.1099	-3033.9176	-3039.5965	28.192293	-3058.3539	-3026.5762	-3026.5772
159	159	-3922.5243	-3859.5437	-3862.6795	62.98064	-3903.7461	-3846.5475	-3852.4082
160	160	-2827.7178	-2749.3312	-2755.0269	78.386603	-2823.9135	-2741.9855	-2741.9876
161	161	-2416.148	-2328.3733	-2334.067	87.774682	-2396.7677	-2320.8905	-2320.8904
162	162	-2914.1489	-2802.8159	-2808.5225	111.33305	-2894.5855	-2795.6173	-2795.6157
163	163	-2340.6648	-2213.6385	-2219.3218	127.02629	-2321.6497	-2206.0436	-2206.0435
164	164	-1736.2267	-1644.2103	-1649.9335	92.016474	-1731.9901	-1636.1702	-1636.1701
165	165	-3159.6026	-3083.9008	-3089.5804	75.701829	-3140.754	-3076.1016	-3075.972
166	166	-2154.3065	-1977.0728	-1982.8711	177.23365	-2134.6012	-1969.5511	-1969.5535
167	167	-2268.521	-2150.3467	-2156.0542	118.17426	-2249.0363	-2142.7989	-2142.8006
168	168	-2060.734	-1951.3989	-1957.0709	109.33508	-2041.269	-1943.6892	-1943.6903
169	169	-2854.0478	-2772.2498	-2778.2742	81.798082	-2834.8934	-2764.2936	-2764.2834
170	170	-2870.8385	-2759.6111	-2765.3144	111.22741	-2850.1641	-2752.353	-2752.3538
171	171	-2963.3826	-2920.3705	-2926.0496	43.012122	-2959.6289	-2912.5989	-2913.0298
172	172	-2747.3581	-2714.6222	-2720.2977	32.735867	-2743.5458	-2707.1039	-2707.1038
173	173	-2824.681	-2765.1056	-2771.2251	59.575381	-2820.8788	-2756.324	-2756.3205
174	174	-2330.0063	-2249.2381	-2255.1907	80.768225	-2326.047	-2241.0943	-2241.0748
175	175	-2808.9794	-2738.8626	-2745.06	70.116762	-2790.1443	-2729.8485	-2729.8477
176	176	-2373.3053	-2326.8398	-2332.8892	46.465443	-2369.3907	-2318.1385	-2317.9444
177	177	-2392.355	-2267.2971	-2272.9787	125.05797	-2372.4956	-2259.2868	-2259.1658
178	178	-2722.4266	-2629.7451	-2635.4564	92.681474	-2702.2555	-2622.4083	-2622.4083
179	179	-1736.5611	-1631.171	-1637.3489	105.39017	-1732.3558	-1621.5995	-1621.5894
180	180	-2793.4929	-2691.5834	-2697.2519	101.9095	-2774.4242	-2684.2959	-2684.298
181	181	-2553.215	-2458.6494	-2464.6594	94.565548	-2549.3312	-2450.2232	-2450.1597
182	182	-2491.8229	-2406.4888	-2412.1737	85.334077	-2487.9355	-2397.9585	-2398.9599
183	183	-2878.2985	-2791.173	-2797.1894	87.125504	-2859.081	-2783.2636	-2783.263
184	184	-3474.0271	-3390.8398	-3396.5425	83.187353	-3454.7537	-3383.8599	-3383.8598
185	185	-1693.5656	-1545.8038	-1551.7493	147.76179	-1673.7717	-1537.3619	-1537.3608
186	186	-2566.8571	-2444.7921	-2450.474	122.06494	-2547.5834	-2437.3852	-2437.3857
187	187	-1842.1865	-1736.1485	-1742.06	106.03792	-1838.0011	-1728.1042	-1728.101
188	188	-2865.2521	-2776.3873	-2782.1877	88.86482	-2846.166	-2769.2388	-2769.2374
189	189	-2550.0338	-2429.3352	-2435.0099	120.69857	-2530.7352	-2421.9188	-2421.9193
190	190	-3417.5497	-3399.9396	-3405.8465	17.610035	-3413.8898	-3391.2803	-3392.5333
191	191	-3665.805	-3653.9209	-3659.5902	11.884076	-3662.2272	-3645.1118	-3645.3244
192	192	-2244.1356	-2130.0837	-2135.7731	114.05194	-2224.8403	-2122.4706	-2122.4688
193	193	-2309.792	-2218.332	-2224.0032	91.459992	-2305.8025	-2210.6864	-2210.6841
194	194	-2874.0896	-2810.9312	-2816.6231	63.158397	-2870.3235	-2803.1765	-2803.1735
195	195	-2704.3286	-2662.9603	-2668.6305	41.368284	-2700.5136	-2655.4932	-2655.493
196	196	-3460.0646	-3436.6248	-3442.9744	23.43972	-3456.4192	-3429.9404	-3429.9337
197	197	-2419.1306	-2281.2633	-2286.9758	137.86729	-2399.2285	-2273.8865	-2273.8859
198	198	-3192.7106	-3105.5613	-3111.2466	87.149255	-3173.8857	-3098.3953	-3098.3945
199	199	-3058.6992	-2984.7194	-2990.3867	73.979837	-3054.9493	-2977.4129	-2977.4125
200	200	-2357.093	-2255.1586	-2261.5833	101.93438	-2337.1764	-2245.3963	-2245.3803
201	201	-2075.9704	-1951.209	-1956.9062	124.76137	-2056.4199	-1943.532	-1943.5315
202	202	-2978.4482	-2923.3696	-2929.3473	55.078632	-2974.6585	-2914.2669	-2915.5723
203	203	-2192.8287	-2093.2496	-2098.9691	99.579168	-2188.8102	-2085.5581	-2085.558
204	204	-2433.5735	-2338.303	-2343.9871	95.270426	-2429.648	-2330.7741	-2330.7734
205	205	-3004.6969	-2937.0576	-2942.9792	67.639341	-2982.8575	-2929.4965	-2929.492
206	206	-1837.7096	-1682.8671	-1688.5572	154.84247	-1817.8678	-1674.9124	-1674.9142
207	207	-2208.6951	-2072.4098	-2078.1226	136.28525	-2204.6676	-2064.7873	-2064.7862
208	208	-2064.5973	-1941.7469	-1947.4125	122.85037	-2060.5341	-1934.0508	-1934.0499
209	209	-3030.6242	-2903.5054	-2909.3391	127.11884	-3011.6513	-2896.5316	-2896.5287
210	210	-2498.2912	-2393.1403	-2399.1658	105.15083	-2478.9947	-2385.0458	-2385.0484
211	211	-3707.9564	-3616.1614	-3621.8637	91.794969	-3689.2427	-3609.3123	-3609.3124
212	212	-1971.4742	-1858.2863	-1864.4913	113.18795	-1952.1468	-1848.7595	-1848.7481
213	213	-2451.6141	-2418.2145	-2423.8978	33.399646	-2447.7029	-2409.7307	-2410.5624
214	214	-3120.3156	-3027.3107	-3033.567	93.004948	-3100.6826	-3018.8325	-3018.7587
215	215	-2664.1921	-2613.0417	-2618.74	51.150352	-2660.3547	-2605.5596	-2605.5596
216	216	-2589.1174	-2510.0577	-2516.0493	79.059676	-2585.2543	-2502.0614	-2502.0559
217	217	-3140.7317	-3067.329	-3073.0151	73.402693	-3120.2462	-3060.2433	-3060.2424
218	218	-3341.9223	-3265.1163	-3271.1742	76.806033	-3323.081	-3257.3856	-3257.3174
219	219	-4036.7349	-3990.842	-3996.5186	45.892861	-4018.1099	-3983.9224	-3983.9228
220	220	-1974.191	-1911.0603	-1916.7634	63.130785	-1970.0794	-1903.2312	-1903.2336
221	221	-2150.8702	-2071.5045	-2077.1873	79.365774	-2146.8468	-2063.8058	-2063.806
222	222	-1585.2027	-1547.1161	-1553.0128	38.086572	-1580.9467	-1538.6822	-1538.6773
223	223	-2416.13	-2328.1296	-2334.1338	88.000335	-2412.2041	-2320.1036	-2320.0924
224	224	-3147.1106	-3115.0375	-3120.7482	32.073097	-3143.4197	-3107.7511	-3107.7512
225	225	-2578.0055	-2551.5888	-2556.8796	26.416655	-2574.1622	-2538.5316	-2541.9856
226	226	-1766.2035	-1620.2138	-1626.2468	145.98969	-1741.8067	-1611.6408	-1611.6249
227	227	-1820.4226	-1797.2421	-1803.1803	23.180501	-1816.2202	-1787.3346	-1788.232
228	228	-2387.068	-2267.4763	-2273.1583	119.59168	-2383.1146	-2259.905	-2259.905
229	229	-3045.7786	-2974.9815	-2980.7099	70.797054	-3026.8522	-2967.8304	-2967.8283
230	230	-2718.0036	-2664.9551	-2670.8851	53.04849	-2714.1968	-2657.0972	-2657.0934
231	231	-3018.1248	-2946.2342	-2951.9309	71.89058	-3014.3984	-2938.6258	-2938.6044
232	232	-3155.5971	-3076.6449	-3082.3212	78.952136	-3136.604	-3069.4943	-3069.4949
233	233	-2190.9784	-2063.2962	-2069.3193	127.68226	-2171.1232	-2054.9965	-2054.996
234	234	-2461.2124	-2350.1209	-2355.805	111.09151	-2457.3052	-2342.6195	-2342.6196
235	235	-1924.5541	-1786.5759	-1792.2616	137.97816	-1904.7396	-1778.7376	-1778.7389
236	236	-2533.4648	-2449.1363	-2455.0073	84.328443	-2514.1328	-2441.5999	-2441.5727
237	237	-2526.5226	-2428.9679	-2434.6631	97.554673	-2507.2068	-2421.4907	-2421.4892
238	238	-3027.3517	-2983.493	-2989.182	43.8587	-3023.5804	-2976.1318	-2976.1314
239	239	-2579.8716	-2508.8475	-2514.9931	71.024035	-2575.984	-2499.8016	-2499.7825
240	240	-3704.2002	-3661.9439	-3667.6158	42.256338	-3685.8785	-3654.804	-3654.8759
241	241	-2335.9964	-2210.9647	-2216.6431	125.03168	-2316.5395	-2203.5021	-2203.5017
242	242	-3132.5711	-3090.899	-3096.5663	41.672137	-3128.848	-3083.5918	-3083.5912
243	243	-2946.5289	-2881.3591	-2887.0704	65.169755	-2942.7392	-2873.9123	-2874.0454
244	244	-2621.6858	-2523.4502	-2529.1496	98.235587	-2601.8692	-2516.0484	-2516.0495
245	245	-3826.7382	-3813.1878	-3819.1144	13.550369	-3823.2067	-3805.8222	-3805.8091
246	246	-1987.4892	-1841.4009	-1847.0685	146.08831	-1967.8257	-1833.5737	-1833.5737
247	247	-2831.9803	-2786.5335	-2792.49	45.446805	-2828.1639	-2776.0851	-2778.6342
248	248	-2579.4014	-2480.1268	-2485.9398	99.2746	-2560.3026	-2472.9266	-2472.9266
249	249	-2470.8608	-2440.4978	-2446.1962	30.362998	-2466.961	-2432.8445	-2432.8463
250	250	-2447.6123	-2392.0458	-2397.7723	55.56645	-2443.6905	-2384.4678	-2384.4667
251	251	-2600.1347	-2509.6059	-2515.2739	90.528795	-2580.8162	-2502.1901	-2502.1905
252	252	-1694.0578	-1571.0062	-1577.1819	123.05157	-1689.7648	-1561.1843	-1561.1586
253	253	-1693.7779	-1569.7312	-1575.7365	124.04668	-1689.4856	-1561.1317	-1561.1184
254	254	-2329.4585	-2199.8186	-2205.501	129.63989	-2310.3783	-2192.2464	-2192.2439
255	255	-1826.869	-1664.7225	-1670.4213	162.14651	-1806.6462	-1656.7746	-1656.7745
256	256	-2922.363	-2856.7343	-2862.7203	65.628775	-2918.5834	-2848.7255	-2848.6844
257	257	-2536.6893	-2477.1163	-2482.8136	59.573002	-2532.8312	-2469.6336	-2469.6333
258	258	-2533.1423	-2433.9228	-2440.2694	99.219478	-2513.858	-2424.455	-2424.4417
259	259	-2787.0955	-2720.9791	-2726.6607	66.116394	-2783.28	-2713.5775	-2713.577
260	260	-2322.7351	-2266.4314	-2272.378	56.303696	-2318.7652	-2256.898	-2258.3465
261	261	-2916.8806	-2869.286	-2875.227	47.594573	-2897.9919	-2861.5214	-2861.5205
262	262	-2232.1316	-2134.9284	-2140.6396	97.203181	-2228.1205	-2127.244	-2127.245
263	263	-1985.7615	-1833.4364	-1839.1097	152.32508	-1965.9568	-1825.733	-1825.7327
264	264	-2772.504	-2733.6464	-2739.5835	38.857609	-2768.6877	-2725.731	-2725.7984
265	265	-1695.6485	-1615.0926	-1620.7801	80.555861	-1691.4022	-1607.0263	-1607.0268
266	266	-4049.2268	-3969.3297	-3975.0229	79.897116	-4030.4942	-3962.5157	-3962.5156
267	267	-2324.1347	-2200.1756	-2205.8945	123.95916	-2320.1418	-2192.583	-2192.5828
268	268	-3023.9983	-2923.0772	-2928.7533	100.92102	-3004.9724	-2915.9543	-2915.9527
269	269	-2172.1861	-2050.3324	-2056.0141	121.8537	-2168.132	-2042.6042	-2042.6046
270	270	-2702.1937	-2684.1439	-2690.8433	18.049735	-2698.3742	-2676.7183	-2676.7163
271	271	-3060.3383	-2996.391	-3002.435	63.947279	-3041.5316	-2988.1238	-2988.0962
272	272	-2819.5178	-2732.445	-2738.1254	87.072772	-2800.5229	-2725.1383	-2725.1371
273	273	-2623.6027	-2513.2751	-2518.964	110.32759	-2604.5865	-2505.9037	-2505.904
274	274	-2690.1971	-2618.4271	-2624.1244	71.770063	-2670.9807	-2610.9973	-2610.9976
275	275	-2810.027	-2717.6172	-2723.3084	92.409774	-2790.8549	-2710.2914	-2710.291
276	276	-2108.0808	-2009.0614	-2014.7699	99.019404	-2104.0239	-2001.3701	-2001.3705
277	277	-2764.7359	-2666.8195	-2672.4922	97.916386	-2745.5336	-2659.4958	-2659.4959
278	278	-1735.8681	-1682.4839	-1688.4467	53.384209	-1731.6733	-1673.2366	-1673.1779
279	279	-2421.3361	-2296.7836	-2302.4582	124.55243	-2401.9466	-2289.2823	-2289.2826
280	280	-2778.1768	-2685.3207	-2691.0496	92.856102	-2758.9566	-2677.2342	-2678.021
281	281	-2239.6253	-2180.2642	-2186.0557	59.361064	-2235.6315	-2170.4464	-2172.1905
282	282	-2580.6269	-2457.4264	-2463.1165	123.20049	-2561.2702	-2450.0768	-2450.0756
283	283	-2127.6056	-1982.8406	-1989.0562	144.76498	-2108.011	-1974.5023	-1974.4955
284	284	-2595.7235	-2513.7563	-2519.9755	81.967169	-2575.8568	-2504.5928	-2504.5814
285	285	-3097.2465	-2976.6762	-2982.367	120.57022	-3078.0911	-2969.5962	-2969.5969
286	286	-2230.5069	-2103.2432	-2108.9429	127.26374	-2211.0224	-2095.6806	-2095.6805
287	287	-2569.2097	-2452.1001	-2458.2714	117.1096	-2549.8773	-2443.4186	-2443.3739
288	288	-2446.5971	-2404.522	-2411.0796	42.075093	-2442.7163	-2393.1611	-2393.1566
289	289	-4141.1054	-4103.1489	-4108.8068	37.956452	-4122.3987	-4096.1896	-4096.1329
290	290	-2852.5569	-2800.6346	-2806.3182	51.922317	-2848.7986	-2793.2634	-2793.2642
291	291	-2614.9285	-2530.1261	-2536.1205	84.80247	-2597.6969	-2522.0779	-2522.0771
292	292	-2273.9403	-2261.473	-2267.15	12.467337	-2269.9862	-2252.1927	-2253.6311
293	293	-2424.42	-2352.3886	-2358.2358	72.031422	-2405.3427	-2343.7041	-2343.6319
294	294	-2396.6649	-2330.7512	-2336.4175	65.913757	-2392.7124	-2323.106	-2323.1076
295	295	-2338.231	-2255.5919	-2261.577	82.639031	-2334.2656	-2247.4209	-2247.224
296	296	-2763.8573	-2705.8317	-2711.6854	58.025645	-2760.0698	-2698.4739	-2698.4107
297	297	-2123.9277	-2088.4736	-2094.3919	35.454143	-2119.9071	-2078.1159	-2078.0269
298	298	-3132.1575	-3116.6932	-3122.52	15.464249	-3128.4168	-3109.0217	-3108.9406
299	299	-3543.3948	-3501.6622	-3507.5281	41.732569	-3523.9327	-3494.4835	-3494.4619
300	300	-2479.6364	-2380.0318	-2385.7018	99.604567	-2460.5166	-2372.564	-2372.5642
301	301	-3031.8948	-2953.7629	-2958.7428	78.131961	-3028.1525	-2943.0238	-2946.4214
302	302	-2001.7874	-1893.7127	-1899.385	108.07474	-1997.6703	-1885.9107	-1885.9104
303	303	-2601.3512	-2513.9714	-2519.6602	87.379836	-2597.4695	-2506.5096	-2506.5088
304	304	-2137.3626	-2045.8193	-2051.7388	91.543277	-2133.3079	-2037.574	-2037.5626
305	305	-2681.6192	-2553.5425	-2559.3934	128.07673	-2662.5375	-2546.3595	-2546.3622
306	306	-3121.3132	-3023.4015	-3029.1827	97.911706	-3102.2627	-3015.6834	-3015.6035
307	307	-1920.3	-1796.7004	-1802.3533	123.59962	-1900.82	-1788.8635	-1788.864
308	308	-2736.8293	-2654.1766	-2659.8938	82.652721	-2717.2073	-2646.8254	-2646.8256
309	309	-2595.7199	-2533.1807	-2539.3181	62.539232	-2575.1222	-2524.116	-2524.1089
310	310	-2567.8304	-2474.614	-2480.6023	93.216435	-2547.933	-2466.575	-2466.577
311	311	-2507.5953	-2426.9493	-2432.6435	80.64598	-2503.6931	-2419.4651	-2419.4658
312	312	-1529.3435	-1461.6284	-1467.303	67.715113	-1525.036	-1453.394	-1453.3936
313	313	-2463.2458	-2337.5331	-2343.7262	125.71264	-2444.0474	-2329.4554	-2329.4564
314	314	-2454.0825	-2321.3366	-2326.9875	132.74595	-2435.0695	-2313.8419	-2313.8423
315	315	-2379.8957	-2284.5959	-2290.2692	95.299802	-2360.0732	-2277.0889	-2277.0873
316	316	-3356.481	-3259.7317	-3265.6975	96.749233	-3337.4325	-3252.0006	-3251.9872
317	317	-2347.3463	-2225.0848	-2230.7755	122.26152	-2328.0645	-2217.5658	-2217.5666
318	318	-2696.2027	-2657.442	-2663.1216	38.760666	-2692.391	-2649.9518	-2649.9504
319	319	-2117.1328	-1989.5983	-1995.6528	127.53447	-2097.4954	-1981.2939	-1981.292
320	320	-3136.8494	-3105.8412	-3111.8144	31.008203	-3133.1379	-3098.1895	-3098.1881
321	321	-3397.8034	-3380.269	-3385.9471	17.53441	-3394.1246	-3372.2336	-3372.9616
322	322	-2113.734	-2042.6537	-2048.6197	71.080264	-2109.6748	-2034.428	-2034.4261
323	323	-3591.0735	-3546.6358	-3552.3481	44.437731	-3587.4457	-3539.5421	-3539.5408
324	324	-2915.3012	-2811.233	-2817.2874	104.06819	-2896.1474	-2802.6389	-2802.5893
325	325	-3062.8111	-2991.1626	-2996.8667	71.648528	-3043.8895	-2982.6797	-2983.9366
326	326	-2728.6089	-2645.8333	-2651.518	82.775622	-2709.5551	-2638.27	-2638.2265
327	327	-3184.0089	-3175.0663	-3179.1746	8.9425834	-3180.3102	-3165.5794	-3165.5779
328	328	-1895.8444	-1781.6478	-1787.3581	114.19659	-1891.6892	-1773.8089	-1773.81
329	329	-2497.9677	-2388.7786	-2394.4999	109.1891	-2494.0333	-2381.2817	-2381.2812
330	330	-2710.7712	-2626.8834	-2632.8625	83.887757	-2706.9218	-2618.9129	-2618.9085
331	331	-2748.015	-2661.8403	-2667.5304	86.174642	-2728.7898	-2654.4546	-2654.4537
332	332	-2958.4717	-2824.5537	-2830.244	133.91804	-2939.397	-2817.3898	-2817.3903
333	333	-2067.5378	-1973.4052	-1979.5677	94.132621	-2063.4694	-1964.1707	-1964.1109
334	334	-2950.3224	-2881.3232	-2887.003	68.999193	-2946.5428	-2874.0098	-2874.0097
335	335	-2312.6126	-2300.4287	-2308.1352	12.183866	-2308.6731	-2291.7841	-2292.1706
336	336	-4251.6277	-4218.6618	-4224.3623	32.965976	-4239.4639	-4210.76	-4211.7475
337	337	-2563.5757	-2476.7456	-2482.4265	86.830112	-2559.6871	-2469.2425	-2469.2439
338	338	-2457.7291	-2403.4924	-2409.4504	54.236648	-2453.8179	-2394.4748	-2395.4442
339	339	-2965.1535	-2900.9919	-2906.6737	64.16163	-2944.7735	-2893.7077	-2893.7073
340	340	-2953.8798	-2926.6971	-2932.4253	27.182709	-2950.1329	-2918.2166	-2919.3406
341	341	-2221.6944	-2093.7089	-2099.776	127.98544	-2202.4536	-2085.3822	-2085.3834
342	342	-2780.0201	-2683.456	-2689.1327	96.564132	-2760.8031	-2676.193	-2676.1932
343	343	-2677.66	-2624.4431	-2630.1434	53.216873	-2673.8301	-2616.9847	-2616.986
344	344	-2090.1739	-1950.9929	-1956.6869	139.18099	-2070.8281	-1943.3671	-1943.3651
345	345	-3449.1438	-3441.7206	-3447.235	7.4231859	-3445.5239	-3431.5829	-3434.3232
346	346	-2550.2651	-2448.7116	-2454.4019	101.55352	-2531.2493	-2441.2856	-2441.285
347	347	-2310.0756	-2227.637	-2233.8224	82.438577	-2306.0921	-2218.4205	-2218.406
348	348	-2940.992	-2842.382	-2848.4675	98.610032	-2922.9776	-2834.3362	-2834.3279
349	349	-2253.274	-2130.1155	-2135.8146	123.15852	-2233.7809	-2122.5516	-2122.5515
350	350	-3381.2515	-3358.9651	-3364.789	22.286424	-3377.5811	-3348.7491	-3351.3206
351	351	-3270.5875	-3168.861	-3175.0988	101.72646	-3251.566	-3160.7073	-3160.5748
352	352	-2157.0718	-2051.8214	-2057.8962	105.25038	-2137.5252	-2043.283	-2043.031
353	353	-2406.567	-2337.4848	-2343.1652	69.082253	-2402.6169	-2329.8812	-2329.7899
354	354	-2025.4531	-1976.6625	-1982.6136	48.790615	-2021.3553	-1968.1328	-1968.4572
355	355	-2612.6797	-2510.956	-2516.6469	101.7237	-2593.6836	-2503.5622	-2503.5621
356	356	-2723.7309	-2645.0862	-2650.7778	78.644761	-2719.9151	-2637.6928	-2637.6932
357	357	-2623.1173	-2527.8746	-2534.1304	95.242664	-2604.1359	-2518.5275	-2518.5088
358	358	-2320.7079	-2202.3291	-2208.0286	118.37878	-2301.2784	-2194.793	-2194.7934
359	359	-2226.5479	-2129.8929	-2135.5385	96.654985	-2222.5093	-2122.1766	-2122.1764
360	360	-2092.0813	-2021.5529	-2027.2239	70.528354	-2088.0236	-2013.7615	-2013.7605
361	361	-3431.7524	-3360.341	-3366.0004	71.411401	-3412.8047	-3353.2523	-3353.2518
362	362	-2380.8704	-2321.6064	-2327.545	59.263966	-2376.9246	-2313.5289	-2313.5258
363	363	-3155.7206	-3077.0838	-3082.9516	78.636802	-3136.9295	-3069.7747	-3069.7748
364	364	-2296.6509	-2180.1669	-2185.8599	116.48404	-2277.4623	-2172.5415	-2172.5414
365	365	-3933.0771	-3864.3613	-3870.399	68.715798	-3914.4589	-3856.8457	-3856.8238
366	366	-3103.3531	-3023.1692	-3029.1558	80.183928	-3084.3534	-3015.5092	-3015.5122
367	367	-3013.4511	-2946.8676	-2952.5753	66.583465	-2994.3564	-2939.6473	-2939.6477
368	368	-3058.9983	-3016.4613	-3022.1509	42.53703	-3055.2672	-3009.1586	-3009.1564
369	369	-3261.9622	-3187.8271	-3192.8853	74.135093	-3242.9557	-3176.7144	-3179.8792
370	370	-2977.7535	-2938.6442	-2944.7016	39.109311	-2974.0027	-2929.992	-2929.9628
371	371	-2792.55	-2755.683	-2761.6314	36.867016	-2788.7672	-2747.2322	-2747.8871
372	372	-3307.7338	-3223.4433	-3229.4444	84.290543	-3288.9051	-3215.8046	-3215.8008
373	373	-2537.8088	-2447.9625	-2453.6627	89.846327	-2517.3874	-2440.5232	-2440.5224
374	374	-2758.5226	-2685.8398	-2691.5305	72.682798	-2739.1701	-2678.4946	-2678.4947
375	375	-2468.3024	-2355.8055	-2361.5095	112.49693	-2464.3759	-2348.302	-2348.3044
376	376	-2923.9368	-2883.6496	-2889.5887	40.287195	-2920.1426	-2875.8624	-2875.7858
377	377	-3783.4599	-3763.5526	-3769.9828	19.907337	-3779.8938	-3753.5241	-3756.6489
378	378	-2086.3965	-1990.9566	-1996.6372	95.439896	-2082.3158	-1983.2323	-1983.2324
379	379	-2602.1327	-2587.8689	-2593.7469	14.263776	-2598.2992	-2579.2103	-2578.8749
380	380	-2628.8776	-2507.9919	-2513.8881	120.88575	-2609.5888	-2500.4154	-2500.4097
381	381	-2239.511	-2120.1174	-2125.8159	119.39358	-2235.4929	-2112.4965	-2112.4971
382	382	-2144.144	-2048.5239	-2054.4785	95.620164	-2140.0883	-2040.2221	-2040.2164
383	383	-2227.8225	-2196.6306	-2202.5515	31.191897	-2223.8076	-2188.598	-2188.5978
384	384	-2616.218	-2533.8821	-2539.5825	82.335902	-2612.3338	-2526.4322	-2526.4325
385	385	-2770.3231	-2717	-2722.6965	53.323113	-2766.5048	-2709.5431	-2709.2603
386	386	-2862.6348	-2803.2481	-2808.928	59.386689	-2858.877	-2795.7431	-2795.7104
387	387	-2659.2614	-2516.112	-2521.9327	143.14942	-2639.2035	-2508.9082	-2508.8959
388	388	-2224.2717	-2170.7678	-2176.7133	53.503918	-2220.2963	-2162.6777	-2162.6774
389	389	-3368.1487	-3327.0339	-3332.717	41.114754	-3348.9329	-3319.8957	-3319.8949
390	390	-1954.8071	-1829.6222	-1835.327	125.18488	-1935.1332	-1821.847	-1821.8465
391	391	-2689.8051	-2603.1935	-2608.8806	86.611647	-2671.0092	-2595.8046	-2595.8048
392	392	-2298.7832	-2142.6822	-2148.3622	156.101	-2279.2246	-2135.1619	-2135.1624
393	393	-1991.7065	-1850.5917	-1856.2922	141.11475	-1987.5595	-1842.8029	-1842.8028
394	394	-2525.0551	-2459.8426	-2465.54	65.212449	-2521.1587	-2452.288	-2452.1259
395	395	-2959.9756	-2913.7932	-2919.7294	46.182363	-2956.2307	-2906.0101	-2906.0106
396	396	-3054.8701	-3004.8698	-3010.9725	50.000293	-3051.1105	-2996.2611	-2996.2003
397	397	-2431.3006	-2356.0404	-2362.0178	75.260226	-2427.3937	-2347.9654	-2347.9608
398	398	-2987.3975	-2939.0814	-2945.0323	48.31608	-2983.6553	-2931.2518	-2931.2316
399	399	-3883.766	-3851.6835	-3857.5199	32.082515	-3880.2122	-3842.4209	-3844.255
400	400	-1810.7304	-1652.124	-1658.1076	158.60639	-1791.1082	-1643.6174	-1643.6202
401	401	-2076.7034	-1985.251	-1991.3715	91.452477	-2072.6436	-1976.2505	-1976.2268
402	402	-2790.5646	-2685.0287	-2690.7393	105.5359	-2771.3205	-2677.8419	-2677.8418
403	403	-2146.8014	-2021.1125	-2026.8109	125.68884	-2127.7708	-2013.4605	-2013.3179
404	404	-1904.5885	-1832.7044	-1838.8035	71.88411	-1900.4484	-1823.54	-1823.5012
405	405	-3294.619	-3250.7123	-3256.6551	43.906702	-3290.9189	-3242.0677	-3243.115
406	406	-2558.784	-2460.6689	-2466.3369	98.115141	-2539.4757	-2453.2661	-2453.2664
407	407	-3096.2851	-3029.2053	-3036.164	67.079773	-3077.5411	-3017.8334	-3017.7869
408	408	-2159.0911	-2060.17	-2066.1133	98.921088	-2155.0424	-2051.9089	-2051.9085
409	409	-2697.7954	-2633.5596	-2639.2694	64.235824	-2693.965	-2625.9084	-2625.8529
410	410	-3320.2853	-3265.2008	-3271.1799	55.084531	-3316.578	-3257.2454	-3257.5126
411	411	-2847.3011	-2779.9832	-2785.6507	67.317986	-2843.5218	-2772.6213	-2772.6183
412	412	-2568.342	-2511.3649	-2517.3526	56.977059	-2564.4874	-2503.4075	-2503.4048
413	413	-2145.0403	-2065.8351	-2071.9419	79.20525	-2141.009	-2056.5901	-2056.5375
414	414	-2710.8872	-2668.6935	-2674.3674	42.193681	-2707.0689	-2661.2104	-2661.2101
415	415	-2374.5231	-2250.8949	-2256.8423	123.62812	-2353.9139	-2243.2397	-2243.2299
416	416	-2738.5073	-2651.4764	-2657.4332	87.030887	-2719.261	-2643.6843	-2643.68
417	417	-2253.8156	-2186.4647	-2192.1619	67.350912	-2249.8295	-2178.778	-2178.7766
418	418	-3358.379	-3299.664	-3305.6469	58.714946	-3338.5702	-3292.0481	-3292.0392
419	419	-1991.2735	-1855.2369	-1861.2916	136.03657	-1971.0655	-1846.7614	-1846.7565
420	420	-3222.0598	-3160.9996	-3166.9762	61.060213	-3203.3378	-3152.3164	-3153.3966
421	421	-1891.2682	-1759.8547	-1765.5569	131.41355	-1887.0939	-1751.9894	-1751.9896
422	422	-2417.9064	-2233.7638	-2239.4569	184.14253	-2398.3331	-2226.3586	-2226.3596
423	423	-2947.4514	-2872.6149	-2878.3061	74.836493	-2943.6794	-2865.3004	-2865.3004
424	424	-2393.3526	-2372.6297	-2378.5477	20.72283	-2389.4314	-2364.7055	-2364.7108
425	425	-2443.5508	-2326.5895	-2332.8606	116.96132	-2439.6054	-2317.159	-2317.1535
426	426	-2890.2721	-2792.6293	-2798.6492	97.642708	-2871.1366	-2784.7439	-2784.7314
427	427	-2647.0075	-2561.6832	-2567.3869	85.324231	-2627.7411	-2554.2933	-2554.2932
428	428	-2558.9856	-2476.2711	-2481.9501	82.714522	-2555.1243	-2468.8036	-2468.804
429	429	-2860.2162	-2792.4334	-2798.4242	67.782761	-2841.2698	-2784.5537	-2784.5522
430	430	-2620.195	-2521.4689	-2527.1554	98.726102	-2599.4347	-2514.0804	-2514.0807
431	431	-3388.2899	-3350.3989	-3356.3233	37.891032	-3384.6165	-3342.7738	-3342.7753
432	432	-3367.4727	-3303.2159	-3308.8994	64.256817	-3348.6059	-3296.1286	-3296.1284
433	433	-2353.963	-2250.4613	-2256.1387	103.5017	-2350.009	-2242.8631	-2242.8631
434	434	-2286.6264	-2203.7735	-2211.0704	82.852821	-2282.667	-2191.4307	-2191.418
435	435	-3015.4557	-2914.2761	-2919.9826	101.17967	-2996.2734	-2907.1557	-2907.1567
436	436	-2623.4505	-2499.1161	-2504.773	124.33432	-2604.0855	-2491.7391	-2491.7395
437	437	-2165.4141	-2037.801	-2043.5178	127.61307	-2145.843	-2030.1589	-2030.1591
438	438	-1985.319	-1872.8669	-1878.5527	112.4521	-1981.1846	-1865.0462	-1865.0486
439	439	-2305.1927	-2201.5334	-2206.8118	103.65925	-2285.3582	-2189.8708	-2193.3852
440	440	-2474.8631	-2399.2266	-2404.9413	75.636464	-2470.9438	-2391.6899	-2391.6908
441	441	-3034.6111	-2948.8665	-2954.63	85.744545	-3015.6267	-2941.7912	-2941.7902
442	442	-2673.7702	-2640.2334	-2645.9448	33.536732	-2669.9156	-2631.6021	-2632.7031
443	443	-2286.0406	-2216.3611	-2222.2152	69.679531	-2282.0813	-2207.5066	-2207.4367
444	444	-2713.541	-2597.4662	-2603.1339	116.07486	-2694.2719	-2589.1057	-2589.1001
445	445	-2557.1582	-2459.7802	-2465.4651	97.377943	-2538.1529	-2452.4071	-2452.4072
446	446	-2689.315	-2619.009	-2624.8513	70.305987	-2670.1849	-2611.6865	-2611.6357
447	447	-2978.1758	-2866.2929	-2872.2963	111.88295	-2959.0266	-2858.535	-2858.5359
448	448	-3546.5043	-3495.1077	-3501.0164	51.39653	-3529.1273	-3487.4983	-3487.4851
449	449	-2563.3023	-2464.2111	-2470.2502	99.091129	-2544.1763	-2456.0819	-2456.0816
450	450	-2806.0077	-2728.8612	-2734.5447	77.146505	-2786.884	-2721.5529	-2721.5529
451	451	-2608.7233	-2525.5731	-2531.2653	83.150215	-2589.3634	-2518.2551	-2518.2549
452	452	-2588.3205	-2541.9373	-2547.6506	46.383236	-2584.4625	-2534.422	-2534.4226
453	453	-2758.2887	-2697.0833	-2702.7539	61.205411	-2754.4643	-2689.6411	-2689.642
454	454	-3087.6169	-3011.6792	-3017.4022	75.937757	-3068.7953	-3004.498	-3003.971
455	455	-2686.3785	-2594.9804	-2600.6687	91.39812	-2666.6072	-2587.625	-2587.6246
456	456	-3962.9507	-3924.9158	-3930.6317	38.034868	-3944.4337	-3917.6195	-3917.9594
457	457	-3332.6224	-3327.8474	-3332.2468	4.7749464	-3328.9452	-3318.0458	-3318.0405
458	458	-1751.3462	-1611.4734	-1617.2984	139.87286	-1747.0822	-1603.5477	-1603.5346
459	459	-2593.4667	-2510.8366	-2516.8123	82.630124	-2589.5981	-2502.8172	-2502.8161
460	460	-2667.8997	-2555.5023	-2561.2053	112.39743	-2648.6028	-2548.1398	-2548.1395
461	461	-2966.5345	-2902.3904	-2908.0618	64.144116	-2947.4722	-2895.0964	-2895.097
462	462	-2997.4619	-2903.3886	-2909.0644	94.073236	-2978.3425	-2896.2247	-2896.2246
463	463	-2124.6882	-2017.044	-2023.2589	107.64423	-2120.6375	-2007.6746	-2007.6242
464	464	-2449.1124	-2357.3549	-2363.3186	91.757574	-2445.1993	-2349.3065	-2349.2989
465	465	-2497.9979	-2399.2476	-2405.1277	98.750296	-2478.0822	-2391.6904	-2391.672
466	466	-4270.6949	-4237.183	-4243.1032	33.511951	-4255.1772	-4229.6123	-4229.897
467	467	-3567.5586	-3523.2659	-3528.9669	44.292747	-3549.0182	-3515.8018	-3515.7067
468	468	-3241.6704	-3178.9413	-3184.9305	62.729081	-3222.5878	-3171.2598	-3171.25
469	469	-2907.8307	-2901.1713	-2906.8342	6.6593928	-2904.0538	-2893.3993	-2893.6176
470	470	-2649.3978	-2592.8569	-2598.7694	56.54094	-2645.5517	-2584.9944	-2584.9871
471	471	-3228.4852	-3196.4602	-3202.1287	32.024981	-3224.8222	-3189.1983	-3189.1979
472	472	-3195.0918	-3152.895	-3158.8299	42.196754	-3191.4123	-3145.27	-3145.2595
473	473	-2333.9632	-2223.7521	-2229.7785	110.21114	-2314.5514	-2214.7066	-2215.5837
474	474	-2435.0586	-2385.1109	-2390.79	49.947694	-2431.1231	-2377.4911	-2377.4904
475	475	-2504.4981	-2450.3336	-2456.0352	54.164477	-2500.6183	-2442.7795	-2442.7816
476	476	-2121.2631	-1931.3149	-1937.0107	189.94815	-2101.3794	-1923.6526	-1923.6524
477	477	-2637.9463	-2582.2835	-2587.9539	55.662819	-2634.0697	-2574.5167	-2574.6819
478	478	-2545.8635	-2440.4488	-2446.1694	105.41466	-2526.5396	-2433.0395	-2433.0383
479	479	-3151.5526	-3073.4442	-3079.472	78.108362	-3132.2764	-3065.2501	-3065.0906
480	480	-3312.8771	-3245.1631	-3251.1011	67.713976	-3294.2853	-3237.6406	-3237.6382
481	481	-2563.9442	-2464.4609	-2470.1655	99.483319	-2560.0537	-2457	-2456.9993
482	482	-2324.8188	-2250.1939	-2255.9039	74.624925	-2320.8524	-2242.5399	-2242.54
483	483	-2451.5995	-2337.2546	-2342.963	114.34497	-2432.3806	-2329.8031	-2329.803
484	484	-3237.2566	-3181.6181	-3187.3492	55.638499	-3233.5188	-3171.0709	-3171.0658
485	485	-2282.5742	-2148.2338	-2153.9133	134.34043	-2263.2666	-2140.7107	-2140.7121
486	486	-3162.3188	-3077.7641	-3083.7738	84.55473	-3143.2662	-3069.9415	-3069.9398
487	487	-2590.2609	-2555.2415	-2561.1629	35.019349	-2586.4115	-2546.6239	-2546.436
488	488	-2449.8431	-2336.83	-2342.9896	113.01309	-2430.9351	-2328.7372	-2328.7363
489	489	-2970.8244	-2910.6866	-2916.6759	60.137739	-2951.7144	-2903.015	-2902.9992
490	490	-3850.0014	-3787.0294	-3793.164	62.971971	-3831.1289	-3779.4191	-3779.4191
491	491	-2114.5004	-2045.5561	-2051.2388	68.944223	-2110.4306	-2037.8034	-2037.8037
492	492	-2355.4994	-2237.3292	-2243.0009	118.17019	-2336.1314	-2229.7783	-2229.7784
493	493	-1471.7966	-1432.1441	-1438.0472	39.652503	-1467.4613	-1423.5678	-1423.5577
494	494	-3016.801	-2952.6083	-2958.2897	64.192683	-3013.0829	-2945.3275	-2945.3268
495	495	-3417.4267	-3353.7038	-3359.3828	63.722906	-3398.6322	-3346.6204	-3346.6218
496	496	-3331.9882	-3266.0191	-3271.7333	65.969019	-3312.4633	-3258.9003	-3258.9006
497	497	-1934.5484	-1787.6563	-1793.3226	146.89215	-1914.8164	-1779.871	-1779.8699
498	498	-2472.4149	-2386.4174	-2392.098	85.997541	-2468.4922	-2378.7515	-2378.867
499	499	-2284.5996	-2184.8857	-2190.923	99.713852	-2265.2009	-2176.4942	-2176.4056
