V1	V2	V3	V4	V5	V6	V7	V8	V9
1	0.817	0.188	0.748	0.571	0.531	0.036	0.077	0.007	0.552
2	0.826	0.141	0.65	0.577	0.451	0.079	0.045	0.047	0.837
3	0.466	0.49	0.903	0.28	0.339	0.156	0.001	0.251	0.807
4	0.162	0.789	0.383	0.392	0.548	0.043	0.015	0.028	0.397
5	0.953	0.27	0.418	0.18	0.551	0.074	0.011	0.051	0.507
6	0.866	0.474	0.557	0.284	0.382	0.32	0.144	0.056	0.464
7	0.881	0.793	0.241	0.407	0.73	0.023	0.001	0.044	0.511
8	0.759	0.162	0.328	0.391	0.055	0.039	0.001	0.084	0.411
9	0.503	0.132	0.454	0.417	0.291	0.16	0.04	0.034	0.614
10	0.31	0.962	0.585	0.212	0.23	0.193	0.079	0.008	0.89
11	0.766	0.926	0.727	0.226	0.726	0.179	0.183	0.008	0.689
12	0.644	0.247	0.528	0.997	0.527	0.043	0.019	0.127	0.418
13	0.913	0.291	0.045	0.125	0.379	0.059	0.079	0.057	0.505
14	0.988	0.631	0.139	0.311	0.71	0.066	0.004	0.007	0.506
15	0.283	0.266	0.376	0.299	0.539	0.135	0.007	0.163	0.503
16	0.496	0.094	0.606	0.587	0.779	0.001	0.002	0.017	0.447
17	0.775	0.396	0.492	0.056	0.599	0.057	0.009	0.712	0.436
18	0.564	0.119	0.271	0.084	0.323	0.102	0.025	0.16	0.667
19	0.979	0.826	0.379	0.387	0.778	0.103	0.011	0.171	0.55
20	0.608	0.178	0.305	0.44	0.576	0.375	0.016	0.049	0.627
21	0.755	0.354	0.949	0.511	0.824	0.108	0.527	0.222	0.969
22	0.859	0.527	0.582	0.975	0.127	0.076	0.024	0.06	0.843
23	0.85	0.132	0.489	0.384	0.204	0.004	0.017	0.133	0.555
24	0.703	0.334	0.289	0.147	0.526	0.139	0.002	0.047	0.833
25	0.875	0.713	0.525	0.608	0.471	0.031	0.001	0.247	0.463
26	0.546	0.278	0.324	0.347	0.366	0.049	0.039	0.288	0.151
27	0.217	0.427	0.039	0.345	0.542	0.039	0.001	0.032	0.467
28	0.365	0.324	0.222	0.595	0.382	0.088	0.014	0.197	0.46
29	0.715	0.409	0.297	0.632	0.815	0.066	0.005	0.078	0.502
30	0.389	0.094	0.737	0.329	0.281	0.286	0.003	0.043	0.647
31	0.503	0.519	0.137	0.418	0.305	0.062	0.031	0.043	0.434
32	0.152	0.219	0.574	0.237	0.661	0.047	0.051	0.032	0.609
33	0.364	0.439	0.413	0.292	0.663	0.34	0.001	0.68	0.662
34	0.768	0.059	0.393	0.59	0.22	0.37	0.005	0.085	0.987
35	0.484	0.34	0.114	0.152	0.752	0.048	0.002	0.025	0.48
36	0.384	0.514	0.213	0.519	0.817	0.021	0.007	0.105	0.191
37	0.564	0.354	0.571	0.182	0.438	0.011	0.152	0.62	0.417
38	0.422	0.213	0.516	0.955	0.214	0.038	0.26	0.064	0.894
39	0.202	0.352	0.303	0.303	0.821	0.071	0.001	0.025	0.861
40	0.509	0.368	0.243	0.337	0.974	0.019	0.02	0.036	0.504
41	0.686	0.681	0.473	0.357	0.796	0.243	0.001	0.25	0.37
42	0.728	0.303	0.755	0.732	0.535	0.002	0.057	0.169	0.326
43	0.913	0.849	0.212	0.4	0.453	0.13	0.96	0.15	0.467
44	0.991	0.046	0.734	0.333	0.338	0.01	0.028	0.505	0.449
45	0.221	0.273	0.379	0.365	0.647	0.09	0.029	0.898	0.864
46	0.293	0.342	0.636	0.133	0.8	0.162	0.007	0.041	0.917
47	0.9	0.048	0.679	0.603	0.637	0.007	0.002	0.077	0.312
48	0.287	0.52	0.13	0.805	0.848	0.041	0.001	0.066	0.812
49	0.976	0.657	0.243	0.608	0.696	0.117	0.218	0.353	0.425
50	0.413	0.403	0.19	0.259	0.964	0.033	0.041	0.276	0.506
51	0.448	0.219	0.548	0.337	0.462	0.016	0.004	0.069	0.312
52	0.376	0.212	0.87	0.379	0.883	0.103	0.01	0.004	0.437
53	0.948	0.671	0.36	0.786	0.397	0.04	0.043	0.03	0.434
54	0.283	0.211	0.331	0.133	0.752	0.021	0.019	0.044	0.923
55	0.471	0.304	0.377	0.552	0.378	0.003	0.047	0.362	0.42
56	0.427	0.387	0.24	0.648	0.429	0.311	0.009	0.627	0.495
57	0.531	0.442	0.319	0.343	0.437	0.05	0.006	0.083	0.598
58	0.974	0.213	0.493	0.673	0.952	0.038	0.009	0.012	0.427
59	0.447	0.386	0.263	0.155	0.984	0.039	0.018	0.003	0.96
60	0.734	0.47	0.246	0.414	0.43	0.168	0.064	0.085	0.613
61	0.72	0.467	0.309	0.718	0.796	0.101	0.003	0.086	0.286
62	0.441	0.187	0.362	0.385	0.913	0.04	0.019	0.057	0.798
63	0.634	0.376	0.373	0.904	0.709	0.01	0.041	0.193	0.646
64	0.456	0.288	0.568	0.612	0.53	0.017	0.014	0.044	0.342
65	0.366	0.484	0.207	0.332	0.558	0.212	0.038	0.022	0.858
66	0.267	0.413	0.456	0.13	0.783	0.078	0.33	0.267	0.663
67	0.428	0.185	0.4	0.382	0.685	0.013	0.02	0.474	0.692
68	0.861	0.568	0.051	0.217	0.307	0.018	0.001	0.391	0.678
69	0.7	0.201	0.158	0.673	0.815	0.096	0.016	0.043	0.372
70	0.727	0.365	0.256	0.653	0.713	0.022	0.011	0.335	0.292
71	0.69	0.223	0.21	0.345	0.628	0.022	0.088	0.005	0.702
72	0.89	0.382	0.93	0.418	0.659	0.034	0.001	0.004	0.353
73	0.559	0.285	0.357	0.296	0.537	0.255	0.001	0.114	0.585
74	0.701	0.705	0.368	0.58	0.521	0.361	0.001	0.047	0.867
75	0.948	0.607	0.102	0.336	0.529	0.034	0.017	0.055	0.48
76	0.657	0.856	0.388	0.21	0.823	0.03	0.002	0.052	0.454
77	0.276	0.684	0.217	0.126	0.407	0.08	0.006	0.535	0.325
78	0.853	0.527	0.643	0.403	0.697	0.01	0.072	0.97	0.425
79	0.963	0.323	0.346	0.321	0.925	0.101	0.004	0.04	0.349
80	0.321	0.703	0.472	0.682	0.892	0.029	0.078	0.307	0.371
81	0.985	0.23	0.363	0.417	0.594	0.086	0.095	0.008	0.489
82	0.672	0.079	0.457	0.515	0.149	0.044	0.008	0.097	0.455
83	0.241	0.356	0.246	0.329	0.481	0.379	0.02	0.092	0.827
84	0.859	0.293	0.191	0.23	0.754	0.045	0.015	0.067	0.611
85	0.24	0.297	0.422	0.726	0.944	0.137	0.001	0.079	0.475
86	0.839	0.147	0.503	0.204	0.76	0.063	0.006	0.026	0.816
87	0.216	0.429	0.786	0.407	0.195	0.015	0.002	0.043	0.648
88	0.542	0.706	0.199	0.172	0.276	0.293	0.022	0.267	0.439
89	0.222	0.606	0.446	0.196	0.439	0.228	0.001	0.046	0.87
90	0.683	0.47	0.061	0.988	0.876	0.081	0.121	0.005	0.5
91	0.544	0.261	0.615	0.45	0.406	0.44	0.014	0.021	0.317
92	0.777	0.473	0.89	0.373	0.564	0.046	0.007	0.083	0.48
93	0.517	0.223	0.456	0.264	0.479	0.21	0.004	0.037	0.406
94	0.97	0.333	0.723	0.372	0.655	0.036	0.052	0.438	0.7
95	0.765	0.121	0.493	0.725	0.568	0.008	0.023	0.099	0.899
96	0.584	0.567	0.486	0.609	0.4	0.031	0.091	0.082	0.403
97	0.835	0.4	0.455	0.579	0.763	0.008	0.02	0.408	0.557
98	0.398	0.883	0.265	0.347	0.771	0.205	0.018	0.025	0.652
99	0.47	0.38	0.076	0.374	0.406	0.065	0.078	0.003	0.85
100	0.694	0.335	0.276	0.937	0.508	0.004	0.005	0.039	0.584
101	0.853	1	0.096	0.451	0.611	0.003	0.016	0.091	0.247
102	0.58	0.2	0.314	0.288	0.967	0.248	0.009	0.034	0.4
103	0.262	0.32	0.388	0.367	0.441	0.078	0.006	0.063	0.518
104	0.473	0.576	0.209	0.31	0.909	0.007	0.09	0.013	0.586
105	0.091	0.171	0.948	0.998	0.189	0.142	0.002	0.51	0.509
106	0.75	0.321	0.222	0.938	0.993	0.637	0.009	0.111	0.508
107	0.624	0.554	0.191	0.547	0.19	0.083	0.012	0.078	0.866
108	0.496	0.245	0.375	0.814	0.443	0.377	0.008	0.101	0.62
109	0.598	0.584	0.705	0.518	0.901	0.003	0.03	0.089	0.361
110	0.857	0.39	0.425	0.433	0.683	0.008	0.005	0.077	0.355
111	0.701	0.171	0.279	0.617	0.176	0.122	0.041	0.107	0.56
112	0.283	0.184	0.501	0.44	0.581	0.044	0.021	0.081	0.444
113	0.429	0.274	0.187	0.239	0.884	0.035	0.003	0.194	0.761
114	0.398	0.184	0.625	0.151	0.359	0.001	0.024	0.022	0.457
115	0.613	0.867	0.772	0.56	0.813	0.046	0.154	0.072	0.771
116	0.438	0.121	0.56	0.996	0.582	0.176	0.023	0.004	0.363
117	0.377	0.299	0.993	0.745	0.748	0.296	0.004	0.282	0.34
118	0.897	0.894	0.292	0.78	0.758	0.064	0.138	0.143	0.429
119	0.247	0.215	0.316	0.83	0.415	0.012	0.011	0.014	0.861
120	0.615	0.358	0.512	0.914	0.85	0.087	0.075	0.055	0.659
121	0.616	0.277	0.271	0.298	0.798	0.012	0.015	0.028	0.527
122	0.415	0.177	0.628	0.251	0.782	0.285	0.109	0.222	0.683
123	0.236	0.172	0.417	0.681	0.686	0.005	0.002	0.06	0.402
124	0.342	0.283	0.431	0.44	0.387	0.273	0.012	0.068	0.273
125	0.809	0.559	0.241	0.232	0.866	0.045	0.008	0.037	0.507
126	0.889	0.166	0.271	0.109	0.963	0.74	0.011	0.282	0.586
127	0.9	0.088	0.142	0.788	0.669	0.128	0.006	0.086	0.647
128	0.301	0.606	0.456	0.462	0.28	0.006	0.001	0.002	0.766
129	0.412	0.166	0.864	0.179	0.282	0.012	0.001	0.149	0.396
130	0.425	0.273	0.406	0.313	0.805	0.12	0.004	0.1	0.435
131	0.441	0.217	0.277	0.417	0.557	0.003	0.001	0.143	0.594
132	0.479	0.123	0.311	0.681	0.915	0.011	0.006	0.173	0.63
133	0.773	0.107	0.466	0.663	0.404	0.167	0.002	0.597	0.498
134	0.301	0.289	0.543	0.761	0.971	0.212	0.001	0.142	0.508
135	0.932	0.417	0.331	0.463	0.776	0.038	0.129	0.345	0.434
136	0.299	0.147	0.197	0.893	0.767	0.075	0.001	0.186	0.745
137	0.522	0.089	0.062	0.364	0.895	0.041	0.004	0.012	0.4
138	0.222	0.263	0.447	0.041	0.543	0.128	0.406	0.208	0.55
139	0.497	0.272	0.119	0.673	0.898	0.045	0.128	0.009	0.586
140	0.201	0.556	0.472	0.296	0.647	0.04	0.001	0.159	0.929
141	0.316	0.718	0.119	0.11	0.434	0.258	0.131	0.015	0.992
142	0.787	0.421	0.244	0.236	0.215	0.004	0.001	0.424	0.563
143	0.865	0.439	0.277	0.651	0.974	0.142	0.016	0.131	0.427
144	0.878	0.799	0.246	0.163	0.566	0.051	0.008	0.062	0.483
145	0.752	0.786	0.109	0.425	0.744	0.025	0.008	0.033	0.943
146	0.352	0.269	0.703	0.386	0.449	0.103	0.006	0.067	0.853
147	0.555	0.246	0.247	0.601	0.662	0.084	0.003	0.399	0.633
148	0.83	0.133	0.223	0.731	0.799	0.007	0.067	0.202	0.42
149	0.195	0.344	0.246	0.516	0.55	0.025	0.013	0.3	0.644
150	0.729	0.328	0.133	0.444	0.828	0.026	0.005	0.077	0.407
151	0.246	0.964	0.978	0.451	0.66	0.039	0.001	0.199	0.567
152	0.564	0.428	0.085	0.197	0.175	0.101	0.043	0.234	0.478
153	0.675	0.192	0.171	0.839	0.533	0.003	0.031	0.002	0.682
154	0.908	0.177	0.513	0.572	0.617	0.086	0.035	0.652	0.465
155	0.423	0.567	0.325	0.449	0.772	0.029	0.003	0.003	0.647
156	0.421	0.828	0.243	0.622	0.661	0.332	0.028	0.005	0.607
157	0.998	0.085	0.629	0.237	0.754	0.03	0.005	0.036	0.477
158	0.606	0.262	0.148	0.399	0.735	0.002	0.003	0.13	0.509
159	0.384	0.232	0.372	0.216	0.648	0.307	0.023	0.045	0.744
160	0.375	0.663	0.174	0.314	0.973	0.077	0.001	0.033	0.676
161	0.331	0.322	0.175	0.513	0.127	0.042	0.018	0.079	0.574
162	0.861	0.422	0.62	0.244	0.278	0.032	0.071	0.093	0.41
163	0.389	0.101	0.247	0.786	0.719	0.03	0.166	0.3	0.742
164	0.76	0.965	0.686	0.499	0.757	0.003	0.105	0.069	0.706
165	0.21	0.398	0.283	0.279	0.772	0.077	0.003	0.01	0.732
166	0.97	0.933	0.099	0.27	0.314	0.014	0.082	0.027	0.476
167	0.334	0.717	0.355	0.396	0.849	0.002	0.014	0.094	0.421
168	0.879	0.556	0.44	0.646	0.94	0.008	0.018	0.067	0.636
169	0.418	0.903	0.439	0.25	0.207	0.039	0.008	0.024	0.763
170	0.284	0.121	0.257	0.705	0.529	0.278	0.049	0.013	0.523
171	0.606	0.51	0.742	0.277	0.209	0.04	0.044	0.069	0.336
172	0.397	0.584	0.709	0.382	0.51	0.123	0.001	0.124	0.562
173	0.675	0.365	0.914	0.626	0.696	0.152	0.003	0.155	0.719
174	0.218	0.12	0.26	0.467	0.184	0.182	0.001	0.667	0.359
175	0.872	0.187	0.436	0.459	0.936	0.003	0.002	0.004	0.366
176	0.783	0.379	0.747	0.632	0.633	0.157	0.077	0.046	0.316
177	0.426	0.632	0.392	0.133	0.263	0.271	0.001	0.038	0.549
178	0.446	0.068	0.828	0.431	0.748	0.004	0.002	0.007	0.439
179	0.137	0.421	0.145	0.482	0.707	0.142	0.034	0.735	0.598
180	0.323	0.509	0.108	0.395	0.341	0.033	0.029	0.051	0.757
181	0.204	0.357	0.249	0.199	0.743	0.021	0.002	0.07	0.309
182	0.952	0.654	0.526	0.605	0.184	0.015	0.011	0.125	0.585
183	0.699	0.163	0.498	0.338	0.614	0.012	0.003	0.427	0.711
184	0.853	0.796	0.417	0.762	0.856	0.13	0.012	0.098	0.343
185	0.358	0.395	0.443	0.723	0.621	0.149	0.003	0.091	0.273
186	0.538	0.867	0.289	0.146	0.999	0.115	0.001	0.066	0.628
187	0.367	0.854	0.239	0.356	0.673	0.001	0.011	0.038	0.819
188	0.613	0.194	0.291	0.152	0.965	0.089	0.002	0.169	0.539
189	0.808	0.381	0.992	0.616	0.512	0.01	0.031	0.097	0.871
190	0.426	0.073	0.483	0.693	0.348	0.058	0.011	0.042	0.531
191	0.839	0.688	0.261	0.725	0.619	0.004	0.042	0.074	0.713
192	0.741	0.597	0.189	0.194	0.74	0.262	0.001	0.09	0.708
193	0.716	0.311	0.574	0.256	0.914	0.082	0.028	0.04	0.909
194	0.678	0.204	0.364	0.323	0.843	0.207	0.007	0.343	0.822
195	0.461	0.166	0.757	0.2	0.786	0.052	0.012	0.149	0.372
196	0.434	0.477	0.182	0.066	0.976	0.048	0.001	0.123	0.366
197	0.501	0.328	0.295	0.203	0.37	0.104	0.03	0.069	0.27
198	0.181	0.845	0.883	0.584	0.528	0.063	0.013	0.025	0.575
199	0.802	0.241	0.674	0.45	0.998	0.433	0.078	0.016	0.846
200	0.834	0.249	0.357	0.869	0.933	0.063	0.006	0.01	0.481
201	0.738	0.591	0.26	0.588	0.824	0.071	0.007	0.399	0.477
202	0.393	0.725	0.182	0.922	0.435	0.094	0.105	0.265	0.502
203	0.126	0.454	0.323	0.217	0.285	0.21	0.003	0.272	0.547
204	0.847	0.232	0.639	0.393	0.728	0.121	0.001	0.019	0.855
205	0.443	0.992	0.199	0.203	0.667	0.323	0.001	0.016	0.469
206	0.336	0.959	0.507	0.947	0.169	0.079	0.001	0.245	0.718
207	0.201	0.287	0.61	0.229	0.601	0.032	0.002	0.041	0.544
208	0.22	0.357	0.959	0.571	0.866	0.034	0.001	0.018	0.952
209	0.238	0.182	0.103	0.284	0.264	0.004	0.035	0.143	0.468
210	0.31	0.593	0.362	0.519	0.451	0.025	0.122	0.154	0.26
211	0.37	0.093	0.587	0.933	0.91	0.018	0.134	0.089	0.427
212	0.294	0.088	0.385	0.307	0.355	0.038	0.072	0.055	0.523
213	0.685	0.29	0.946	0.4	0.834	0.077	0.01	0.311	0.506
214	0.927	0.362	0.15	0.335	0.401	0.16	0.001	0.012	0.768
215	0.935	0.211	0.878	0.131	0.81	0.072	0.009	0.05	0.477
216	0.121	0.323	0.269	0.555	0.774	0.181	0.019	0.228	0.663
217	0.304	0.361	0.78	0.836	0.365	0.132	0.022	0.008	0.299
218	0.457	0.462	0.475	0.273	0.477	0.039	0.026	0.063	0.432
219	0.915	0.492	0.266	0.221	0.934	0.062	0.002	0.015	0.396
220	0.337	0.225	0.153	0.112	0.64	0.08	0.131	0.027	0.53
221	0.573	0.102	0.705	0.233	0.439	0.054	0.022	0.033	0.368
222	0.683	0.351	0.23	0.089	0.922	0.073	0.003	0.01	0.747
223	0.323	0.886	0.32	0.306	0.662	0.201	0.08	0.084	0.365
224	0.432	0.642	0.304	0.272	0.582	0.033	0.003	0.015	0.536
225	0.419	0.608	0.273	0.542	0.631	0.17	0.01	0.251	0.353
226	0.108	0.617	0.469	0.339	0.177	0.322	0.019	0.074	0.535
227	0.455	0.753	0.499	0.553	0.939	0.252	0.002	0.019	0.503
228	0.07	0.877	0.279	0.12	0.558	0.019	0.021	0.186	0.834
229	0.797	0.6	0.664	0.405	0.793	0.055	0.242	0.575	0.553
230	0.235	0.287	0.467	0.316	0.397	0.186	0.018	0.32	0.906
231	0.685	0.298	0.466	0.518	0.793	0.057	0.004	0.054	0.267
232	0.988	0.172	0.189	0.122	0.777	0.117	0.001	0.009	0.96
233	0.376	0.24	0.091	0.577	0.6	0.007	0.005	0.168	0.58
234	0.433	0.337	0.715	0.584	0.632	0.017	0.023	0.064	0.595
235	0.274	0.263	0.673	0.748	0.545	0.108	0.123	0.109	0.684
236	0.312	0.148	0.404	0.546	0.952	0.028	0.037	0.004	0.278
237	0.345	0.401	0.264	0.159	0.709	0.051	0.026	0.542	0.385
238	0.075	0.285	0.13	0.991	0.871	0.025	0.004	0.128	0.59
239	0.935	0.511	0.942	0.793	0.814	0.018	0.003	0.014	0.314
240	0.461	0.236	0.503	0.187	0.48	0.019	0.013	0.044	0.575
241	0.451	0.365	0.299	0.881	0.993	0.465	0.025	0.008	0.77
242	0.719	0.834	0.541	0.291	0.487	0.055	0.083	0.029	0.905
243	0.623	0.888	0.236	0.222	0.5	0.004	0.018	0.006	0.766
244	0.349	0.512	0.317	0.502	0.484	0.135	0.001	0.161	0.504
245	0.381	0.172	0.728	0.562	0.149	0.07	0.093	0.002	0.447
246	0.853	0.633	0.178	0.323	0.537	0.329	0.001	0.033	0.877
247	0.664	0.39	0.441	0.365	0.487	0.041	0.002	0.024	0.42
248	0.673	0.751	0.622	0.268	0.483	0.009	0.001	0.002	0.395
249	0.291	0.581	0.133	0.57	0.987	0.075	0.004	0.057	0.611
250	0.948	0.283	0.492	0.22	0.197	0.059	0.001	0.158	0.725
251	0.573	0.74	0.458	0.212	0.82	0.259	0.005	0.049	0.741
252	0.485	0.492	0.527	0.689	0.554	0.079	0.018	0.514	0.305
253	0.419	0.225	0.329	0.403	0.703	0.027	0.004	0.2	0.497
254	0.323	0.653	0.38	0.172	0.327	0.065	0.209	0.013	0.73
255	0.929	0.704	0.371	0.205	0.962	0.007	0.033	0.315	0.235
256	0.629	0.824	0.369	0.27	0.45	0.077	0.005	0.001	0.427
257	0.712	0.387	0.527	0.93	0.169	0.114	0.02	0.087	0.275
258	0.736	0.779	0.495	0.192	0.291	0.026	0.001	0.002	0.485
259	0.798	0.291	0.589	0.765	0.72	0.027	0.017	0.028	0.548
260	0.503	0.833	0.142	0.179	0.212	0.172	0.003	0.216	0.637
261	0.863	0.566	0.971	0.227	0.363	0.047	0.007	0.043	0.444
262	0.783	0.356	0.606	0.401	0.894	0.017	0.017	0.066	0.676
263	0.656	0.88	0.28	0.242	0.529	0.123	0.068	0.123	0.718
264	0.599	0.16	0.194	0.261	0.639	0.009	0.074	0.027	0.701
265	0.62	0.389	0.374	0.215	0.85	0.195	0.001	0.079	0.626
266	0.916	0.205	0.263	0.457	0.62	0.061	0.012	0.003	0.586
267	0.831	0.375	0.454	0.458	0.276	0.008	0.093	0.072	0.818
268	0.325	0.219	0.414	0.551	0.865	0.071	0.004	0.265	0.876
269	0.833	0.656	0.994	0.201	0.722	0.017	0.384	0.318	0.507
270	0.939	0.315	0.318	0.803	0.77	0.057	0.002	0.259	0.933
271	0.358	0.224	0.214	0.608	0.479	0.039	0.009	0.156	0.297
272	0.978	0.232	0.204	0.621	0.466	0.062	0.001	0.485	0.499
273	0.427	0.427	0.279	0.358	0.557	0.101	0.001	0.147	0.926
274	0.174	0.308	0.64	0.367	0.91	0.009	0.023	0.003	0.719
275	0.781	0.23	0.702	0.39	0.912	0.008	0.024	0.155	0.794
276	0.435	0.267	0.372	0.523	0.356	0.264	0.028	0.651	0.892
277	0.441	0.102	0.075	0.235	0.601	0.021	0.03	0.062	0.52
278	0.689	0.252	0.212	0.658	0.92	0.033	0.029	0.038	0.741
279	0.461	0.102	0.231	0.536	0.473	0.068	0.023	0.058	0.525
280	0.385	0.168	0.602	0.111	0.914	0.004	0.093	0.043	0.541
281	0.995	0.382	0.131	0.222	0.19	0.057	0.073	0.102	0.729
282	0.175	0.601	0.341	0.208	0.774	0.016	0.005	0.099	0.508
283	0.677	0.26	0.679	0.183	0.377	0.018	0.264	0.049	0.905
284	0.921	0.332	0.713	0.418	0.239	0.021	0.028	0.218	0.518
285	0.245	0.382	0.409	0.469	0.883	0.05	0.001	0.105	0.671
286	0.826	0.424	0.507	0.509	0.894	0.047	0.173	0.093	0.73
287	0.392	0.289	0.165	0.794	0.721	0.113	0.007	0.206	0.736
288	0.298	0.496	0.112	0.174	0.655	0.005	0.012	0.098	0.631
289	0.719	0.777	0.76	0.519	0.494	0.125	0.001	0.02	0.429
290	0.579	0.244	0.34	0.794	0.927	0.004	0.001	0.053	0.361
291	0.594	0.499	0.569	0.249	0.821	0.021	0.008	0.032	0.618
292	0.674	0.223	0.348	0.763	0.989	0.037	0.005	0.201	0.982
293	0.263	0.095	0.18	0.698	0.496	0.965	0.033	0.235	0.592
294	0.352	0.223	0.415	0.465	0.462	0.117	0.037	0.437	0.435
295	0.276	0.267	0.354	0.338	0.303	0.027	0.151	0.065	0.439
296	0.533	0.604	0.516	0.115	0.334	0.018	0.001	0.157	0.679
297	0.566	0.528	0.156	0.289	0.791	0.242	0.012	0.015	0.531
298	0.74	0.18	0.32	0.571	0.768	0.082	0.111	0.171	0.297
299	0.666	0.593	0.4	0.665	0.346	0.057	0.002	0.021	0.747
300	0.124	0.195	0.101	0.186	0.68	0.065	0.001	0.29	0.506
301	0.593	0.888	0.292	0.271	0.465	0.1	0.013	0.087	0.587
302	0.571	0.545	0.38	0.262	0.605	0.056	0.084	0.015	0.578
303	0.876	0.922	0.362	0.291	0.933	0.181	0.058	0.166	0.364
304	0.903	0.323	0.458	0.637	0.981	0.005	0.011	0.406	0.918
305	0.224	0.524	0.943	0.993	0.905	0.079	0.002	0.148	0.428
306	0.197	0.278	0.357	0.77	0.654	0.15	0.009	0.034	0.664
307	0.094	0.429	0.152	0.412	0.186	0.008	0.005	0.248	0.892
308	0.898	0.321	0.408	0.3	0.472	0.142	0.006	0.012	0.595
309	0.838	0.927	0.142	0.188	0.963	0.027	0.012	0.049	0.438
310	0.52	0.526	0.351	0.601	0.945	0.077	0.013	0.056	0.389
311	0.55	0.207	0.648	0.283	0.542	0.03	0.036	0.112	0.44
312	0.417	0.43	0.488	0.478	0.898	0.114	0.003	0.066	0.945
313	0.698	0.438	0.208	0.516	0.367	0.043	0.287	0.036	0.407
314	0.965	0.742	0.467	0.508	0.684	0.013	0.006	0.102	0.478
315	0.855	0.46	0.179	0.494	0.614	0.004	0.001	0.005	0.356
316	0.759	0.206	0.424	0.298	0.559	0.005	0.012	0.106	0.743
317	0.599	0.394	0.906	0.404	0.674	0.037	0.001	0.109	0.494
318	0.21	0.321	0.594	0.146	0.754	0.015	0.001	0.011	0.433
319	0.469	0.225	0.269	0.704	0.886	0.063	0.009	0.236	0.525
320	0.989	0.102	0.28	0.678	0.391	0.018	0.001	0.07	0.583
321	0.256	0.219	0.896	0.251	0.923	0.08	0.056	0.06	0.755
322	0.267	0.065	0.269	0.24	0.515	0.252	0.015	0.006	0.627
323	0.45	0.428	0.135	0.62	0.646	0.077	0.022	0.251	0.472
324	0.489	0.179	0.266	0.88	0.713	0.149	0.038	0.028	0.458
325	0.308	0.652	0.283	0.279	0.988	0.037	0.002	0.006	0.941
326	0.347	0.195	0.462	0.291	0.165	0.05	0.054	0.025	0.685
327	0.824	0.211	0.354	0.696	0.234	0.051	0.033	0.027	0.454
328	0.716	0.407	0.388	0.429	0.542	0.654	0.002	0.033	0.388
329	0.905	0.127	0.336	0.183	0.716	0.023	0.031	0.023	0.465
330	0.991	0.122	0.571	0.296	0.355	0.103	0.002	0.111	0.673
331	0.53	0.225	0.409	0.383	0.643	0.025	0.005	0.005	0.624
332	0.572	0.93	0.378	0.504	0.512	0.021	0.003	0.039	0.454
333	0.984	0.465	0.101	0.248	0.945	0.016	0.058	0.01	0.281
334	0.525	0.721	0.069	0.269	0.657	0.059	0.009	0.023	0.984
335	0.558	0.217	0.373	0.346	0.592	0.068	0.023	0.12	0.637
336	0.213	0.258	0.942	0.337	0.228	0.204	0.052	0.32	0.791
337	0.729	0.282	0.395	0.36	0.746	0.015	0.001	0.007	0.558
338	0.213	0.199	0.397	0.259	0.808	0.033	0.009	0.067	0.376
339	0.75	0.347	0.637	0.347	0.73	0.054	0.021	0.005	0.505
340	0.568	0.281	0.486	0.614	0.71	0.066	0.002	0.351	0.73
341	0.315	0.104	0.451	0.302	0.744	0.349	0.005	0.024	0.45
342	0.567	0.677	0.945	0.244	0.446	0.006	0.001	0.18	0.649
343	0.34	0.236	0.871	0.299	0.609	0.02	0.01	0.008	0.447
344	0.694	0.519	0.113	0.318	0.684	0.478	0.001	0.029	0.638
345	0.999	0.133	0.142	0.555	0.99	0.016	0.029	0.076	0.578
346	0.772	0.4	0.197	0.779	0.229	0.18	0.003	0.174	0.781
347	0.792	0.998	0.313	0.376	0.25	0.026	0.009	0.038	0.659
348	0.168	0.422	0.381	0.409	0.711	0.076	0.22	0.01	0.291
349	0.846	0.283	0.919	0.316	0.744	0.008	0.079	0.142	0.443
350	0.667	0.644	0.286	0.385	0.567	0.08	0.007	0.005	0.465
351	0.428	0.295	0.345	0.141	0.558	0.102	0.001	0.059	0.501
352	0.454	0.375	0.269	0.531	0.436	0.026	0.004	0.017	0.371
353	0.412	0.15	0.375	0.124	0.613	0.029	0.008	0.028	0.537
354	0.702	0.03	0.245	0.37	0.956	0.104	0.004	0.313	0.445
355	0.53	0.905	0.212	0.654	0.339	0.057	0.011	0.042	0.357
356	0.684	0.149	0.273	0.308	0.994	0.011	0.001	0.006	0.499
357	0.765	0.139	0.303	0.495	0.538	0.279	0.014	0.076	0.423
358	0.366	0.3	0.465	0.474	0.476	0.061	0.006	0.069	0.725
359	0.511	0.755	0.309	0.058	0.613	0.061	0.009	0.265	0.365
360	0.767	0.333	0.288	0.827	0.622	0.256	0.002	0.009	0.738
361	0.432	0.485	0.319	0.41	0.859	0.037	0.001	0.006	0.64
362	0.574	0.623	0.395	0.342	0.594	0.036	0.001	0.275	0.486
363	0.373	0.803	0.246	0.389	0.981	0.018	0.028	0.199	0.685
364	0.969	0.29	0.427	0.427	0.564	0.147	0.037	0.017	0.484
365	0.891	0.466	0.777	0.629	0.534	0.126	0.002	0.006	0.537
366	0.433	0.263	0.2	0.237	0.455	0.035	0.004	0.164	0.46
367	0.998	0.264	0.16	0.279	0.923	0.003	0.075	0.009	0.967
368	0.391	0.369	0.318	0.446	0.608	0.034	0.01	0.28	0.884
369	0.336	0.614	0.308	0.422	0.687	0.208	0.002	0.041	0.801
370	0.351	0.788	0.62	0.967	0.586	0.061	0.039	0.044	0.69
371	0.762	0.633	0.277	0.987	0.546	0.183	0.028	0.085	0.684
372	0.288	0.287	0.583	0.362	0.496	0.037	0.009	0.092	0.445
373	0.701	0.159	0.087	0.821	0.432	0.085	0.035	0.092	0.385
374	0.328	0.65	0.416	0.759	0.27	0.107	0.007	0.257	0.731
375	0.483	0.265	0.506	0.375	0.38	0.023	0.076	0.319	0.295
376	0.698	0.266	0.674	0.275	0.325	0.074	0.449	0.007	0.483
377	0.413	0.909	0.222	0.302	0.529	0.057	0.003	0.004	0.636
378	0.934	0.084	0.653	0.193	0.271	0.266	0.021	0.022	0.796
379	0.463	0.703	0.406	0.313	0.331	0.175	0.075	0.004	0.672
380	0.404	0.261	0.132	0.343	0.184	0.139	0.035	0.226	0.457
381	0.497	0.735	0.718	0.242	0.868	0.007	0.075	0.063	0.525
382	0.282	0.449	0.304	0.134	0.929	0.11	0.016	0.135	0.547
383	0.117	0.325	0.43	0.281	0.389	0.265	0.003	0.411	0.782
384	0.275	0.319	0.974	0.233	0.556	0.116	0.035	0.48	0.565
385	0.719	0.151	0.132	0.6	0.675	0.012	0.103	0.035	0.365
386	0.542	0.818	0.485	0.648	0.528	0.273	0.003	0.618	0.499
387	0.776	0.141	0.23	0.845	0.569	0.12	0.005	0.057	0.702
388	0.547	0.126	0.384	0.595	0.584	0.102	0.007	0.044	0.348
389	0.766	0.851	0.656	0.6	0.235	0.385	0.008	0.154	0.8
390	0.952	0.526	0.737	0.38	0.337	0.068	0.028	0.079	0.501
391	0.718	0.797	0.182	0.405	0.884	0.068	0.001	0.038	0.314
392	0.41	0.222	0.848	0.229	0.214	0.086	0.101	0.002	0.866
393	0.163	0.501	0.356	0.557	0.485	0.022	0.001	0.025	0.695
394	0.614	0.203	0.266	0.224	0.1	0.035	0.035	0.243	0.337
395	0.649	0.263	0.829	0.34	0.381	0.052	0.002	0.181	0.37
396	0.91	0.357	0.094	0.681	0.229	0.145	0.004	0.088	0.444
397	0.701	0.605	0.36	0.351	0.724	0.044	0.057	0.111	0.796
398	0.604	0.264	0.623	0.639	0.654	0.096	0.101	0.015	0.544
399	0.544	0.919	0.848	0.278	0.813	0.207	0.002	0.019	0.351
400	0.107	0.265	0.622	0.255	0.307	0.345	0.012	0.101	0.489
401	0.602	0.409	0.155	0.38	0.761	0.1	0.021	0.082	0.361
402	0.553	0.31	0.864	0.212	0.489	0.282	0.038	0.084	0.955
403	0.471	0.438	0.108	0.435	0.525	0.064	0.001	0.03	0.766
404	0.792	0.291	0.185	0.203	0.959	0.001	0.003	0.124	0.799
405	0.21	0.207	0.488	0.619	0.268	0.101	0.036	0.01	0.555
406	0.63	0.528	0.593	0.286	0.772	0.015	0.004	0.059	0.721
407	0.806	0.973	0.49	0.217	0.265	0.109	0.049	0.048	0.442
408	0.895	0.704	0.515	0.319	0.912	0.317	0.003	0.034	0.612
409	0.149	0.876	0.55	0.626	0.439	0.095	0.001	0.337	0.801
410	0.364	0.261	0.031	0.179	0.384	0.046	0.001	0.095	0.366
411	0.616	0.16	0.877	0.817	0.793	0.007	0.001	0.099	0.47
412	0.605	0.435	0.324	0.936	0.93	0.009	0.005	0.042	0.738
413	0.838	0.235	0.023	0.33	0.286	0.261	0.001	0.022	0.522
414	0.589	0.227	0.257	0.334	0.566	0.134	0.044	0.033	0.584
415	0.243	0.722	0.542	0.325	0.617	0.058	0.03	0.013	0.53
416	0.13	0.3	0.621	0.823	0.89	0.106	0.057	0.041	0.459
417	0.843	0.624	0.476	0.276	0.914	0.106	0.042	0.01	0.915
418	0.264	0.364	0.99	0.337	0.11	0.036	0.228	0.084	0.481
419	0.25	0.085	0.203	0.233	0.691	0.008	0.27	0.12	0.783
420	0.816	0.604	0.415	0.453	0.173	0.073	0.021	0.067	0.484
421	0.735	0.66	0.68	0.268	0.681	0.026	0.001	0.318	0.593
422	0.925	0.211	0.097	0.119	0.932	0.002	0.003	0.046	0.596
423	0.274	0.087	0.343	0.534	0.135	0.022	0.011	0.215	0.057
424	0.722	0.257	0.284	0.864	0.886	0.091	0.001	0.041	0.626
425	0.53	0.961	0.386	0.317	0.767	0.054	0.002	0.076	0.84
426	0.892	0.484	0.093	0.087	0.907	0.003	0.008	0.085	0.195
427	0.295	0.37	0.104	0.162	0.413	0.04	0.007	0.17	0.528
428	0.448	0.171	0.177	0.981	0.151	0.09	0.034	0.007	0.658
429	0.477	0.409	0.825	0.543	0.25	0.021	0.001	0.01	0.816
430	0.939	0.34	0.531	0.397	0.668	0.082	0.03	0.13	0.479
431	0.436	0.435	0.553	0.465	0.145	0.052	0.005	0.057	0.466
432	0.893	0.117	0.191	0.208	0.248	0.16	0.034	0.016	0.932
433	0.23	0.058	0.427	0.282	0.914	0.143	0.111	0.059	0.448
434	0.665	0.416	0.385	0.244	0.443	0.212	0.088	0.012	0.786
435	0.724	0.685	0.373	0.38	0.555	0.04	0.005	0.002	0.496
436	0.628	0.833	0.171	0.248	0.52	0.061	0.001	0.017	0.675
437	0.898	0.291	0.292	0.17	0.637	0.157	0.004	0.03	0.588
438	0.211	0.052	0.605	0.305	0.445	0.096	0.039	0.018	0.412
439	0.452	0.166	0.955	0.241	0.491	0.056	0.024	0.02	0.772
440	0.251	0.257	0.758	0.359	0.6	0.074	0.008	0.015	0.473
441	0.591	0.17	0.381	0.953	0.354	0.192	0.006	0.185	0.34
442	0.266	0.283	0.259	0.529	0.462	0.056	0.032	0.072	0.579
443	0.569	0.14	0.481	0.345	0.366	0.081	0.011	0.197	0.528
444	0.586	0.415	0.464	0.225	0.475	0.103	0.001	0.101	0.5
445	0.527	0.331	0.38	0.589	0.365	0.044	0.091	0.779	0.316
446	0.342	0.321	0.622	0.418	0.593	0.045	0.039	0.05	0.456
447	0.772	0.951	0.551	0.106	0.317	0.004	0.025	0.035	0.533
448	0.742	0.258	0.165	0.216	0.46	0.014	0.012	0.027	0.364
449	0.962	0.169	0.44	0.492	0.592	0.152	0.006	0.002	0.737
450	0.084	0.341	0.114	0.282	0.497	0.249	0.002	0.045	0.5
451	0.251	0.336	0.572	0.741	0.459	0.063	0.005	0.439	0.363
452	0.284	0.397	0.291	0.832	0.627	0.015	0.002	0.08	0.604
453	0.643	0.346	0.294	0.563	0.605	0.169	0.003	0.159	0.401
454	0.799	0.106	0.531	0.175	0.381	0.039	0.007	0.088	0.455
455	0.249	0.452	0.338	0.257	0.865	0.138	0.023	0.279	0.499
456	0.79	0.323	0.549	0.18	0.123	0.022	0.001	0.498	0.627
457	0.722	0.945	0.906	0.247	0.986	0.059	0.002	0.831	0.537
458	0.961	0.099	0.29	0.388	0.948	0.793	0.019	0.005	0.283
459	0.284	0.195	0.36	0.355	0.326	0.019	0.005	0.003	0.786
460	0.789	0.281	0.309	0.629	0.685	0.014	0.158	0.09	0.747
461	0.729	0.583	0.538	0.601	0.611	0.128	0.025	0.361	0.502
462	0.874	0.22	0.94	0.28	0.596	0.042	0.003	0.173	0.52
463	0.847	0.214	0.855	0.172	0.35	0.005	0.047	0.036	0.507
464	0.622	0.263	0.688	0.19	0.95	0.088	0.004	0.031	0.785
465	0.359	0.307	0.656	0.602	0.58	0.053	0.224	0.006	0.523
466	0.136	0.387	0.095	0.818	0.746	0.22	0.08	0.149	0.499
467	0.251	0.087	0.385	0.818	0.475	0.117	0.009	0.008	0.333
468	0.665	0.277	0.32	0.594	0.697	0.1	0.004	0.162	0.463
469	0.086	0.346	0.215	0.404	0.216	0.032	0.001	0.113	0.895
470	0.361	0.155	0.385	0.621	0.472	0.536	0.001	0.097	0.334
471	0.563	0.117	0.152	0.251	0.284	0.01	0.002	0.091	0.513
472	0.825	0.361	0.385	0.6	0.219	0.161	0.026	0.773	0.371
473	0.292	0.493	0.115	0.277	0.97	0.146	0.014	0.034	0.699
474	0.682	0.34	0.273	0.2	0.975	0.147	0.166	0.002	0.739
475	0.678	0.972	0.661	0.579	0.476	0.115	0.018	0.065	0.369
476	0.629	0.67	0.628	0.731	0.54	0.015	0.002	0.016	0.322
477	0.834	0.357	0.708	0.671	0.575	0.004	0.183	0.032	0.414
478	0.974	0.755	0.42	0.964	0.849	0.404	0.008	0.016	0.693
479	0.977	0.376	0.768	0.341	0.402	0.031	0.025	0.3	0.439
480	0.686	0.137	0.45	0.358	0.879	0.163	0.072	0.506	0.395
481	0.821	0.252	0.406	0.216	0.472	0.01	0.021	0.114	0.479
482	0.866	0.467	0.227	0.411	0.82	0.028	0.275	0.016	0.567
483	0.102	0.353	0.506	0.516	0.693	0.008	0.196	0.044	0.347
484	0.33	0.742	0.959	0.197	0.803	0.012	0.002	0.12	0.291
485	0.066	0.087	0.349	0.295	0.803	0.041	0.203	0.061	0.471
486	0.372	0.082	0.492	0.436	0.784	0.013	0.001	0.156	0.31
487	0.749	0.263	0.675	0.899	0.833	0.068	0.001	0.094	0.438
488	0.227	0.133	0.41	0.333	0.528	0.311	0.517	0.005	0.399
489	0.784	0.176	0.258	0.367	0.287	0.01	0.001	0.018	0.802
490	0.814	0.867	0.702	0.549	0.804	0.042	0.006	0.633	0.659
491	0.07	0.688	0.265	0.866	0.247	0.198	0.294	0.16	0.57
492	0.572	0.178	0.434	0.333	0.751	0.149	0.005	0.311	0.49
493	0.836	0.465	0.234	0.631	0.387	0.011	0.002	0.003	0.625
494	0.908	0.676	0.382	0.662	0.479	0.196	0.001	0.037	0.633
495	0.656	0.141	0.178	0.571	0.456	0.057	0.001	0.047	0.666
496	0.2	0.286	0.373	0.596	0.563	0.071	0.001	0.024	0.579
497	0.614	0.104	0.509	0.702	0.051	0.025	0.001	0.009	0.423
498	0.835	0.22	0.076	0.38	0.647	0.002	0.029	0.013	0.696
499	0.404	0.864	0.787	0.672	0.399	0.041	0.022	0.047	0.555
500	0.519	0.882	0.239	0.251	0.724	0.001	0.011	0.237	0.968
