No.	ID	loglik_NUll	loglik_RES	loglik_all	log_ratio	loglik_Max1	loglik_Max2	loglik_Max3
0	0	-1030.5477	-1031.3249	-1034.1148	-0.77720211	-1026.888	-1021.969	-1022.2287
1	1	-1097.1171	-1076.0945	-1079.0418	21.022572	-1093.5012	-1064.261	-1067.2326
2	2	-1053.9836	-1045.6695	-1048.9274	8.3140693	-1050.2968	-1036.5608	-1036.5625
3	3	-1001.1031	-1001.4825	-1004.2292	-0.37935644	-997.41135	-987.23377	-990.72419
4	4	-1098.0676	-1081.0394	-1084.6227	17.028136	-1094.435	-1071.9085	-1071.9103
5	5	-1122.5684	-1120.9551	-1124.2177	1.6133639	-1118.9618	-1111.85	-1111.8499
6	6	-1014.306	-981.65864	-984.94429	32.647373	-1010.5792	-972.70539	-972.70349
7	7	-1384.6453	-1379.6104	-1382.8788	5.0349156	-1381.1615	-1364.8584	-1370.237
8	8	-1144.2082	-1120.6891	-1124.1636	23.519186	-1140.5944	-1111.7477	-1111.7481
9	9	-756.28574	-745.17268	-748.49336	11.113058	-752.26156	-735.61604	-735.71776
10	10	-1197.6918	-1187.5295	-1190.7998	10.16234	-1194.1312	-1177.1414	-1178.611
11	11	-1126.7675	-1105.4338	-1108.6929	21.333647	-1123.1339	-1096.5123	-1096.5119
12	12	-1185.7696	-1173.1939	-1178.4783	12.575766	-1182.2105	-1163.4028	-1163.0212
13	13	-1413.5729	-1397.3594	-1400.382	16.213496	-1410.0784	-1387.5715	-1387.2571
14	14	-1206.1737	-1186.5651	-1190.0619	19.608618	-1202.6073	-1177.6695	-1177.6686
15	15	-1055.506	-1049.0174	-1052.9208	6.4886391	-1051.8048	-1040.1997	-1040.1984
16	16	-941.99258	-922.8982	-926.18018	19.094371	-938.19069	-913.72597	-913.72557
17	17	-846.17194	-825.9384	-829.61543	20.233533	-842.22597	-816.06615	-816.06805
18	18	-965.86676	-957.68134	-960.97332	8.1854188	-962.11911	-948.34662	-948.47509
19	19	-1076.4368	-1058.7442	-1062.1262	17.692675	-1072.7508	-1048.1168	-1048.1087
20	20	-1323.6208	-1313.774	-1317.0465	9.8467889	-1320.1159	-1302.7179	-1304.9954
21	21	-1088.727	-1082.5664	-1085.8269	6.1606542	-1085.0978	-1073.4946	-1073.4946
22	22	-1181.9007	-1161.9852	-1165.2801	19.915491	-1178.3001	-1153.1349	-1153.1364
23	23	-1367.7215	-1367.4945	-1371.9296	0.22702574	-1364.2399	-1359.3521	-1360.0157
24	24	-949.70891	-931.19177	-934.47216	18.517148	-945.93557	-922.04885	-922.04881
25	25	-848.44666	-826.04295	-829.37051	22.403713	-844.51509	-816.75256	-816.7509
26	26	-1146.2076	-1118.2763	-1121.2541	27.931304	-1142.5894	-1105.6138	-1105.6045
27	27	-1056.1134	-1044.8462	-1048.3675	11.267164	-1052.4337	-1035.1349	-1035.133
28	28	-1221.6887	-1195.8744	-1199.1734	25.814294	-1218.1592	-1187.149	-1187.1477
29	29	-1626.3563	-1626.9902	-1629.8147	-0.63385802	-1623.0429	-1614.1519	-1617.7548
30	30	-1686.1149	-1682.5549	-1685.5587	3.5600249	-1682.8208	-1667.6314	-1670.6748
31	31	-1378.7296	-1371.8076	-1375.1016	6.9219339	-1375.2716	-1361.2478	-1362.5667
32	32	-1181.3448	-1182.173	-1184.7425	-0.8282774	-1177.7862	-1171.4198	-1171.8609
33	33	-1433.2485	-1412.9605	-1416.1949	20.28797	-1429.8125	-1404.3064	-1404.3061
34	34	-1007.9464	-999.21396	-1003.4982	8.7324036	-1004.234	-990.38103	-990.38276
35	35	-1023.0196	-984.56404	-987.86151	38.455594	-1019.2856	-975.61086	-975.61129
36	36	-1530.8792	-1525.6969	-1528.9835	5.1822844	-1527.5091	-1516.3017	-1516.6744
37	37	-906.78892	-890.00013	-893.27618	16.78879	-902.98409	-880.78675	-880.78806
38	38	-825.74686	-811.78253	-815.08837	13.964335	-821.82271	-802.42205	-802.4231
39	39	-821.20471	-785.69432	-788.98534	35.510384	-817.24107	-776.45992	-776.46076
40	40	-1092.3789	-1057.074	-1060.6074	35.304948	-1088.7185	-1047.5015	-1047.5004
41	41	-873.45749	-874.47568	-877.03008	-1.0181969	-869.58988	-861.13209	-864.9175
42	42	-1003.7437	-986.64387	-990.21126	17.099871	-1000.0184	-976.17628	-976.77571
43	43	-1121.2138	-1111.6545	-1114.9681	9.5592962	-1117.6109	-1102.349	-1102.6932
44	44	-978.66279	-981.35196	-982.88555	-2.6891677	-974.94223	-973.93428	-974.58293
45	45	-1459.4289	-1453.3445	-1456.6245	6.0844365	-1455.971	-1444.3141	-1444.5576
46	46	-1188.581	-1188.104	-1191.1864	0.4769635	-1185.0326	-1176.1891	-1179.5385
47	47	-1013.8427	-991.23913	-994.84618	22.603609	-1010.0904	-981.27994	-981.28064
48	48	-764.41784	-736.4983	-739.78768	27.919538	-760.41331	-727.11648	-727.11658
49	49	-1064.6445	-1051.2071	-1055.9262	13.437408	-1060.986	-1037.9921	-1038.0292
50	50	-1491.4479	-1489.9124	-1493.5676	1.5355061	-1488.0279	-1476.6862	-1479.6235
51	51	-1408.8479	-1409.5117	-1412.4999	-0.6637944	-1405.3734	-1400.9889	-1400.9967
52	52	-1088.4465	-1069.5968	-1072.8567	18.849691	-1084.8353	-1060.7032	-1060.7027
53	53	-1816.6317	-1812.8255	-1816.492	3.8061392	-1813.4113	-1802.9584	-1803.1745
54	54	-1728.61	-1713.1082	-1716.303	15.501838	-1721.0223	-1704.6426	-1704.6368
55	55	-1608.9756	-1595.3424	-1598.7965	13.633249	-1605.615	-1585.1663	-1585.1169
56	56	-1053.7668	-1030.6319	-1034.1854	23.134888	-1050.0827	-1020.9754	-1020.9704
57	57	-1172.3689	-1165.735	-1169.0689	6.633962	-1168.76	-1155.5407	-1155.54
58	58	-1500.3083	-1499.8574	-1502.9209	0.45097493	-1496.9248	-1487.3301	-1489.1674
59	59	-1035.6658	-1038.6642	-1039.8673	-2.9984594	-1031.9746	-1027.0008	-1027.8012
60	60	-768.09864	-768.11048	-771.77028	-0.011848791	-764.08579	-754.64025	-757.12347
61	61	-1583.2629	-1586.2749	-1587.4824	-3.0119541	-1579.9169	-1568.1618	-1576.2347
62	62	-1316.3748	-1292.7125	-1295.9855	23.662359	-1312.8945	-1284.0616	-1284.0633
63	63	-1311.3458	-1302.6571	-1305.9367	8.6887118	-1307.8044	-1292.7833	-1293.8182
64	64	-823.42897	-811.74695	-815.23104	11.68202	-819.49533	-800.92528	-801.1952
65	65	-1114.9354	-1114.8093	-1119.1446	0.12608575	-1111.3223	-1108.5108	-1108.5592
66	66	-945.32262	-936.93958	-940.22424	8.3830418	-941.57429	-927.73987	-927.74389
67	67	-792.90421	-764.11968	-768.41936	28.784532	-788.88787	-751.90663	-751.90336
68	68	-1446.9853	-1429.288	-1432.3235	17.697286	-1443.5642	-1419.6617	-1419.3237
69	69	-991.29061	-955.27451	-958.58291	36.016098	-987.55849	-945.38503	-946.34748
70	70	-930.94677	-924.30795	-927.72979	6.638818	-927.15012	-913.94966	-913.95024
71	71	-1995.3921	-1992.0494	-1995.33	3.3427695	-1992.2502	-1982.4387	-1983.6596
72	72	-906.37726	-900.94996	-904.81487	5.427305	-902.54622	-890.42955	-890.43023
73	73	-1284.8392	-1287.4775	-1288.9866	-2.6382967	-1281.3209	-1276.8437	-1279.7247
74	74	-1627.5131	-1626.8208	-1629.8045	0.69224394	-1624.2086	-1615.7506	-1616.0182
75	75	-866.20419	-842.56877	-845.81751	23.635424	-862.31827	-833.30492	-833.30346
76	76	-1366.6506	-1350.9184	-1354.3884	15.732215	-1363.1593	-1341.8584	-1341.8568
77	77	-1687.9695	-1676.4706	-1679.7373	11.498853	-1684.6745	-1667.4873	-1667.7867
78	78	-729.64162	-720.97935	-724.2783	8.6622706	-725.65184	-710.98726	-711.45914
79	79	-998.60668	-997.189	-1000.2211	1.4176752	-994.8762	-985.79805	-987.51249
80	80	-843.54821	-821.50114	-824.57267	22.047068	-839.66326	-809.84433	-812.25447
81	81	-1265.7442	-1252.2166	-1255.7022	13.527596	-1262.2458	-1243.3536	-1243.3561
82	82	-1005.5833	-978.14396	-981.43238	27.439373	-1001.8402	-969.11133	-969.11113
83	83	-991.34234	-974.16406	-977.75708	17.178277	-987.59555	-964.33437	-964.32956
84	84	-1005.3654	-988.13424	-991.43899	17.231195	-1001.6385	-979.11761	-979.11882
85	85	-1237.6582	-1230.1749	-1233.41	7.4832989	-1234.1134	-1220.4083	-1221.241
86	86	-1906.4204	-1906.8646	-1910.1614	-0.44419571	-1903.2601	-1893.0004	-1897.938
87	87	-1421.7868	-1403.8226	-1407.0674	17.964155	-1418.3319	-1394.9705	-1394.946
88	88	-1126.0078	-1122.9271	-1125.8866	3.0807151	-1122.4059	-1111.9088	-1112.7636
89	89	-1579.1673	-1571.3722	-1577.7827	7.7950961	-1575.7885	-1559.2479	-1562.3506
90	90	-1001.3281	-984.25194	-987.51355	17.076147	-997.56923	-975.12275	-975.12242
91	91	-960.13508	-960.41561	-963.35832	-0.28052906	-956.39283	-950.54999	-951.08949
92	92	-1000.4477	-1001.0108	-1003.7391	-0.5631332	-996.72958	-991.09389	-991.09687
93	93	-1736.0657	-1737.5427	-1739.9795	-1.4769243	-1732.7869	-1724.7923	-1727.1489
94	94	-1155.5043	-1157.9951	-1159.9704	-2.4908	-1151.9274	-1142.4606	-1147.6215
95	95	-1342.2624	-1319.8758	-1323.163	22.386677	-1338.7543	-1310.7132	-1311.194
96	96	-1104.4109	-1096.2611	-1099.5224	8.1497244	-1100.7591	-1087.1688	-1087.1693
97	97	-832.86682	-826.11589	-829.7282	6.7509326	-828.9543	-813.34678	-815.46574
98	98	-1113.513	-1094.6886	-1100.0831	18.82432	-1109.8837	-1084.5044	-1084.3643
99	99	-945.29015	-928.79178	-932.06943	16.498369	-941.4828	-919.61298	-919.61336
100	100	-1264.1516	-1235.6546	-1241.3152	28.496976	-1260.5767	-1225.2239	-1225.218
101	101	-1023.4175	-1001.8801	-1005.2041	21.537424	-1019.6978	-992.88708	-992.88817
102	102	-777.23418	-746.94838	-750.22567	30.285796	-773.25336	-737.67354	-737.67344
103	103	-1234.3086	-1215.8094	-1219.3822	18.49926	-1230.7593	-1205.6813	-1205.6773
104	104	-982.312	-984.97672	-986.50991	-2.6647149	-978.57255	-974.0902	-976.53277
105	105	-836.86054	-820.62809	-823.93649	16.232443	-832.9675	-811.36653	-811.37126
106	106	-1342.3484	-1298.8421	-1302.1186	43.506272	-1338.8137	-1290.0315	-1290.0226
107	107	-918.6859	-901.27984	-904.54113	17.406066	-914.83964	-890.34663	-892.01407
108	108	-1305.7507	-1295.4903	-1298.7871	10.260357	-1302.1842	-1286.6729	-1286.6741
109	109	-1060.804	-1043.0972	-1046.3862	17.706811	-1057.1386	-1034.1426	-1034.143
110	110	-1263.6093	-1260.0195	-1266.9535	3.5898323	-1260.0789	-1248.8052	-1251.0989
111	111	-1320.5167	-1314.1882	-1317.7189	6.3285326	-1317.0067	-1304.1151	-1304.7851
112	112	-1201.7261	-1196.3274	-1200.8958	5.3986888	-1198.1772	-1178.1703	-1186.3585
113	113	-1251.0939	-1245.3449	-1248.8174	5.7489585	-1247.5731	-1235.9871	-1235.987
114	114	-2142.9158	-2141.7829	-2145.1031	1.1328924	-2139.8269	-2127.6384	-2133.7056
115	115	-1500.9925	-1496.0051	-1498.862	4.9874105	-1497.6242	-1483.5104	-1486.7043
116	116	-1082.1397	-1073.3815	-1076.9668	8.7581872	-1078.4922	-1063.7223	-1063.9252
117	117	-2139.405	-2137.8874	-2142.2696	1.5176347	-2135.4323	-2129.6232	-2131.5674
118	118	-1394.9312	-1386.0417	-1389.0258	8.8895351	-1391.4559	-1376.0322	-1375.9442
119	119	-1131.8628	-1132.0601	-1135.0472	-0.19729094	-1128.264	-1120.5589	-1122.9582
120	120	-1186.721	-1171.4038	-1175.0715	15.317275	-1183.1435	-1160.626	-1161.1689
121	121	-747.98205	-749.56929	-751.73757	-1.5872408	-743.96603	-737.55175	-739.53526
122	122	-1290.4953	-1268.0921	-1271.3611	22.403168	-1286.9911	-1256.7862	-1259.1297
123	123	-1067.9102	-1052.8243	-1056.1158	15.085925	-1064.2499	-1043.4223	-1043.3925
124	124	-687.21695	-667.50832	-671.40393	19.708629	-683.16778	-656.67975	-656.67932
125	125	-1252.9721	-1241.633	-1245.189	11.339119	-1249.4475	-1228.3903	-1230.765
126	126	-804.81841	-768.49837	-772.27089	36.320044	-800.87532	-758.06428	-758.06443
127	127	-928.86421	-931.23235	-933.05263	-2.3681351	-925.07832	-923.05142	-923.04666
128	128	-838.98861	-830.55855	-833.8751	8.4300644	-835.10173	-821.20558	-821.20582
129	129	-826.09545	-803.59989	-806.87764	22.495562	-822.1613	-792.79062	-794.29304
130	130	-689.16087	-663.25706	-666.51348	25.903803	-685.05208	-653.65457	-653.65412
131	131	-975.32948	-935.23476	-938.49432	40.094721	-971.56264	-926.21434	-926.21424
132	132	-1198.8835	-1186.4591	-1189.7631	12.424433	-1195.3218	-1177.6095	-1177.6103
133	133	-1013.6926	-1004.2399	-1007.5112	9.4527232	-1009.9542	-995.10562	-995.10644
134	134	-1377.7256	-1366.9816	-1371.1089	10.744003	-1374.2577	-1356.7969	-1356.7126
135	135	-956.69258	-935.17207	-938.71126	21.520505	-952.89964	-923.40798	-925.36557
136	136	-1594.7959	-1560.4914	-1564.0279	34.304533	-1591.4613	-1550.6748	-1550.6064
137	137	-1734.901	-1734.0471	-1737.6063	0.85382754	-1731.6316	-1723.9135	-1723.7887
138	138	-1174.1974	-1144.0275	-1147.3137	30.169872	-1170.585	-1133.7321	-1133.7051
139	139	-970.21462	-944.75069	-948.01931	25.463928	-966.452	-934.65127	-935.67976
140	140	-763.903	-739.29761	-743.37498	24.605398	-759.8954	-728.14185	-728.14032
141	141	-673.74463	-636.01604	-639.32854	37.728584	-669.57214	-626.37875	-626.37822
142	142	-1119.6391	-1100.6201	-1104.1354	19.018947	-1116.0142	-1090.486	-1091.2617
143	143	-727.54244	-686.35372	-690.0057	41.18872	-723.48506	-676.00564	-676.00445
144	144	-1258.6748	-1233.4846	-1237.2285	25.190274	-1255.1566	-1224.6237	-1224.2441
145	145	-1319.1235	-1313.5443	-1316.8491	5.5792126	-1315.6334	-1303.5539	-1304.7065
146	146	-1456.1136	-1455.2588	-1457.9525	0.8548467	-1452.662	-1435.6345	-1443.5762
147	147	-845.49951	-815.75145	-819.02388	29.748055	-841.63112	-806.54276	-806.54433
148	148	-1467.744	-1458.2145	-1461.4856	9.5294737	-1464.3033	-1448.4941	-1448.61
149	149	-862.41804	-853.8107	-858.5634	8.607343	-858.54747	-841.64897	-841.64886
150	150	-1337.0738	-1337.6136	-1340.6421	-0.53982302	-1333.5565	-1319.4858	-1328.6327
151	151	-1005.0576	-1006.1229	-1008.4651	-1.0653441	-1001.3113	-993.35598	-993.35014
152	152	-858.15438	-841.76165	-845.64859	16.39273	-854.26826	-831.16422	-831.16247
153	153	-1066.1336	-1057.2865	-1060.7142	8.8471385	-1062.4656	-1046.7802	-1046.7314
154	154	-1219.7455	-1221.0042	-1223.56	-1.2587221	-1216.2107	-1201.9592	-1210.1228
155	155	-1406.5984	-1396.7238	-1399.7665	9.8746195	-1403.157	-1386.7309	-1386.688
156	156	-1096.1146	-1083.7889	-1086.9199	12.325723	-1092.4764	-1072.3555	-1074.7878
157	157	-914.1545	-888.3096	-892.09945	25.8449	-910.311	-877.53036	-877.52898
158	158	-1330.3588	-1310.4054	-1313.7078	19.953332	-1326.8475	-1300.7078	-1300.8699
159	159	-1420.8808	-1415.8197	-1418.808	5.061082	-1417.3902	-1404.8267	-1404.8383
160	160	-1425.7116	-1421.158	-1424.1562	4.5535994	-1422.2637	-1408.8004	-1409.8214
161	161	-1301.772	-1296.8675	-1300.3226	4.9044822	-1298.2602	-1287.5142	-1287.5006
162	162	-949.93886	-912.30769	-915.59897	37.631169	-946.15557	-903.26431	-903.26553
163	163	-1447.1373	-1444.3729	-1447.6233	2.7643748	-1443.7105	-1434.212	-1435.5406
164	164	-1148.4979	-1132.398	-1135.868	16.099877	-1144.8719	-1122.8068	-1122.8063
165	165	-1540.4262	-1532.5991	-1539.8644	7.8271008	-1537.02	-1523.2318	-1524.4701
166	166	-1472.25	-1464.4336	-1467.7128	7.8163859	-1468.8248	-1455.1873	-1455.1885
167	167	-1040.5685	-1029.6945	-1032.9885	10.873981	-1036.8775	-1020.6253	-1020.6252
168	168	-1960.3247	-1949.8008	-1952.8704	10.523862	-1949.607	-1939.711	-1939.7105
169	169	-724.99404	-688.97402	-692.24256	36.020019	-720.98679	-679.58399	-679.58336
170	170	-1824.0174	-1820.8399	-1824.1376	3.1775279	-1820.7974	-1809.2548	-1812.3373
171	171	-1746.2374	-1749.1812	-1750.4353	-2.943747	-1742.9628	-1736.9631	-1740.0632
172	172	-1564.8627	-1553.2192	-1556.4904	11.643555	-1561.5021	-1542.1443	-1544.6253
173	173	-995.84366	-988.10568	-991.50403	7.737987	-992.13036	-977.29162	-977.95517
174	174	-850.22454	-825.03962	-828.35005	25.184922	-846.28001	-815.77705	-815.77796
175	175	-1319.1506	-1316.3294	-1319.6238	2.8211827	-1315.6619	-1307.4678	-1307.4684
176	176	-958.30974	-931.88343	-935.15263	26.426311	-954.51316	-922.77821	-922.77953
177	177	-1472.314	-1458.7075	-1461.9921	13.606544	-1468.8841	-1450.055	-1450.0554
178	178	-1000.1836	-988.23724	-991.6991	11.946347	-996.45608	-977.11651	-977.10914
179	179	-1540.5805	-1537.0836	-1543.5533	3.4969804	-1537.2238	-1527.7424	-1527.644
180	180	-803.06184	-763.80708	-767.07356	39.254763	-799.0971	-754.56467	-754.56125
181	181	-1605.727	-1600.9142	-1604.4059	4.8127729	-1602.3751	-1591.2635	-1591.8361
182	182	-1123.2581	-1120.8836	-1124.2677	2.3744931	-1119.617	-1106.8705	-1110.2817
183	183	-1172.9908	-1166.3998	-1169.3641	6.5909779	-1169.4333	-1156.0767	-1156.3708
184	184	-1346.0497	-1323.7358	-1326.9764	22.313871	-1342.5692	-1315.0337	-1315.0362
185	185	-1125.6262	-1111.5124	-1114.7812	14.113818	-1122.023	-1100.3701	-1102.559
186	186	-1235.7177	-1222.1854	-1225.6023	13.532283	-1232.2041	-1213.1809	-1213.1711
187	187	-731.3216	-720.42464	-723.675	10.896956	-727.35092	-709.59413	-710.90074
188	188	-1390.2104	-1388.6753	-1391.7035	1.5350731	-1386.7445	-1373.9339	-1379.0547
189	189	-1365.6691	-1356.5505	-1359.816	9.1185664	-1362.24	-1347.7708	-1347.7709
190	190	-1275.6505	-1273.2779	-1277.1606	2.3725905	-1272.1692	-1262.3702	-1262.3607
191	191	-858.27634	-833.4414	-837.08154	24.834942	-854.38697	-823.19569	-823.18598
192	192	-976.13163	-973.94369	-977.48009	2.1879385	-972.37301	-964.34438	-964.33834
193	193	-1597.3316	-1599.6772	-1601.5354	-2.3456636	-1594.0057	-1587.7873	-1591.3917
194	194	-1293.1649	-1290.166	-1293.1583	2.9989506	-1289.6608	-1277.5724	-1280.4712
195	195	-1198.9746	-1196.7515	-1202.0976	2.2230599	-1195.3805	-1187.3065	-1188.0783
196	196	-1161.0754	-1149.8027	-1152.5836	11.272642	-1157.4961	-1136.1104	-1140.3739
197	197	-1260.1021	-1258.9519	-1263.2868	1.1502791	-1256.5902	-1246.8109	-1248.9167
198	198	-996.42761	-993.3019	-996.57504	3.1257168	-992.74543	-984.11659	-984.12471
199	199	-1235.8339	-1235.5906	-1238.6669	0.24337409	-1232.3106	-1225.7668	-1225.759
200	200	-1153.2839	-1120.1977	-1123.4673	33.086237	-1149.6669	-1111.3831	-1111.3834
201	201	-1121.5244	-1113.1408	-1116.9195	8.3836289	-1117.9157	-1101.6288	-1101.5252
202	202	-989.41086	-979.73198	-983.09782	9.6788799	-985.69747	-969.58627	-969.58252
203	203	-1048.7913	-1035.5247	-1038.7989	13.266574	-1045.0877	-1026.4434	-1026.4482
204	204	-1316.1987	-1294.7708	-1298.0535	21.427885	-1312.6493	-1285.7336	-1285.7414
205	205	-1272.337	-1248.0239	-1251.3321	24.313163	-1268.8234	-1239.3078	-1239.3088
206	206	-1040.2147	-1038.053	-1041.0842	2.1617639	-1036.548	-1027.1972	-1028.8291
207	207	-1459.0358	-1451.5173	-1454.7822	7.5185131	-1455.619	-1442.7623	-1442.7624
208	208	-1221.6451	-1205.4065	-1208.4143	16.238608	-1218.0904	-1195.0581	-1195.0066
209	209	-1071.5892	-1046.161	-1049.6802	25.428131	-1067.897	-1036.5586	-1036.549
210	210	-1051.6483	-1041.1885	-1044.4668	10.459751	-1047.9778	-1032.1149	-1032.1134
211	211	-1125.9085	-1099.9819	-1103.2365	25.926574	-1122.3015	-1091.1309	-1091.1308
212	212	-1530.8458	-1533.7723	-1535.0624	-2.9264464	-1527.48	-1517.7946	-1524.435
213	213	-1072.0297	-1048.2853	-1051.9225	23.744389	-1068.364	-1037.8452	-1037.846
214	214	-1942.4307	-1943.996	-1946.3656	-1.5653525	-1939.2276	-1928.4345	-1934.6936
215	215	-1025.2028	-1011.7367	-1015.1874	13.466074	-1021.5214	-1001.6697	-1001.6642
216	216	-1352.4619	-1351.7328	-1354.8133	0.72901657	-1348.9753	-1334.8362	-1342.943
217	217	-951.42007	-942.94486	-946.25984	8.4752056	-947.66065	-929.04332	-933.72816
218	218	-814.88396	-785.43938	-788.71156	29.444586	-810.91132	-776.13954	-776.13905
219	219	-2201.9813	-2200.4159	-2205.5556	1.5653249	-2193.7744	-2189.1229	-2188.2591
220	220	-979.52929	-978.14208	-981.44858	1.3872097	-975.79105	-968.87382	-968.87394
221	221	-729.73389	-691.84502	-695.1221	37.888872	-725.66702	-682.36989	-682.37093
222	222	-1011.0459	-996.81562	-1000.3622	14.230239	-1007.3423	-987.10414	-987.10436
223	223	-1261.9702	-1250.7971	-1254.3391	11.173097	-1258.396	-1241.4756	-1241.4745
224	224	-1220.223	-1216.2866	-1219.5328	3.9363495	-1216.691	-1205.8578	-1206.6303
225	225	-1010.994	-1001.3526	-1004.6291	9.6414613	-1007.2905	-991.94077	-992.20676
226	226	-893.87491	-879.2732	-882.578	14.601708	-890.03103	-870.0236	-870.02383
227	227	-735.59627	-721.0885	-724.54135	14.507772	-731.51847	-707.54702	-710.19765
228	228	-1219.8846	-1217.6394	-1220.9292	2.2452494	-1216.3355	-1202.1157	-1208.6443
229	229	-1131.2488	-1130.1578	-1132.8918	1.0910065	-1127.6293	-1115.3038	-1118.3987
230	230	-1406.513	-1399.9491	-1402.9397	6.5639099	-1403.036	-1390.0961	-1389.8401
231	231	-611.95844	-569.38855	-573.38885	42.569884	-607.70936	-558.61081	-558.60776
232	232	-1010.1936	-1001.0914	-1004.1032	9.102213	-1006.4812	-988.74649	-988.59063
233	233	-1709.326	-1703.7983	-1706.9059	5.5276058	-1706.1534	-1694.5731	-1694.6605
234	234	-932.60169	-920.83701	-924.14007	11.764682	-928.78068	-911.58423	-911.58487
235	235	-895.31215	-883.14231	-886.43207	12.169848	-891.44342	-872.90273	-873.84285
236	236	-1631.4598	-1630.2128	-1633.9236	1.2470236	-1628.1527	-1618.0696	-1619.8151
237	237	-1010.9053	-1000.6895	-1004.3905	10.2158	-1007.175	-986.43757	-988.83625
238	238	-859.70813	-862.38064	-863.86534	-2.6725102	-855.80894	-855.58401	-855.579
239	239	-1206.9131	-1183.6692	-1186.9297	23.243941	-1203.3727	-1174.8919	-1174.8922
240	240	-1188.497	-1158.6056	-1161.8705	29.891337	-1184.903	-1149.7986	-1149.7997
241	241	-1073.9039	-1074.627	-1077.3166	-0.72304289	-1070.2461	-1063.6671	-1064.943
242	242	-1235.9081	-1226.0023	-1229.235	9.9058144	-1232.3506	-1211.9656	-1215.8248
243	243	-1667.3525	-1649.75	-1653.0325	17.602504	-1664.0173	-1641.2911	-1641.2914
244	244	-1574.7569	-1562.944	-1566.242	11.812834	-1571.3806	-1552.6611	-1554.357
245	245	-1339.8344	-1337.3774	-1340.3857	2.456929	-1336.3527	-1325.6437	-1326.8065
246	246	-922.19258	-906.1149	-909.36566	16.077682	-918.40587	-896.92766	-896.92958
247	247	-678.33394	-668.10454	-671.40464	10.229406	-674.23702	-657.29756	-658.4614
248	248	-1073.4449	-1031.3508	-1034.9153	42.094123	-1069.7808	-1021.8113	-1021.809
249	249	-1294.5801	-1287.3293	-1290.9078	7.2508117	-1291.0639	-1277.8598	-1277.8477
250	250	-1503.3013	-1500.7721	-1504.1862	2.5291274	-1499.9238	-1491.0018	-1491.0004
251	251	-1549.693	-1542.6063	-1545.8673	7.0867035	-1546.3048	-1533.124	-1533.8801
252	252	-1328.5506	-1322.4798	-1325.4591	6.0707576	-1325.0834	-1310.6916	-1312.289
253	253	-1247.7108	-1238.0979	-1241.3811	9.6129375	-1244.1359	-1227.3637	-1228.7409
254	254	-953.29247	-926.72889	-929.99673	26.563583	-949.50845	-917.64017	-917.64072
255	255	-1176.8463	-1173.6998	-1177.4756	3.1464732	-1173.2904	-1162.6949	-1163.7074
256	256	-1558.6133	-1546.8677	-1549.9867	11.745574	-1555.2546	-1536.0095	-1538.0785
257	257	-1120.4338	-1106.3066	-1109.5847	14.127264	-1116.8268	-1097.3464	-1097.3453
258	258	-1313.8014	-1316.7898	-1317.9594	-2.9884029	-1310.2802	-1308.4018	-1306.8189
259	259	-1223.4886	-1173.3056	-1177.5993	50.183048	-1219.8977	-1162.8053	-1162.8054
260	260	-1344.0374	-1340.7836	-1344.2334	3.2537828	-1340.5841	-1329.0054	-1332.2791
261	261	-1273.7521	-1256.5769	-1259.9092	17.175235	-1270.2308	-1246.4994	-1247.383
262	262	-1004.6827	-991.12041	-994.40953	13.562249	-1000.9911	-982.03414	-982.03251
263	263	-1518.8824	-1505.0291	-1508.0093	13.853351	-1515.4788	-1493.8403	-1495.2206
264	264	-1098.2295	-1085.6452	-1089.1464	12.584226	-1094.5764	-1076.0636	-1076.0632
265	265	-846.72413	-821.67826	-824.75121	25.045871	-842.78494	-810.04284	-812.41699
266	266	-1600.2601	-1583.5677	-1586.8205	16.692422	-1596.9354	-1575.0563	-1575.0576
267	267	-1145.2202	-1132.1233	-1135.38	13.096903	-1141.6152	-1123.1989	-1123.1975
268	268	-1245.3656	-1241.8514	-1245.1613	3.5142146	-1241.831	-1227.786	-1232.9033
269	269	-1000.0087	-979.97025	-983.26846	20.038469	-996.25675	-969.70642	-970.90399
270	270	-913.325	-876.77253	-880.07461	36.552473	-909.50384	-867.69764	-867.69813
271	271	-966.72999	-947.03559	-950.94986	19.6944	-962.91751	-936.49121	-936.49247
272	272	-894.67818	-852.86584	-856.46767	41.812343	-890.79469	-843.34863	-843.34506
273	273	-998.22057	-988.58967	-991.87228	9.6308922	-994.50871	-979.43967	-979.43978
274	274	-1215.8461	-1211.5216	-1214.8141	4.3244601	-1212.305	-1200.2391	-1202.5586
275	275	-938.21475	-935.65905	-938.75124	2.555694	-934.41518	-922.76181	-926.3246
276	276	-908.45511	-880.1241	-883.70413	28.331006	-904.64681	-866.51953	-869.37166
277	277	-1386.6548	-1362.7254	-1366.1929	23.929437	-1383.1887	-1353.843	-1353.8387
278	278	-627.24578	-605.63819	-609.09879	21.607581	-623.04702	-596.08472	-596.08574
279	279	-872.90069	-864.34244	-867.89481	8.5582493	-869.01911	-855.5435	-855.54337
280	280	-1150.8185	-1108.2783	-1112.1035	42.540222	-1147.2093	-1098.2166	-1098.2148
281	281	-940.25938	-915.87651	-919.14204	24.38287	-936.42593	-906.73454	-906.73547
282	282	-881.14445	-884.08473	-885.29574	-2.9402825	-877.2468	-874.33576	-874.30464
283	283	-1075.8841	-1073.512	-1076.5217	2.3721157	-1072.2292	-1064.3637	-1064.359
284	284	-1449.2334	-1446.6478	-1450.9199	2.5855619	-1445.7788	-1435.5372	-1438.6196
285	285	-1105.9141	-1095.9537	-1099.2512	9.9604957	-1102.2975	-1086.9334	-1086.9337
286	286	-1406.4736	-1398.1579	-1401.7163	8.3156578	-1403.0184	-1388.2786	-1388.2762
287	287	-1472.1654	-1447.2697	-1451.3825	24.895774	-1468.7317	-1437.2646	-1437.2665
288	288	-1629.5447	-1631.4633	-1633.7304	-1.9185667	-1626.2253	-1621.3436	-1622.7548
289	289	-960.09625	-953.99095	-957.26475	6.1052956	-956.34353	-944.73752	-944.73726
290	290	-1450.8987	-1448.052	-1451.3258	2.8467309	-1447.4774	-1439.2042	-1439.2034
291	291	-1863.42	-1855.5146	-1859.4478	7.9054259	-1860.1929	-1841.2025	-1845.8057
292	292	-1288.5005	-1288.906	-1291.6189	-0.40550728	-1285.0096	-1278.1599	-1278.1166
293	293	-1087.554	-1085.5216	-1088.5352	2.0324839	-1083.9163	-1075.2895	-1075.9748
294	294	-1499.7762	-1492.2004	-1495.4772	7.5757867	-1496.3834	-1480.9032	-1483.1703
295	295	-1534.918	-1517.1292	-1520.5621	17.788802	-1531.5237	-1506.916	-1508.2465
296	296	-869.57433	-860.38408	-864.29312	9.1902439	-865.65336	-849.34985	-849.70138
297	297	-776.40942	-739.94434	-743.22249	36.465086	-772.444	-730.69068	-730.69143
298	298	-741.36365	-715.27341	-718.53427	26.090237	-737.28843	-705.81944	-705.81933
299	299	-1020.7354	-992.25311	-996.50038	28.482273	-1017.0088	-981.41504	-981.41557
300	300	-1116.1657	-1066.7891	-1070.0486	49.376653	-1112.5165	-1058.0124	-1058.0134
301	301	-1915.2517	-1916.9618	-1919.4417	-1.7100569	-1912.1056	-1904.462	-1910.4766
302	302	-1636.2553	-1629.0045	-1632.6448	7.2507752	-1632.9439	-1618.8637	-1618.8642
303	303	-1155.8135	-1133.3455	-1136.6516	22.468043	-1152.2252	-1124.5241	-1124.525
304	304	-820.05413	-822.75286	-824.26278	-2.6987259	-816.17049	-812.05395	-814.76898
305	305	-741.33652	-721.59034	-724.89593	19.746177	-737.29447	-712.11988	-712.12011
306	306	-1715.0738	-1710.9198	-1715.2057	4.1540151	-1711.8086	-1699.6317	-1699.5566
307	307	-1257.0168	-1253.7525	-1256.502	3.2643435	-1253.508	-1242.841	-1243.5957
308	308	-977.64141	-973.56921	-976.99573	4.0722059	-973.86735	-963.17378	-963.17465
309	309	-1062.0236	-1033.9387	-1037.1639	28.08486	-1058.3411	-1023.7199	-1024.9726
310	310	-1036.1249	-1037.353	-1039.7797	-1.2280743	-1032.4594	-1025.3928	-1027.8259
311	311	-1443.526	-1438.9901	-1441.9604	4.5359575	-1440.0936	-1425.3416	-1430.0157
312	312	-730.49999	-675.27561	-678.57307	55.224377	-726.46486	-665.90468	-665.90438
313	313	-1129.7639	-1103.3696	-1106.6726	26.394221	-1126.1373	-1093.4093	-1094.5012
314	314	-988.96011	-967.91651	-971.50944	21.043599	-985.19348	-957.9837	-957.98343
315	315	-1053.8695	-1038.4496	-1041.694	15.419904	-1050.2031	-1029.4099	-1029.41
316	316	-1352.0315	-1352.5047	-1356.0564	-0.47317842	-1348.5141	-1335.9992	-1343.5213
317	317	-1615.098	-1600.0073	-1603.3331	15.090735	-1611.7547	-1591.4906	-1591.4896
318	318	-1393.6891	-1389.3448	-1396.3973	4.3443052	-1390.2513	-1379.4957	-1380.4739
319	319	-985.62567	-981.3864	-985.23018	4.2392665	-981.91318	-970.94826	-971.25862
320	320	-1710.3227	-1707.9899	-1711.8518	2.3328134	-1707.0144	-1695.3638	-1699.8828
321	321	-1523.4409	-1514.2966	-1517.7858	9.144275	-1520.0479	-1503.3096	-1504.0602
322	322	-1324.9707	-1312.0109	-1315.5221	12.959763	-1321.4762	-1301.9128	-1301.8946
323	323	-929.94808	-914.012	-917.6287	15.936081	-926.17982	-903.24968	-904.02066
324	324	-1915.4693	-1914.6339	-1918.9616	0.83540341	-1912.3158	-1899.7732	-1907.7198
325	325	-1108.1445	-1104.3638	-1107.6467	3.7806969	-1104.5225	-1091.9196	-1095.2831
326	326	-849.32412	-835.55596	-838.67655	13.768163	-845.44593	-821.33723	-825.05316
327	327	-1322.7632	-1314.4282	-1317.7113	8.3350741	-1319.2331	-1304.981	-1304.9724
328	328	-1668.7377	-1666.9442	-1669.936	1.7934513	-1665.4234	-1656.6102	-1657.0861
329	329	-1112.8707	-1105.4302	-1108.6864	7.4405395	-1109.257	-1095.3574	-1096.415
330	330	-1558.9635	-1546.9838	-1550.4614	11.979707	-1555.5917	-1537.8938	-1538.0253
331	331	-1101.4697	-1092.8687	-1096.489	8.6010175	-1097.7964	-1082.9883	-1082.9886
332	332	-1623.6249	-1620.8001	-1625.2004	2.8247994	-1620.3132	-1609.6207	-1612.3221
333	333	-1041.6455	-1008.6849	-1013.4434	32.960625	-1037.9541	-997.41627	-997.41716
334	334	-1446.0783	-1446.4468	-1449.3913	-0.3685	-1442.6334	-1435.4746	-1436.3694
335	335	-1931.9785	-1933.0298	-1936.4746	-1.0513352	-1928.7905	-1920.6434	-1924.5265
336	336	-1322.257	-1322.1824	-1325.7046	0.07460116	-1318.7886	-1312.1151	-1312.0891
337	337	-850.44709	-848.49195	-852.30533	1.9551383	-846.57327	-832.79646	-837.75641
338	338	-1329.136	-1324.6014	-1327.8714	4.5346203	-1325.6266	-1315.734	-1315.7331
339	339	-994.05903	-988.42914	-991.57674	5.6298943	-990.33005	-977.25667	-979.20404
340	340	-877.43204	-869.50794	-872.98741	7.9240998	-873.53829	-858.89644	-858.90268
341	341	-1501.3284	-1501.9693	-1504.7982	-0.64090959	-1497.9507	-1490.896	-1492.7228
342	342	-1166.2132	-1157.6802	-1160.9209	8.5329973	-1162.6385	-1147.4066	-1148.7475
343	343	-1046.2817	-1007.9095	-1011.5008	38.372228	-1042.5433	-998.19197	-998.1885
344	344	-1434.051	-1413.2923	-1416.8201	20.758759	-1430.5713	-1403.0456	-1403.265
345	345	-914.17767	-838.0825	-841.35395	76.095174	-896.21406	-829.14038	-829.14052
346	346	-1136.883	-1125.4459	-1128.8325	11.437048	-1133.3006	-1114.1546	-1115.5785
347	347	-1037.2613	-1028.1177	-1031.401	9.1435974	-1033.5436	-1019.0203	-1019.0202
348	348	-1073.393	-1072.7503	-1076.1682	0.64269655	-1069.7184	-1061.8653	-1062.9873
349	349	-1286.9881	-1276.5656	-1279.9068	10.422438	-1283.4929	-1266.6509	-1266.6337
350	350	-1420.0384	-1409.8232	-1413.5458	10.215158	-1416.6147	-1400.1307	-1400.1284
351	351	-1410.1868	-1397.3264	-1400.6275	12.860363	-1406.7247	-1387.8743	-1387.7616
352	352	-912.35883	-900.32697	-903.59166	12.031859	-908.53974	-889.77404	-890.9373
353	353	-731.02299	-707.63053	-710.90456	23.392451	-727.01832	-698.17777	-698.17816
354	354	-1357.7134	-1355.4486	-1361.2232	2.2647656	-1354.2186	-1346.652	-1346.8448
355	355	-518.18802	-512.09914	-515.33458	6.0888835	-513.75962	-500.17102	-501.85905
356	356	-801.90744	-776.16031	-779.41316	25.747128	-797.99707	-766.90635	-766.90749
357	357	-759.93228	-752.0929	-755.35815	7.8393862	-755.93369	-742.15477	-742.58127
358	358	-1374.7745	-1357.6334	-1361.1655	17.141096	-1371.297	-1348.6631	-1348.6624
359	359	-847.49943	-820.5796	-823.93684	26.919829	-843.61281	-811.39345	-811.39348
360	360	-1105.9051	-1093.0398	-1096.6319	12.865311	-1102.2648	-1082.9485	-1083.7483
361	361	-1385.7713	-1361.8183	-1365.0849	23.952982	-1382.3181	-1353.2168	-1353.2153
362	362	-979.99373	-959.49893	-963.16992	20.494802	-976.2201	-950.00364	-950.00343
363	363	-917.70898	-910.54546	-914.08244	7.1635248	-913.89509	-896.59539	-900.08228
364	364	-843.03961	-831.94608	-835.23186	11.093533	-839.13573	-822.55116	-822.55067
365	365	-960.15335	-927.55769	-930.85676	32.595666	-956.36354	-918.51932	-918.52074
366	366	-818.90665	-795.78276	-799.38899	23.123894	-814.95262	-785.16795	-785.16924
367	367	-891.47762	-881.60155	-884.85113	9.8760705	-887.65178	-872.28239	-872.28386
368	368	-1247.0423	-1226.7902	-1230.061	20.252147	-1243.5026	-1218.0365	-1218.0367
369	369	-1330.656	-1326.7489	-1332.2764	3.9070418	-1327.2043	-1316.2106	-1317.8982
370	370	-699.29649	-692.48848	-695.74058	6.8080085	-695.24414	-682.15084	-682.82288
371	371	-1204.7838	-1206.9735	-1208.8226	-2.1897215	-1201.2426	-1197.9822	-1198.2
372	372	-1024.959	-1010.7407	-1013.769	14.218326	-1021.2301	-999.3619	-999.33258
373	373	-1079.9876	-1061.8347	-1065.1437	18.152934	-1076.3262	-1052.8825	-1052.8828
374	374	-999.06478	-984.35167	-987.6252	14.713107	-995.3232	-975.19143	-975.19226
375	375	-1004.4275	-994.19779	-997.74511	10.229678	-1000.706	-983.85526	-985.33805
376	376	-1321.9376	-1307.9771	-1311.0018	13.960418	-1318.4256	-1298.3492	-1298.3244
377	377	-714.88681	-698.17319	-701.47578	16.713621	-710.8875	-688.71281	-688.71252
378	378	-1042.9106	-1019.636	-1023.184	23.274621	-1039.2042	-1009.9325	-1010.4206
379	379	-1131.8027	-1126.0942	-1133.2766	5.7085709	-1128.1964	-1114.3544	-1114.3554
380	380	-1496.3259	-1492.6224	-1495.8945	3.7034369	-1492.9308	-1481.4149	-1483.8618
381	381	-856.85497	-829.74528	-833.00887	27.109685	-852.97587	-820.54133	-820.54364
382	382	-1214.268	-1202.0659	-1205.0369	12.202031	-1210.6793	-1191.6072	-1191.6541
383	383	-895.01246	-896.89837	-898.98353	-1.8859088	-891.1818	-880.45771	-888.34478
384	384	-1276.964	-1261.2264	-1264.83	15.73759	-1273.4613	-1250.6623	-1250.6378
385	385	-1111.3869	-1103.7685	-1107.0499	7.6184107	-1107.7555	-1093.3184	-1093.9771
386	386	-1243.3059	-1221.007	-1225.5246	22.298841	-1239.7694	-1211.2578	-1211.2565
387	387	-855.21407	-836.71576	-840.02325	18.498313	-851.32574	-827.43902	-827.43785
388	388	-1432.1551	-1433.7224	-1436.1235	-1.5672906	-1428.7283	-1422.5405	-1424.0479
389	389	-1256.8972	-1247.9673	-1251.25	8.929902	-1253.3553	-1239.1177	-1239.1161
390	390	-1068.0517	-1056.9581	-1060.5256	11.093615	-1064.3845	-1047.1861	-1047.1876
391	391	-1231.5226	-1231.3973	-1234.443	0.12531278	-1227.986	-1218.604	-1222.4145
392	392	-835.32031	-806.61334	-809.84996	28.706966	-831.34406	-797.26722	-797.26728
393	393	-832.18954	-783.58575	-786.82569	48.603788	-828.22235	-774.37067	-774.37115
394	394	-1225.3522	-1226.1991	-1228.7723	-0.84695013	-1221.8246	-1212.5654	-1216.6311
395	395	-1295.6514	-1276.501	-1279.4763	19.150376	-1292.1106	-1264.479	-1264.4259
396	396	-949.34259	-940.6966	-943.971	8.6459865	-945.51492	-931.43183	-931.43241
397	397	-1150.3591	-1135.4296	-1138.6848	14.929579	-1146.7681	-1122.892	-1126.5386
398	398	-792.37176	-793.30443	-796.03306	-0.93266925	-788.43038	-783.36397	-784.53959
399	399	-1263.6675	-1256.1232	-1259.6756	7.5443027	-1260.1244	-1243.1247	-1247.063
400	400	-1856.4781	-1853.5683	-1858.5516	2.9098138	-1853.2732	-1836.8713	-1842.6213
401	401	-1656.0055	-1655.3266	-1658.5841	0.67889522	-1652.6994	-1645.2391	-1646.637
402	402	-1400.8966	-1383.5864	-1387.1096	17.310193	-1397.4155	-1373.0054	-1373
403	403	-1363.8461	-1361.8736	-1364.8633	1.9725656	-1360.3689	-1351.05	-1351.5804
404	404	-1097.9451	-1057.1994	-1060.5087	40.745778	-1094.2955	-1048.4226	-1048.4217
405	405	-1553.7306	-1554.7979	-1557.5326	-1.0672808	-1550.3818	-1545.2849	-1544.9466
406	406	-1031.8761	-1022.701	-1025.9469	9.1750464	-1028.2	-1013.5682	-1013.5687
407	407	-1160.3287	-1142.7525	-1146.0359	17.576205	-1156.7342	-1133.8357	-1133.8372
408	408	-1383.6822	-1379.2117	-1382.8602	4.4704713	-1380.2336	-1368.0215	-1370.1116
409	409	-1679.2443	-1653.9188	-1657.5984	25.325507	-1675.9441	-1643.2459	-1643.2425
410	410	-1132.5368	-1129.482	-1132.7498	3.0547665	-1128.9451	-1118.5368	-1120.4162
411	411	-1136.1508	-1130.8659	-1133.9297	5.2848794	-1132.576	-1119.3203	-1120.981
412	412	-1632.2887	-1616.4802	-1623.2164	15.808518	-1628.9817	-1608.2603	-1607.4818
413	413	-1477.8602	-1476.5209	-1481.9553	1.339275	-1474.4537	-1462.6823	-1467.6054
414	414	-1406.1924	-1383.6005	-1386.8999	22.591969	-1402.7422	-1375.0112	-1375.0134
415	415	-1283.6967	-1272.5533	-1276.0422	11.143426	-1280.1599	-1262.8227	-1263.6414
416	416	-1355.2117	-1337.4871	-1340.79	17.724573	-1351.6944	-1326.2923	-1328.7952
417	417	-1771.3529	-1771.9813	-1775.226	-0.62843233	-1768.0735	-1761.4994	-1763.7154
418	418	-932.48354	-923.58503	-927.08674	8.8985129	-928.69966	-912.27764	-913.18755
419	419	-1920.0493	-1917.2824	-1919.9229	2.7668573	-1916.9006	-1904.9234	-1909.1825
420	420	-849.4374	-836.3714	-839.52914	13.066002	-845.52552	-825.11377	-827.03845
421	421	-1210.3431	-1203.3019	-1206.8859	7.0412095	-1206.7624	-1192.5061	-1192.3815
422	422	-1141.33	-1110.528	-1113.8088	30.802065	-1137.7092	-1101.7167	-1101.716
423	423	-894.95596	-856.70897	-860.05816	38.246984	-891.11251	-846.72299	-847.64326
424	424	-784.04338	-773.99896	-777.27346	10.044418	-780.07483	-763.62533	-764.56021
425	425	-1322.5938	-1300.3835	-1303.3765	22.210301	-1319.0937	-1290.7736	-1290.6427
426	426	-1178.8269	-1156.6505	-1159.9996	22.176317	-1175.2473	-1146.5767	-1146.38
427	427	-967.52338	-956.62385	-960.16506	10.899536	-963.77634	-945.86266	-946.6861
428	428	-1415.8996	-1410.6866	-1413.9407	5.2130937	-1412.4249	-1401.9904	-1401.9902
429	429	-1263.1455	-1255.7863	-1259.0951	7.3591578	-1259.6291	-1244.8356	-1246.9327
430	430	-1600.4049	-1594.1829	-1597.3808	6.2219981	-1597.081	-1581.9858	-1585.1753
431	431	-1307.9036	-1298.3552	-1302.4948	9.5484889	-1304.4164	-1287.9458	-1287.9459
432	432	-869.00598	-870.73801	-872.96629	-1.7320341	-865.14692	-860.79382	-860.79102
433	433	-1090.4829	-1077.7479	-1081.0472	12.735015	-1086.8323	-1068.7354	-1068.7348
434	434	-1271.6013	-1256.7439	-1259.9936	14.857392	-1268.099	-1247.1018	-1247.4884
435	435	-1317.8804	-1299.5718	-1303.1543	18.308545	-1314.3617	-1289.651	-1289.6508
436	436	-897.50734	-882.67796	-885.98181	14.829384	-893.65258	-873.42848	-873.42985
437	437	-1255.5044	-1253.5398	-1256.8463	1.9646717	-1251.9704	-1242.9142	-1244.5501
438	438	-1721.1656	-1720.7632	-1723.731	0.4023406	-1717.8784	-1708.3656	-1712.1173
439	439	-1434.1023	-1435.6532	-1438.1315	-1.5509037	-1430.654	-1422.424	-1426.089
440	440	-625.17902	-608.60222	-612.62104	16.576793	-620.95399	-596.92628	-597.7964
441	441	-998.50862	-981.26912	-984.78202	17.239495	-994.7871	-971.52141	-971.51878
442	442	-1877.0204	-1857.8345	-1861.1101	19.185919	-1873.8263	-1849.5446	-1849.5447
443	443	-912.41322	-884.23812	-887.49209	28.175102	-908.56205	-875.05309	-875.0559
444	444	-1072.96	-1050.4334	-1053.6831	22.526556	-1069.3155	-1041.5153	-1041.5158
445	445	-965.23544	-959.53859	-962.72965	5.6968458	-961.49514	-948.34777	-950.33144
446	446	-705.23284	-682.85493	-686.76813	22.377909	-701.16804	-672.40954	-672.41138
447	447	-1094.4538	-1077.6386	-1082.4956	16.815252	-1090.7868	-1066.6094	-1066.5822
448	448	-892.46348	-877.37712	-880.63805	15.086355	-888.59653	-867.34395	-868.04192
449	449	-1891.7984	-1869.9627	-1874.0154	21.835684	-1883.0546	-1859.9238	-1859.9229
450	450	-878.41752	-866.04569	-869.28294	12.37183	-874.56833	-856.71845	-856.71826
451	451	-1029.7302	-1016.0553	-1019.3361	13.674988	-1026.0403	-1006.9795	-1006.9798
452	452	-984.19709	-976.73519	-980.07897	7.4618934	-980.49114	-966.66797	-966.66645
453	453	-1023.4725	-1006.0928	-1009.3809	17.379794	-1019.7404	-997.02764	-997.02694
454	454	-934.74636	-895.69523	-898.97606	39.051132	-930.93313	-886.59674	-886.59716
455	455	-1549.3567	-1538.8072	-1542.3012	10.549479	-1545.9861	-1530.002	-1530.3833
456	456	-875.53849	-874.79134	-878.08684	0.74715163	-871.7221	-864.75126	-865.37882
457	457	-1292.4524	-1285.6326	-1289.1134	6.8198071	-1288.9479	-1273.9429	-1276.4056
458	458	-1096.8187	-1084.9997	-1088.3025	11.818976	-1093.1617	-1076.0364	-1076.0362
459	459	-1133.8348	-1083.8627	-1087.1625	49.972116	-1130.2382	-1075.1834	-1075.1843
460	460	-1169.2874	-1158.6257	-1162.1878	10.661643	-1165.7055	-1149.5102	-1149.5064
461	461	-798.85442	-798.94256	-801.94035	-0.088141161	-794.90767	-787.50379	-789.34075
462	462	-1393.2792	-1385.6379	-1388.9091	7.6412925	-1389.8358	-1376.0943	-1376.8299
463	463	-1139.2434	-1138.134	-1140.9388	1.1093437	-1135.6545	-1127.2939	-1127.2894
464	464	-1228.2758	-1220.3548	-1223.6623	7.9210236	-1224.7236	-1209.9016	-1211.4384
465	465	-1269.7783	-1266.4002	-1269.3778	3.3780601	-1266.2432	-1253.5583	-1255.677
466	466	-1547.8002	-1547.9853	-1551.9696	-0.18507278	-1544.4294	-1535.1488	-1540.9658
467	467	-931.80417	-898.91328	-902.17928	32.890896	-927.98086	-889.79284	-889.79351
468	468	-1486.5096	-1458.7689	-1462.0474	27.740672	-1483.0895	-1450.2416	-1450.2451
469	469	-795.19715	-771.55701	-774.8577	23.640141	-791.2234	-762.24709	-762.24531
470	470	-1129.8809	-1098.411	-1101.9163	31.469907	-1126.2578	-1088.8068	-1089.07
471	471	-1253.9596	-1243.0716	-1246.3749	10.887974	-1250.451	-1234.1599	-1234.2484
472	472	-873.4455	-849.4088	-852.92002	24.036696	-869.56993	-839.02365	-839.02425
473	473	-1154.1488	-1112.4062	-1115.8655	41.742558	-1150.5491	-1103.8321	-1103.8314
474	474	-1087.5143	-1055.3294	-1058.6133	32.18493	-1083.8655	-1046.4833	-1046.4848
475	475	-1693.4371	-1692.6142	-1697.432	0.82285447	-1690.1504	-1679.6575	-1683.8106
476	476	-1050.9717	-1050.3509	-1053.579	0.62078439	-1047.3157	-1041.1255	-1041.1257
477	477	-1873.6577	-1868.1321	-1873.4491	5.5256245	-1870.465	-1851.0281	-1858.9968
478	478	-713.78215	-707.17775	-710.46895	6.6043938	-709.73193	-697.58014	-697.58062
479	479	-1736.1143	-1732.4491	-1735.4399	3.6651811	-1732.8388	-1715.5418	-1722.8738
480	480	-1399.4984	-1390.9806	-1394.2346	8.5177814	-1396.0364	-1381.8441	-1381.8216
481	481	-1062.9581	-1047.1559	-1050.2396	15.802241	-1059.2945	-1032.8696	-1036.7159
482	482	-1061.1244	-1048.1954	-1051.4738	12.929015	-1057.4591	-1038.1001	-1039.1806
483	483	-1939.1862	-1934.1728	-1937.4352	5.013469	-1936.0205	-1922.7925	-1925.7689
484	484	-1906.7467	-1908.4454	-1911.2916	-1.6987115	-1903.5704	-1892.6305	-1900.4202
485	485	-1574.3931	-1570.8304	-1573.7905	3.5626938	-1571.0135	-1557.0233	-1562.1171
486	486	-1412.1586	-1414.5751	-1416.3169	-2.4165512	-1408.6937	-1400.8005	-1407.2283
487	487	-1157.3291	-1124.951	-1128.2537	32.378137	-1148.3451	-1116.1836	-1116.1836
488	488	-803.11797	-762.57247	-765.85002	40.545502	-799.12625	-753.26836	-753.26864
489	489	-1505.8673	-1507.8787	-1510.3787	-2.01132	-1502.4595	-1491.4344	-1498.3024
490	490	-826.87999	-784.9189	-788.20386	41.961095	-822.91505	-775.687	-775.68668
491	491	-1281.3786	-1260.0099	-1263.2944	21.368749	-1277.8699	-1250.3765	-1251.3079
492	492	-1343.5773	-1335.8372	-1338.8625	7.7401217	-1340.0642	-1324.3075	-1325.6073
493	493	-1831.6472	-1830.4898	-1834.7823	1.1574523	-1828.4573	-1815.5739	-1820.8061
494	494	-988.82412	-978.07589	-981.6003	10.74823	-985.07545	-967.37556	-967.66304
495	495	-1402.9629	-1388.0371	-1391.5426	14.925817	-1399.5139	-1378.3543	-1378.8847
496	496	-1308.5483	-1305.4849	-1308.5565	3.0634359	-1305.0008	-1291.7852	-1295.9814
497	497	-709.04816	-670.07699	-675.50929	38.971169	-704.96729	-657.67738	-657.67341
498	498	-906.10662	-905.7247	-908.72273	0.38191871	-902.27817	-895.82726	-895.85447
499	499	-524.53897	-507.82475	-511.11569	16.714213	-520.06152	-497.74765	-497.74849
