V1	V2	V3	V4	V5	V6	V7
1	0.847	0.775	0.987	0.824	0.177	0.777	0.897
2	0.786	0.646	0.712	0.939	0.867	0.563	0.756
3	0.935	0.739	0.751	0.909	0.115	0.875	0.713
4	0.698	0.923	0.508	0.456	0.003	0.9	0.668
5	0.588	0.72	0.558	0.898	0.866	0.59	0.886
6	0.702	0.6	0.394	0.53	0.606	0.834	0.968
7	0.62	0.788	0.054	0.91	0.03	0.934	0.265
8	0.765	0.825	0.281	0.616	0.104	0.259	0.734
9	0.706	0.507	0.671	0.801	0.944	0.783	0.677
10	0.947	0.944	0.65	0.872	0.284	0.674	0.976
11	0.918	0.988	0.063	0.09	0.002	0.672	0.288
12	0.748	0.803	0.849	0.896	0.467	0.893	0.874
13	0.577	0.97	0.948	0.882	0.458	0.797	0.954
14	0.788	0.62	0.035	0.67	0.611	0.988	0.645
15	0.928	0.814	0.144	0.497	0.177	0.964	0.523
16	0.591	0.993	0.561	0.525	0.686	0.866	0.846
17	0.579	0.542	0.012	0.913	0.727	0.325	0.827
18	0.834	0.666	0.903	0.068	0.001	0.761	0.485
19	0.562	0.54	0.384	0.001	0.102	0.443	0.644
20	0.75	0.914	0.02	0.001	0.001	0.681	0.209
21	0.964	0.949	0.038	0.183	0.045	0.032	0.599
22	0.634	0.859	0.004	0.184	0.013	0.662	0.487
23	0.622	0.675	0.695	0.931	0.704	0.889	0.783
24	0.43	0.724	0.959	0.82	0.555	0.996	0.88
25	0.428	0.662	0.215	0.429	0.573	0.77	0.056
26	0.111	0.698	0.838	0.817	0.59	0.446	0.94
27	0.318	0.669	0.27	0.522	0.077	0.208	0.582
28	0.269	0.013	0.001	0.001	0.001	0.334	0.458
29	0.68	0.898	0.07	0.055	0.001	0.142	0.524
30	0.701	0.462	0.919	0.34	0.094	0.56	0.585
31	0.543	0.756	0.567	0.731	0.508	0.937	0.917
32	0.994	0.806	0.001	0.486	0.005	0.397	0.641
33	0.529	0.782	0.316	0.029	0.001	0.291	0.361
34	0.659	0.799	0.025	0.084	0.135	0.677	0.615
35	0.445	0.894	0.001	0.001	0.001	0.811	0.404
36	0.691	0.46	0.093	0.372	0.13	0.01	0.36
37	0.688	0.909	0.005	0.007	0.425	0.414	0.442
38	0.722	0.863	0.001	0.193	0.053	0.355	0.011
39	0.421	0.725	0.16	0.083	0.001	0.281	0.276
40	0.945	0.79	0.064	0.641	0.058	0.871	0.745
41	0.665	0.763	0.586	0.004	0.001	0.397	0.152
42	0.764	0.521	0.831	0.798	0.63	0.962	0.905
43	0.744	0.589	0.002	0.001	0.032	0.013	0.614
44	0.743	0.693	0.316	0.804	0.728	0.856	0.612
45	0.723	0.929	0.311	0.031	0.003	0.46	0.998
46	0.527	0.724	0.592	0.52	0.594	0.593	0.756
47	0.754	0.721	0.528	0.246	0.229	0.832	0.938
48	0.35	0.696	0.351	0.882	0.329	0.398	0.709
49	0.597	0.804	0.813	0.749	0.966	0.851	0.761
50	0.792	0.905	0.088	0.193	0.001	0.765	0.342
51	0.517	0.487	0.164	0.005	0.238	0.52	0.704
52	0.634	0.723	0.843	0.88	0.479	0.352	0.894
53	0.693	0.542	0.029	0.977	0.195	0.73	0.761
54	0.727	0.482	0.811	0.926	0.512	0.803	0.864
55	0.471	0.747	0.074	0.001	0.211	0.498	0.726
56	0.731	0.657	0.001	0.001	0.041	0.153	0.345
57	0.987	0.834	0.031	0.801	0.508	0.369	0.668
58	0.23	0.911	0.448	0.091	0.001	0.544	0.742
59	0.733	0.924	0.055	0.005	0.001	0.278	0.216
60	0.761	0.121	0.981	0.527	0.052	0.383	0.748
61	0.415	0.988	0.175	0.909	0.276	0.793	0.784
62	0.831	0.566	0.553	0.914	0.47	0.554	0.862
63	0.684	0.775	0.168	0.041	0.469	0.293	0.892
64	0.66	0.633	0.202	0.804	0.039	0.496	0.91
65	0.711	0.961	0.281	0.311	0.001	0.864	0.664
66	0.246	0.712	0.156	0.546	0.195	0.595	0.714
67	0.178	0.813	0.677	0.041	0.357	0.457	1
68	0.686	0.707	0.114	0.603	0.084	0.692	0.643
69	0.68	0.649	0.593	0.793	0.857	0.531	0.529
70	0.671	0.925	0.001	0.145	0.327	0.72	0.758
71	0.401	0.862	0.293	0.659	0.001	0.354	0.599
72	0.687	0.74	0.925	0.502	0.534	0.955	0.673
73	0.684	0.819	0.016	0.145	0.021	0.232	0.533
74	0.613	0.979	0.902	0.762	0.833	0.596	0.914
75	0.602	0.594	0.796	0.91	0.807	0.936	0.906
76	0.73	0.715	0.252	0.735	0.034	1	0.858
77	0.904	0.753	0.92	0.879	0.398	0.554	0.999
78	0.558	0.815	0.559	0.727	0.695	0.981	0.942
79	0.468	0.89	0.431	0.114	0.312	0.901	0.916
80	0.532	0.742	0.589	0.041	0.122	0.673	0.163
81	0.487	0.688	0.904	0.883	0.26	0.932	0.959
82	0.592	0.514	0.921	0.945	0.774	0.935	0.84
83	0.681	0.568	0.338	0.007	0.208	0.188	0.34
84	0.741	0.641	0.911	0.941	0.914	0.968	0.981
85	0.775	0.92	0.506	0.99	0.176	0.724	0.885
86	0.874	0.998	0.111	0.269	0.001	0.255	0.298
87	0.21	0.999	0.001	0.15	0.001	0.272	0.271
88	0.466	0.699	0.008	0.207	0.182	0.06	0.316
89	0.605	0.83	0.783	0.717	0.162	0.375	0.673
90	0.738	0.867	0.54	0.786	0.003	0.453	0.768
91	0.622	0.746	0.719	0.121	0.131	0.121	0.636
92	0.763	0.708	0.776	0.935	0.687	0.595	0.795
93	0.764	0.633	0.257	0.621	0.394	0.391	0.672
94	0.679	0.746	0.862	0.991	0.979	0.865	0.958
95	0.506	0.972	0.023	0.917	0.001	0.805	0.816
96	0.74	0.55	0.885	0.96	0.923	0.803	0.783
97	0.922	0.869	0.107	0.008	0.19	0.212	0.988
98	0.831	0.602	0.837	0.635	0.014	0.888	0.767
99	0.725	0.891	0.563	0.001	0.214	0.659	0.059
100	0.862	0.656	0.466	0.403	0.074	0.252	0.513
101	0.619	0.815	0.003	0.011	0.058	0.027	0.591
102	0.621	0.827	0.526	0.645	0.012	0.368	0.882
103	0.731	0.577	0.196	0.717	0.001	0.501	0.747
104	0.709	0.881	0.289	0.1	0.054	0.252	0.025
105	0.614	0.799	0.002	0.022	0.001	0.684	0.139
106	0.364	0.724	0.569	0.015	0.305	0.132	0.737
107	0.698	0.86	0.941	0.709	0.369	0.346	0.95
108	0.531	0.621	0.523	0.935	0.368	0.737	0.693
109	0.628	0.999	0.619	0.67	0.155	0.113	0.705
110	0.844	0.69	0.9	0.382	0.669	0.815	0.863
111	0.93	0.874	0.511	0.293	0.436	0.51	0.796
112	0.409	0.667	0.473	0.784	0.658	0.876	0.676
113	0.492	0.754	0.003	0.67	0.507	0.616	0.504
114	0.723	0.932	0.941	0.83	0.81	0.903	0.846
115	0.575	0.659	0.811	0.861	0.323	0.909	0.792
116	0.657	0.606	0.25	0.646	0.427	0.969	0.941
117	0.743	0.667	0.946	0.838	0.937	0.905	0.772
118	0.719	0.838	0.933	0.949	0.602	0.979	0.708
119	0.539	0.885	0.863	0.641	0.499	0.95	0.849
120	0.584	0.847	0.069	0.062	0.042	0.135	0.47
121	0.805	0.917	0.455	0.02	0.103	0.272	0.536
122	0.755	0.901	0.392	0.099	0.275	0.172	0.607
123	0.567	0.919	0.771	0.719	0.243	0.578	0.821
124	0.774	0.791	0.127	0.72	0.404	0.484	0.619
125	0.592	0.869	0.051	0.027	0.001	0.046	0.111
126	0.812	0.72	0.661	0.061	0.045	0.165	0.882
127	0.751	0.787	0.003	0.005	0.001	0.104	0.619
128	0.832	0.534	0.917	0.828	0.685	0.839	0.374
129	0.752	0.633	0.044	0.621	0.028	0.37	0.472
130	0.794	0.694	0.044	0.74	0.096	0.751	0.821
131	0.366	0.642	0.716	0.426	0.877	0.9	0.809
132	0.579	0.702	0.17	0.328	0.092	0.901	0.575
133	0.681	0.275	0.002	0.001	0.001	0.408	0.93
134	0.866	0.791	0.038	0.002	0.001	0.465	0.194
135	0.641	0.956	0.434	0.892	0.293	0.473	0.938
136	0.186	0.854	0.001	0.001	0.004	0.328	0.761
137	0.606	0.642	0.753	0.916	0.479	0.089	0.784
138	0.089	0.962	0.161	0.004	0.005	0.518	0.975
139	0.774	0.83	0.003	0.005	0.016	0.858	0.925
140	0.669	0.887	0.005	0.908	0.136	0.62	0.73
141	0.607	0.703	0.989	0.758	0.84	0.886	0.567
142	0.452	0.936	0.007	0.026	0.004	0.375	0.471
143	0.694	0.721	0.861	0.927	0.559	0.935	0.879
144	0.393	0.851	0.923	0.701	0.004	0.48	0.952
145	0.644	0.697	0.919	0.958	0.148	0.494	0.784
146	0.495	0.191	0.757	0.927	0.001	0.241	0.97
147	0.52	0.646	0.752	0.952	0.87	0.648	0.769
148	0.816	0.799	0.821	0.357	0.073	0.964	0.656
149	0.659	0.752	0.807	0.082	0.005	0.977	0.938
150	0.781	0.813	0.003	0.001	0.001	0.028	0.557
151	0.555	0.983	0.724	0.351	0.008	0.723	0.489
152	0.848	0.896	0.27	0.416	0.001	0.419	0.897
153	0.748	0.961	0.691	0.958	0.187	0.746	0.816
154	0.857	0.719	0.368	0.288	0.028	0.356	0.438
155	0.199	0.954	0.003	0.001	0.001	0.067	0.325
156	0.723	0.56	0.969	0.619	0.569	0.964	0.819
157	0.814	0.723	0.001	0.178	0.193	0.128	0.323
158	0.965	0.79	0.754	0.926	0.974	0.985	0.883
159	0.654	0.712	0.915	0.247	0.475	0.824	0.589
160	0.832	0.701	0.972	0.668	0.251	0.56	0.374
161	0.716	0.781	0.867	0.687	0.775	0.994	0.993
162	0.596	0.634	0.874	0.983	0.869	0.568	0.57
163	0.812	0.718	0.112	0.304	0.001	0.162	0.415
164	0.46	0.854	0.289	0.637	0.218	0.938	0.995
165	0.604	0.883	0.742	0.965	0.483	0.955	0.808
166	0.703	0.88	0.487	0.093	0.105	0.798	0.984
167	0.377	0.778	0.01	0.15	0.001	0.238	0.31
168	0.603	0.53	0.001	0.771	0.599	0.136	0.987
169	0.26	0.891	0.321	0.013	0.013	0.885	0.701
170	0.726	0.799	0.025	0.095	0.006	0.56	0.235
171	0.679	0.722	0.158	0.264	0.001	0.622	0.736
172	0.707	0.37	0.005	0.415	0.291	0.096	0.689
173	0.181	0.759	0.568	0.626	0.01	0.441	0.488
174	0.624	0.392	0.61	0.465	0.031	0.874	0.871
175	0.782	0.697	0.737	0.922	0.096	0.823	0.975
176	0.577	0.917	0.003	0.01	0.026	0.328	0.579
177	0.589	0.62	0.03	0.027	0.008	0.437	0.806
178	0.763	0.656	0.005	0.003	0.001	0.158	0.282
179	0.523	0.657	0.719	0.378	0.001	0.467	0.46
180	0.785	0.667	0.913	0.947	0.67	0.596	0.983
181	0.958	0.729	0.693	0.723	0.001	0.715	0.423
182	0.622	0.607	0.962	0.818	0.229	0.851	0.573
183	0.672	0.614	0.904	0.993	0.954	0.204	0.913
184	0.692	0.812	0.373	0.003	0.001	0.779	0.043
185	0.561	0.802	0.832	0.474	0.863	0.948	0.792
186	0.541	0.615	0.969	0.812	0.131	0.928	0.844
187	0.289	0.725	0.983	0.653	0.734	0.833	0.945
188	0.716	0.618	0.375	0.915	0.6	0.865	0.919
189	0.637	0.635	0.862	0.702	0.962	0.919	0.796
190	0.642	0.85	0.118	0.103	0.089	0.043	0.247
191	0.794	0.922	0.299	0.659	0.011	0.096	0.532
192	0.32	0.354	0.976	0.471	0.707	0.945	0.505
193	0.562	0.726	0.516	0.292	0.237	0.722	0.797
194	0.622	0.829	0.464	0.732	0.001	0.371	0.472
195	0.649	0.893	0.301	0.552	0.193	0.419	0.763
196	0.879	0.92	0.008	0.035	0.001	0.067	0.232
197	0.725	0.978	0.024	0.218	0.038	0.27	0.829
198	0.615	0.591	0.28	0.396	0.007	0.672	0.485
199	0.278	0.488	0.954	0.878	0.127	0.996	0.199
200	0.409	0.779	0.07	0.75	0.66	0.003	0.99
201	0.701	0.76	0.003	0.386	0.002	0.852	0.149
202	0.26	0.722	0.046	0.005	0.321	0.475	0.438
203	0.737	0.635	0.629	0.413	0.003	0.589	0.723
204	0.129	0.899	0.041	0.923	0.785	0.942	0.802
205	0.602	0.624	0.401	0.804	0.737	0.552	0.901
206	0.729	0.734	0.098	0.015	0.629	0.126	0.571
207	0.481	0.611	0.942	0.51	0.819	0.945	0.959
208	0.785	0.68	0.577	0.639	0.046	0.463	0.918
209	0.718	0.611	0.838	1	0.279	0.387	0.724
210	0.436	0.661	0.468	0.155	0.001	0.136	0.465
211	0.677	0.642	0.312	0.701	0.358	0.538	0.804
212	0.595	0.756	0.961	0.896	0.782	0.919	0.547
213	0.688	0.632	0.788	0.967	0.476	0.601	0.91
214	0.881	0.841	0.003	0.082	0.009	0.301	0.467
215	0.703	0.729	0.9	0.748	0.678	0.864	0.629
216	0.725	0.99	0.017	0.987	0.422	0.951	0.981
217	0.95	0.649	0.524	0.784	0.755	0.527	0.99
218	0.738	0.712	0.001	0.847	0.001	0.475	0.525
219	0.622	0.818	0.384	0.734	0.043	0.39	0.852
220	0.743	0.848	0.005	0.324	0.034	0.192	0.516
221	0.584	0.607	0.829	0.725	0.478	0.836	0.933
222	0.979	0.837	0.001	0.021	0.17	0.256	0.6
223	0.682	0.712	0.391	0.829	0.777	0.747	0.992
224	0.727	0.722	0.73	0.77	0.588	0.894	0.772
225	0.664	0.701	0.675	0.442	0.512	0.186	0.673
226	0.886	0.994	0.02	0.031	0.178	0.286	0.179
227	0.855	0.926	0.019	0.461	0.001	0.834	0.592
228	0.709	0.833	0.134	0.08	0.112	0.549	0.747
229	0.819	0.693	0.791	0.773	0.412	0.857	0.968
230	0.709	0.759	0.018	0.419	0.01	0.11	0.305
231	0.605	0.711	0.767	0.582	0.001	0.525	0.906
232	0.81	0.728	0.987	0.911	0.493	0.843	0.901
233	0.553	0.826	0.103	0.039	0.141	0.351	0.679
234	0.737	0.521	0.693	0.846	0.779	0.856	0.79
235	0.495	0.691	0.223	0.288	0.039	0.387	0.508
236	0.925	0.653	0.472	0.535	0.114	0.395	0.4
237	0.575	0.632	0.95	0.86	0.954	0.827	0.513
238	0.637	0.573	0.907	0.976	0.186	0.602	0.907
239	0.626	0.983	0.001	0.281	0.235	0.452	0.428
240	0.384	0.867	0.39	0.718	0.158	0.792	0.357
241	0.431	0.819	0.356	0.056	0.005	0.648	0.578
242	0.612	0.72	0.915	0.37	0.146	0.95	0.61
243	0.797	0.905	0.001	0.506	0.001	0.408	0.276
244	0.711	0.726	0.001	0.075	0.027	0.226	0.325
245	0.619	0.769	0.043	0.411	0.077	0.763	0.614
246	0.427	0.663	0.011	0.043	0.001	0.339	0.527
247	0.669	0.869	0.224	0.611	0.223	0.577	0.938
248	0.592	0.953	0.021	0.394	0.357	0.723	0.617
249	0.737	0.605	0.12	0.387	0.075	0.449	0.983
250	0.664	0.818	0.195	0.002	0.057	0.311	0.971
251	0.543	0.703	0.815	0.003	0.505	0.846	0.869
252	0.297	0.301	0.409	0.793	0.009	0.988	0.163
253	0.742	0.904	0.849	0.075	0.01	0.475	0.342
254	0.556	0.674	0.933	0.57	0.01	0.837	0.987
255	0.288	0.657	0.002	0.669	0.002	0.464	0.697
256	0.675	0.725	0.753	0.92	0.242	0.897	0.608
257	0.754	0.769	0.822	0.141	0.584	0.516	0.552
258	0.711	0.629	0.049	0.895	0.049	0.97	0.987
259	0.782	0.746	0.999	0.954	0.2	0.943	0.987
260	0.474	0.766	0.005	0.511	0.001	0.136	0.376
261	0.829	0.92	0.019	0.466	0.577	0.082	0.792
262	0.761	0.399	0.694	0.691	0.856	0.813	0.631
263	0.511	0.643	0.594	0.819	0.02	0.789	0.995
264	0.691	0.655	0.99	0.845	0.755	0.594	0.692
265	0.597	0.842	0.47	0.775	0.285	0.163	0.652
266	0.715	0.725	0.194	0.926	0.685	0.921	0.926
267	0.646	0.75	0.978	0.613	0.966	0.996	0.943
268	0.742	0.991	0.112	0.989	0.092	0.549	0.838
269	0.766	0.391	0.898	0.673	0.174	0.479	0.982
270	0.799	0.698	0.009	0.508	0.445	0.904	0.752
271	0.651	0.891	0.001	0.086	0.014	0.237	0.376
272	0.487	0.609	0.001	0.001	0.052	0.131	0.509
273	0.726	0.735	0.506	0.231	0.36	0.912	0.93
274	0.745	0.415	0.212	0.904	0.444	0.775	0.565
275	0.834	0.925	0.068	0.179	0.578	0.907	0.479
276	0.49	0.633	0.301	0.214	0.001	0.137	0.809
277	0.838	0.808	0.342	0.269	0.233	0.543	0.363
278	0.537	0.767	0.332	0.93	0.001	0.37	0.695
279	0.558	0.961	0.007	0.483	0.001	0.215	0.372
280	0.764	0.694	0.765	0.953	0.253	0.943	0.654
281	0.652	0.965	0.55	0.047	0.002	0.406	0.327
282	0.552	0.128	0.001	0.145	0.003	0.208	0.12
283	0.778	0.79	0.014	0.278	0.043	0.786	0.705
284	0.694	0.83	0.17	0.021	0.001	0.051	0.376
285	0.629	0.809	0.336	0.513	0.029	0.272	0.295
286	0.637	0.659	0.438	0.269	0.005	0.193	0.83
287	0.433	0.929	0.31	0.085	0.001	0.208	0.337
288	0.603	0.477	0.984	0.972	0.981	0.792	0.825
289	0.844	0.794	0.212	0.263	0.001	0.398	0.7
290	0.647	0.738	0.982	0.556	0.001	0.726	0.888
291	0.656	0.963	0.257	0.318	0.242	0.118	0.258
292	0.632	0.686	0.006	0.001	0.001	0.014	0.193
293	0.202	0.533	0.222	0.851	0.658	0.837	0.818
294	0.562	0.674	0.881	0.726	0.772	0.611	0.842
295	0.322	0.813	0.506	0.234	0.92	0.609	0.819
296	0.732	0.764	0.847	0.984	0.816	0.89	0.606
297	0.629	0.845	0.355	0.019	0.001	0.486	0.672
298	0.459	0.716	0.007	0.404	0.001	0.059	0.658
299	0.453	0.673	0.502	0.335	0.608	0.929	0.706
300	0.666	0.955	0.8	0.002	0.001	0.152	0.907
301	0.637	0.925	0.562	0.453	0.445	0.192	0.793
302	0.52	0.768	0.653	0.821	0.015	0.786	0.949
303	0.534	0.766	0.001	0.084	0.223	0.607	0.928
304	0.577	0.748	0.163	0.742	0.209	0.334	0.869
305	0.564	0.744	0.845	0.487	0.035	0.08	0.736
306	0.626	0.553	0.954	0.314	0.425	0.902	0.844
307	0.188	0.927	0.003	0.253	0.002	0.102	0.4
308	0.69	0.585	0.001	0.166	0.094	0.659	0.585
309	0.637	0.837	0.939	0.853	0.735	0.283	0.687
310	0.535	0.904	0.317	0.856	0.595	0.676	0.734
311	0.616	0.597	0.987	0.683	0.921	0.893	0.83
312	0.682	0.846	0.488	0.007	0.276	0.753	0.527
313	0.508	0.802	0.824	0.016	0.011	0.584	0.972
314	0.648	0.711	0.866	0.341	0.858	0.966	0.961
315	0.811	0.842	0.911	0.789	0.665	0.954	0.929
316	0.027	0.841	0.105	0.791	0.001	0.595	0.732
317	0.663	0.977	0.247	0.761	0.142	0.54	0.4
318	0.667	0.529	0.949	0.932	0.985	0.944	0.849
319	0.211	0.847	0.135	0.373	0.001	0.295	0.872
320	0.753	0.764	0.144	0.513	0.248	0.905	0.901
321	0.654	0.933	0.13	0.025	0.219	0.266	0.685
322	0.647	0.681	0.628	0.956	0.513	0.988	0.851
323	0.801	0.481	0.445	0.005	0.059	0.811	0.428
324	0.736	0.852	0.131	0.003	0.067	0.61	0.656
325	0.655	0.933	0.38	0.425	0.019	0.382	0.511
326	0.344	0.81	0.117	0.012	0.743	0.758	0.729
327	0.511	0.434	0.834	0.754	0.513	0.945	0.97
328	0.785	0.895	0.522	0.008	0.039	0.381	0.387
329	0.673	0.724	0.944	0.802	0.952	0.554	0.877
330	0.593	0.761	0.996	0.839	0.817	0.901	0.908
331	0.495	0.85	0.004	0.001	0.001	0.012	0.443
332	0.161	0.433	0.001	0.122	0.001	0.256	0.44
333	0.69	0.794	0.391	0.742	0.366	0.376	0.933
334	0.65	0.566	0.806	0.555	0.283	0.891	0.8
335	0.929	0.423	0.561	0.058	0.312	0.723	0.857
336	0.599	0.968	0.337	0.444	0.001	0.372	0.988
337	0.423	0.84	0.001	0.002	0.001	0.572	0.83
338	0.736	0.729	0.964	0.483	0.213	0.248	0.774
339	0.551	0.784	0.965	0.001	0.322	0.757	0.954
340	0.56	0.894	0.559	0.049	0.217	0.759	0.819
341	0.693	0.909	0.244	0.017	0.005	0.174	0.798
342	0.743	0.792	0.964	0.899	0.646	0.78	0.93
343	0.495	0.653	0.869	0.947	0.371	0.768	0.873
344	0.583	0.679	0.891	0.999	0.827	0.846	0.813
345	0.631	0.782	0.823	0.78	0.889	0.987	0.752
346	0.636	0.787	0.843	0.908	0.094	0.935	0.938
347	0.882	0.856	0.37	0.877	0.019	0.52	0.77
348	0.524	0.746	0.861	0.995	0.391	0.552	0.706
349	0.373	0.67	0.411	0.926	0.018	0.413	0.976
350	0.471	0.757	0.036	0.13	0.263	0.696	0.429
351	0.614	0.889	0.394	0.568	0.331	0.377	0.408
352	0.773	0.837	0.064	0.486	0.001	0.618	0.977
353	0.774	0.65	0.015	0.812	0.001	0.816	0.87
354	0.907	0.741	0.015	0.635	0.001	0.896	0.499
355	0.602	0.995	0.881	0.51	0.832	0.83	0.943
356	0.669	0.725	0.265	0.92	0.841	0.324	0.236
357	0.638	0.749	0.961	0.963	0.626	0.807	0.73
358	0.465	0.7	0.76	0.275	0.22	0.24	0.704
359	0.743	0.844	0.127	0.247	0.093	0.707	0.233
360	0.585	0.959	0.042	0.195	0.002	0.032	0.407
361	0.693	0.682	0.972	0.613	0.872	0.98	0.985
362	0.687	0.728	0.819	0.481	0.542	0.969	0.961
363	0.678	0.632	0.877	0.979	0.911	0.838	0.874
364	0.162	0.484	0.602	0.161	0.011	0.482	0.567
365	0.818	0.985	0.01	0.354	0.007	0.925	0.653
366	0.636	0.649	0.323	0.015	0.042	0.898	0.403
367	0.411	0.696	0.001	0.247	0.001	0.344	0.433
368	0.673	0.744	0.012	0.005	0.001	0.656	0.931
369	0.747	0.753	0.459	0.61	0.568	0.628	0.898
370	0.631	0.907	0.737	0.999	0.439	0.841	0.833
371	0.728	0.899	0.612	0.085	0.253	0.906	0.952
372	0.478	0.769	0.349	0.718	0.021	0.06	0.984
373	0.445	0.716	0.568	0.7	0.009	0.557	0.751
374	0.639	0.452	0.766	0.907	0.812	0.905	0.914
375	0.792	0.835	0.046	0.136	0.001	0.271	0.696
376	0.502	0.071	0.637	0.001	0.006	0.165	0.055
377	0.419	0.744	0.033	0.139	0.148	0.838	0.501
378	0.905	0.805	0.174	0.288	0.131	0.215	0.661
379	0.702	0.714	0.605	0.936	0.49	0.565	0.568
380	0.802	0.555	0.441	0.479	0.466	0.585	0.54
381	0.597	0.708	0.992	0.067	0.637	0.952	0.711
382	0.613	0.942	0.431	0.611	0.143	0.223	0.557
383	0.743	0.736	0.621	0.819	0.558	0.942	0.961
384	0.642	0.8	0.784	0.004	0.001	0.403	0.584
385	0.355	0.989	0.126	0.228	0.053	0.561	0.706
386	0.803	0.74	0.079	0.013	0.001	0.366	0.552
387	0.395	0.85	0.008	0.015	0.001	0.185	0.471
388	0.125	0.681	0.003	0.961	0.843	0.932	0.368
389	0.359	0.761	0.775	0.91	0.738	0.192	0.498
390	0.703	0.872	0.003	0.148	0.001	0.071	0.785
391	0.729	0.842	0.059	0.3	0.18	0.008	0.575
392	0.656	0.704	0.688	0.113	0.01	0.894	0.799
393	0.653	0.706	0.798	0.969	0.369	0.981	0.921
394	0.68	0.43	0.269	0.664	0.48	0.895	0.967
395	0.521	0.882	0.006	0.005	0.001	0.891	0.428
396	0.761	0.811	0.935	0.269	0.003	0.295	0.564
397	0.543	0.529	0.258	0.23	0.471	0.279	0.721
398	0.703	0.846	0.002	0.661	0.368	0.859	0.611
399	0.687	0.819	0.655	0.001	0.001	0.123	0.83
400	0.513	0.833	0.342	0.018	0.001	0.661	0.582
401	0.938	0.637	0.956	0.257	0.003	0.364	0.866
402	0.157	0.747	0.001	0.046	0.116	0.223	0.459
403	0.631	0.683	0.712	0.1	0.295	0.846	0.558
404	0.585	0.722	0.284	0.686	0.035	0.977	0.748
405	0.741	0.401	0.134	0.795	0.05	0.478	0.536
406	0.558	0.874	0.182	0.907	0.401	0.636	0.647
407	0.947	0.615	0.342	0.579	0.01	0.429	0.227
408	0.755	0.821	0.009	0.418	0.179	0.421	0.971
409	0.682	0.862	0.343	0.012	0.001	0.492	0.047
410	0.749	0.773	0.021	0.718	0.617	0.253	0.676
411	0.686	0.717	0.327	0.779	0.001	0.209	0.689
412	0.712	0.607	0.954	0.924	0.773	0.804	0.943
413	0.707	0.598	0.854	0.002	0.105	0.037	0.707
414	0.638	0.688	0.404	0.55	0.319	0.29	0.746
415	0.659	0.804	0.005	0.215	0.001	0.306	0.491
416	0.686	0.624	0.83	0.791	0.556	0.871	0.808
417	0.57	0.984	0.88	0.995	0.13	0.19	0.854
418	0.593	0.8	0.689	0.788	0.002	0.337	0.878
419	0.74	0.735	0.496	0.425	0.001	0.276	0.734
420	0.574	0.83	0.735	0.9	0.71	0.904	0.957
421	0.67	0.522	0.963	0.971	0.885	0.678	0.722
422	0.703	0.9	0.599	0.018	0.202	0.285	0.821
423	0.705	0.591	0.578	0.083	0.386	0.888	0.567
424	0.368	0.919	0.003	0.747	0.028	0.712	0.844
425	0.467	0.819	0.038	0.001	0.012	0.127	0.618
426	0.689	0.867	0.947	0.726	0.53	0.395	0.732
427	0.743	0.975	0.001	0.747	0.205	0.069	0.236
428	0.666	0.846	0.506	0.498	0.004	0.295	0.247
429	0.439	0.802	0.929	0.396	0.049	0.102	0.886
430	0.72	0.792	0.105	0.037	0.001	0.215	0.361
431	0.569	0.619	0.846	0.606	0.942	0.858	0.923
432	0.412	0.508	0.325	0.703	0.704	0.873	0.771
433	0.675	0.761	0.018	0.794	0.058	0.947	0.394
434	0.606	0.98	0.878	0.791	0.821	0.908	0.987
435	0.768	0.814	0.451	0.236	0.046	0.109	0.444
436	0.48	0.772	0.049	0.256	0.052	0.611	0.508
437	0.938	0.923	0.02	0.687	0.001	0.615	0.943
438	0.762	0.965	0.008	0.302	0.022	0.171	0.32
439	0.653	0.684	0.678	0.869	0.691	0.886	0.888
440	0.7	0.685	0.48	0.917	0.288	0.835	0.843
441	0.581	0.789	0.008	0.002	0.006	0.894	0.598
442	0.699	0.757	0.71	0.891	0.809	0.988	0.876
443	0.713	0.639	0.837	0.763	0.878	0.985	0.785
444	0.763	0.823	0.472	0.899	0.275	0.434	0.865
445	0.552	0.821	0.903	0.631	0.088	0.721	0.533
446	0.596	0.682	0.739	0.917	0.535	0.785	0.915
447	0.599	0.496	0.173	0.011	0.001	0.526	0.574
448	0.604	0.769	0.394	0.894	0.492	0.088	0.786
449	0.936	0.874	0.333	0.204	0.436	0.325	0.522
450	0.602	0.605	0.919	0.696	0.964	0.989	0.926
451	0.506	0.778	0.343	0.815	0.469	0.692	0.98
452	0.655	0.851	0.447	0.222	0.232	0.034	0.894
453	0.695	0.737	0.832	0.729	0.536	0.989	0.698
454	0.632	0.793	0.227	0.583	0.002	0.085	0.852
455	0.436	0.572	0.696	0.43	0.083	0.735	0.903
456	0.376	0.956	0.974	0.917	0.89	0.854	0.79
457	0.446	0.579	0.86	0.925	0.812	0.318	0.839
458	0.752	0.429	0.992	0.895	0.841	0.717	0.777
459	0.698	0.858	0.762	0.286	0.053	0.89	0.46
460	0.473	0.745	0.779	0.619	0.572	0.814	0.691
461	0.592	0.674	0.536	0.487	0.555	0.596	0.644
462	0.888	0.91	0.25	0.633	0.001	0.149	0.715
463	0.504	0.638	0.557	0.843	0.705	0.946	0.078
464	0.722	0.766	0.027	0.709	0.001	0.412	0.274
465	0.865	0.993	0.523	0.101	0.194	0.764	0.981
466	0.429	0.624	0.173	0.112	0.007	0.559	0.76
467	0.764	0.705	0.272	0.442	0.715	0.577	0.62
468	0.666	0.919	0.718	0.33	0.701	0.298	0.682
469	0.644	0.907	0.389	0.883	0.277	0.668	0.691
470	0.695	0.69	0.061	0.457	0.001	0.349	0.545
471	0.649	0.668	0.86	0.93	0.966	0.806	0.949
472	0.632	0.767	0.291	0.151	0.091	0.506	0.183
473	0.633	0.667	0.641	0.627	0.243	0.917	0.952
474	0.551	0.715	0.368	0.696	0.002	0.69	0.501
475	0.778	0.714	0.005	0.006	0.248	0.711	0.86
476	0.969	0.93	0.005	0.001	0.014	0.953	0.268
477	0.595	0.566	0.978	0.827	0.01	0.833	0.965
478	0.714	0.793	0.069	0.516	0.191	0.298	0.28
479	0.676	0.945	0.134	0.001	0.001	0.102	0.23
480	0.639	0.395	0.417	0.592	0.586	0.66	0.978
481	0.284	0.985	0.001	0.006	0.001	0.091	0.274
482	0.411	0.987	0.795	0.913	0.1	0.77	0.52
483	0.693	0.769	0.594	0.697	0.292	0.921	0.434
484	0.712	0.717	0.605	0.619	0.494	0.67	0.874
485	0.597	0.876	0.832	0.869	0.612	0.656	0.74
486	0.664	0.848	0.866	0.876	0.854	0.977	0.746
487	0.383	0.716	0.263	0.916	0.006	0.87	0.341
488	0.629	0.758	0.629	0.747	0.902	0.951	0.804
489	0.486	0.739	0.579	0.074	0.019	0.264	0.121
490	0.529	0.703	0.012	0.324	0.25	0.952	0.4
491	0.577	0.849	0.013	0.385	0.107	0.761	0.575
492	0.414	0.75	0.043	0.543	0.031	0.547	0.568
493	0.718	0.733	0.854	0.888	0.792	0.884	0.908
494	0.825	0.85	0.607	0.794	0.914	0.982	0.8
495	0.313	0.649	0.653	0.769	0.969	0.987	0.971
496	0.708	0.766	0.27	0.923	0.613	0.414	0.853
497	0.281	0.632	0.821	0.499	0.625	0.516	0.752
498	0.64	0.605	0.817	0.887	0.629	0.732	0.986
499	0.679	0.866	0.446	0.445	0.001	0.875	0.696
500	0.648	0.951	0.673	0.111	0.001	0.335	0.5
