iter	nprior_a	nprior_b	cprior_a	cprior_b	prior_l_a	prior_l_b	prior_g_a	prior_g_b
0	4	0.5	1	0.2	1	2	1	1
0	3.80316	0.52102	1.21975	0.215121	1	2	0.912483	1.01105
1	3.72055	0.525178	1.2345	0.18747	0.794986	2.31725	0.699455	0.874005
2	3.23389	0.546193	1.36039	0.173753	0.683284	1.64235	0.5288	0.744786
3	3.1944	0.435776	1.08884	0.163329	0.683284	1.64235	0.435062	0.827419
4	3.93896	0.379527	1.08884	0.163329	0.683284	1.64235	0.435062	0.827419
5	4.22523	0.364412	1.00588	0.153439	0.715967	2.11679	0.408683	0.667188
6	4.377	0.368748	1.09567	0.157221	0.634768	1.62331	0.347686	0.491935
7	4.14877	0.436287	1.14701	0.151781	0.559358	2.03889	0.347686	0.491935
8	4.14877	0.436287	1.25518	0.135129	0.444253	1.48979	0.347686	0.491935
9	3.89603	0.443411	1.31488	0.131366	0.371373	1.56442	0.347686	0.491935
10	3.79861	0.503811	1.31488	0.131366	0.371373	1.56442	0.250714	0.454011
11	3.77831	0.497684	1.31488	0.131366	0.374657	1.5139	0.250714	0.454011
12	3.77831	0.497684	1.4391	0.153536	0.274391	1.73919	0.324078	0.441049
13	3.77831	0.497684	1.4391	0.153536	0.246444	1.36625	0.374612	0.44812
14	3.59856	0.556229	1.4391	0.153536	0.277504	1.69782	0.374612	0.44812
15	4.01015	0.546434	1.37414	0.144046	0.254793	1.82853	0.307223	0.329842
16	4.31926	0.520663	1.49328	0.146222	0.19136	1.38532	0.233856	0.264583
17	4.53254	0.438933	1.49328	0.146222	0.19136	1.38532	0.245743	0.27585
18	4.6887	0.405046	1.49328	0.146222	0.200651	1.74445	0.245743	0.27585
19	4.6887	0.405046	1.49594	0.131795	0.195756	1.32088	0.245743	0.27585
20	4.39476	0.481507	1.49594	0.131795	0.156524	1.51788	0.283469	0.211165
21	3.77904	0.57401	1.71067	0.148296	0.181388	1.49779	0.290628	0.157559
22	3.7104	0.602722	1.77157	0.148912	0.162176	1.58886	0.377332	0.150546
23	4.11299	0.559258	1.8343	0.146853	0.176629	1.68896	0.344456	0.147142
24	4.11299	0.559258	1.80103	0.155238	0.213045	1.19529	0.275353	0.158898
25	3.85729	0.489201	1.73523	0.145139	0.167076	0.951226	0.340407	0.17683
26	3.2699	0.603305	1.55258	0.129166	0.153249	1.22984	0.39562	0.222382
27	3.70755	0.538237	1.80024	0.115878	0.146543	0.966317	0.469667	0.242881
28	3.53392	0.573302	1.80209	0.110551	0.172472	1.10503	0.493032	0.219545
29	3.53392	0.573302	1.53731	0.100057	0.172472	1.10503	0.493032	0.219545
30	4.34611	0.572858	1.55283	0.0960382	0.1386	1.33148	0.455295	0.276498
31	4.34611	0.572858	1.54202	0.102415	0.1386	1.33148	0.455295	0.276498
32	4.41149	0.647027	1.54202	0.102415	0.132271	1.1383	0.398605	0.322292
33	4.14254	0.543344	1.47297	0.109444	0.168879	1.11971	0.3521	0.313325
34	4.49087	0.545048	1.48023	0.1193	0.134888	1.03331	0.290095	0.284243
35	4.49087	0.545048	1.29063	0.121221	0.141387	0.740388	0.251625	0.251591
36	3.85854	0.500609	1.39744	0.121336	0.141387	0.740388	0.31401	0.281688
37	3.85854	0.500609	1.34811	0.117285	0.116912	0.673232	0.290654	0.213819
38	4.19403	0.551669	1.23297	0.123622	0.134675	0.818286	0.29838	0.172002
39	4.19403	0.551669	1.22783	0.114796	0.117116	1.04934	0.29295	0.174701
40	3.77298	0.553613	1.22783	0.114796	0.15054	1.01236	0.343242	0.187301
41	3.60138	0.585218	1.53717	0.103842	0.114174	1.01641	0.428303	0.230695
42	3.46294	0.550602	1.68687	0.107757	0.114174	1.01641	0.318076	0.215233
43	3.13134	0.56188	1.48495	0.104258	0.124644	0.907557	0.31553	0.261529
44	2.99845	0.545406	1.45196	0.0971974	0.133931	1.17173	0.31553	0.261529
45	2.95729	0.533223	1.56465	0.0942973	0.121127	1.26555	0.31553	0.261529
46	2.95729	0.533223	1.56465	0.0942973	0.127456	1.38312	0.321287	0.202569
47	3.08916	0.488406	1.72977	0.107348	0.152775	0.974431	0.261905	0.188067
48	3.08916	0.488406	1.75181	0.0995828	0.152775	0.974431	0.211385	0.222394
49	3.08916	0.488406	1.80221	0.111599	0.152872	0.805064	0.211385	0.222394
50	3.0388	0.499232	1.71682	0.111594	0.190974	0.969774	0.244716	0.170759
51	3.75626	0.53793	1.64113	0.119559	0.159682	0.818848	0.226478	0.163023
52	3.75626	0.53793	1.48628	0.110397	0.195908	0.907513	0.208952	0.140546
53	3.73137	0.550675	1.82257	0.108218	0.245518	1.04166	0.164368	0.126772
54	3.12977	0.577786	1.75266	0.111933	0.261222	0.993247	0.18717	0.10483
55	3.47381	0.641884	1.75266	0.111933	0.296968	0.721192	0.18717	0.10483
56	3.21831	0.650723	1.44985	0.112632	0.217046	0.789583	0.204783	0.0756466
57	3.07898	0.704597	1.40883	0.129864	0.228268	0.99363	0.249427	0.0570903
58	3.22359	0.718729	1.49238	0.130922	0.160338	0.992005	0.308731	0.0534967
59	2.98772	0.775541	1.60082	0.157858	0.124133	0.703309	0.27302	0.0376174
60	2.98772	0.775541	1.60082	0.157858	0.126204	0.75773	0.27302	0.0376174
61	2.39502	0.815415	1.48795	0.14958	0.1194	0.766019	0.27302	0.0376174
62	2.69573	0.854417	1.29697	0.159625	0.114796	0.849356	0.27302	0.0376174
63	3.11065	0.788741	1.29292	0.141578	0.129482	1.06148	0.27302	0.0376174
64	3.11065	0.788741	1.35098	0.155187	0.129482	1.06148	0.351795	0.031193
65	3.11065	0.788741	1.32914	0.152197	0.119041	1.19956	0.32756	0.026026
66	3.23999	0.679417	1.40526	0.147934	0.0890214	1.36936	0.29619	0.0249637
67	2.90705	0.68311	1.48438	0.156863	0.113087	1.33378	0.235333	0.0248378
68	2.57813	0.639666	1.51306	0.133774	0.0847326	1.69955	0.225578	0.0206106
69	2.51374	0.626475	1.43605	0.131192	0.108014	1.56288	0.175905	0.0202486
70	2.53072	0.547753	1.43605	0.131192	0.117632	1.81743	0.175905	0.0202486
71	2.53072	0.547753	1.37757	0.109095	0.150688	2.2868	0.175905	0.0202486
72	2.28207	0.565468	1.34833	0.108649	0.186622	2.23259	0.200669	0.015651
73	1.91959	0.63076	1.44098	0.110413	0.236304	2.12968	0.200669	0.015651
74	2.07587	0.618362	1.44098	0.110413	0.198053	1.87142	0.200669	0.015651
75	1.98963	0.686668	1.42624	0.12485	0.198053	1.87142	0.233538	0.0122261
76	1.97089	0.670639	1.49946	0.127075	0.249095	2.34771	0.233538	0.0122261
77	2.1013	0.669757	1.56679	0.106054	0.29299	2.42792	0.190004	0.0112279
78	2.07204	0.788852	1.64125	0.116309	0.255942	1.74	0.16453	0.0104048
79	2.27728	0.68179	1.64493	0.117259	0.261128	1.59919	0.115612	0.0073229
80	2.54261	0.541481	1.68494	0.120134	0.261128	1.59919	0.11538	0.00686841
81	2.7275	0.52352	1.85831	0.110895	0.266203	1.45121	0.123965	0.00645674
82	2.85967	0.574252	1.86356	0.0903815	0.193917	1.16956	0.151421	0.00455829
83	2.95442	0.554924	1.93986	0.0977446	0.198517	1.36928	0.151421	0.00455829
84	3.13694	0.579722	2.23924	0.105889	0.177844	1.01971	0.151421	0.00455829
85	3.13694	0.579722	2.19594	0.109632	0.168492	1.09141	0.183366	0.00403555
86	3.85502	0.472966	2.19594	0.109632	0.168492	1.09141	0.183366	0.00403555
87	3.85502	0.472966	2.19594	0.109632	0.145639	1.33156	0.141173	0.00304411
88	3.84022	0.437182	2.19594	0.109632	0.149833	1.12397	0.140065	0.00272065
89	3.33127	0.470452	2.07223	0.0936135	0.111397	1.30093	0.140065	0.00272065
90	3.33127	0.470452	2.18654	0.0783844	0.111397	1.30093	0.140065	0.00272065
91	3.94771	0.566258	2.32662	0.083528	0.0856898	1.16467	0.140065	0.00272065
92	3.94771	0.566258	2.59761	0.075565	0.0852881	0.951132	0.155005	0.00208163
93	3.65891	0.588075	2.76296	0.0778465	0.0803699	0.820519	0.159337	0.00199993
94	3.98483	0.642953	2.55839	0.0759748	0.0587096	0.776717	0.186247	0.00140999
95	3.75216	0.577896	2.53558	0.0718542	0.062776	0.839208	0.186247	0.00140999
96	3.75216	0.577896	2.3973	0.0795596	0.0542218	0.656799	0.186247	0.00140999
97	3.89417	0.587251	2.3973	0.0795596	0.0542218	0.656799	0.19398	0.00126687
98	3.89417	0.587251	2.4242	0.0990856	0.0542218	0.656799	0.19398	0.00126687
99	3.89417	0.587251	2.4777	0.0881023	0.0552651	0.740667	0.19398	0.00126687
