No.	ID	loglik_NUll	loglik_RES	loglik_all	log_ratio	loglik_Max1	loglik_Max2	loglik_Max3
0	0	-2009.7088	-1996.7313	-1968.0151	12.977508	-2006.8853	-1963.5501	-1992.9583
1	1	-1562.1116	-1553.0679	-1493.8856	9.0436998	-1561.7903	-1489.1461	-1549.2999
2	2	-1391.3956	-1387.4041	-1324.33	3.9914689	-1390.98	-1319.552	-1383.1691
3	3	-1737.5905	-1716.7961	-1625.1488	20.794455	-1734.8548	-1620.4994	-1712.8599
4	4	-1947.7475	-1931.8336	-1846.8461	15.913893	-1947.1077	-1842.523	-1928.1119
5	5	-1631.6797	-1625.2394	-1531.9173	6.4402928	-1629.1333	-1527.2201	-1621.8673
6	6	-1612.9401	-1608.4281	-1552.2898	4.5119963	-1609.8297	-1547.981	-1604.3238
7	7	-1725.7128	-1710.9495	-1642.2831	14.763217	-1723.4348	-1638.2685	-1707.3476
8	8	-2460.8574	-2438.6888	-2375.7788	22.168567	-2458.4356	-2371.8469	-2435.4937
9	9	-2204.3001	-2194.557	-2139.5446	9.7430662	-2201.4769	-2135.351	-2191.202
10	10	-1832.3875	-1805.2352	-1722.8497	27.152325	-1829.7141	-1718.3679	-1801.5644
11	11	-1315.859	-1300.6706	-1237.4135	15.188334	-1312.4598	-1232.3767	-1296.4078
12	12	-1791.2377	-1775.3391	-1685.6132	15.898654	-1788.584	-1681.1167	-1771.5725
13	13	-1688.8369	-1683.4746	-1621.684	5.3623248	-1688.5728	-1617.0084	-1680.0685
14	14	-2051.5885	-2036.5134	-1953.2179	15.075124	-2048.5249	-1948.9616	-2033.0268
15	15	-2049.0007	-2036.7024	-1970.8572	12.298297	-2046.69	-1967.29	-2033.1443
16	16	-1470.6631	-1464.2893	-1432.8486	6.3738669	-1467.6621	-1428.2528	-1461.3366
17	17	-1860.844	-1842.1232	-1749.9447	18.720855	-1857.8119	-1745.4729	-1838.4355
18	18	-1965.9516	-1961.7053	-1922.4035	4.2462642	-1965.9009	-1918.2248	-1958.6935
19	19	-1404.7956	-1395.4761	-1325.5247	9.3194911	-1403.9032	-1320.5977	-1391.5677
20	20	-1775.2566	-1770.127	-1728.1705	5.1295135	-1772.2467	-1723.6894	-1766.8045
21	21	-1984.8991	-1972.7479	-1912.3588	12.151149	-1982.3472	-1908.0215	-1969.2118
22	22	-1936.03	-1929.2234	-1869.3428	6.8066321	-1935.3387	-1864.9236	-1925.5898
23	23	-1670.9394	-1658.607	-1588.6225	12.332473	-1668.7211	-1584.0501	-1654.8638
24	24	-1850.2556	-1843.6614	-1778.9718	6.5942088	-1847.8097	-1774.9222	-1840.4437
25	25	-2258.4045	-2250.0454	-2162.4388	8.3590269	-2257.7788	-2158.3632	-2247.0529
26	26	-2122.8339	-2112.3114	-2053.5897	10.52254	-2120.5618	-2049.4397	-2108.8306
27	27	-2786.1807	-2772.1373	-2753.5613	14.043398	-2783.7568	-2750.4331	-2768.9833
28	28	-1755.4214	-1743.8156	-1678.29	11.605806	-1752.7925	-1674.2393	-1740.0826
29	29	-1608.4094	-1601.6947	-1540.328	6.7146993	-1607.7181	-1535.615	-1597.8527
30	30	-2446.869	-2421.8026	-2328.1877	25.066429	-2444.9723	-2324.2858	-2418.7826
31	31	-1676.9984	-1662.3175	-1581.8534	14.680905	-1674.2764	-1577.2005	-1658.547
32	32	-1501.8081	-1498.9776	-1456.976	2.8304797	-1498.6697	-1452.3222	-1499.3212
33	33	-1413.2413	-1404.4273	-1330.5381	8.8140083	-1411.1086	-1325.9687	-1400.3352
34	34	-2433.9938	-2409.9656	-2333.217	24.02823	-2433.8631	-2329.2971	-2406.9184
35	35	-1462.1411	-1456.7559	-1395.7973	5.3852423	-1461.9767	-1391.0415	-1453.3892
36	36	-1435.7265	-1436.1932	-1390.9284	-0.4666909	-1432.8538	-1386.2188	-1433.2296
37	37	-1855.6615	-1847.236	-1796.3404	8.4255523	-1855.1965	-1791.9378	-1843.6167
38	38	-1979.7008	-1953.106	-1871.9228	26.594885	-1977.1174	-1867.6137	-1949.5665
39	39	-1638.0274	-1628.0983	-1555.1633	9.9291784	-1635.2919	-1550.8459	-1624.0897
40	40	-1888.6249	-1878.9752	-1808.8298	9.6497423	-1886.0189	-1804.4779	-1875.4244
41	41	-2033.4798	-2025.7987	-1933.3465	7.6810901	-2030.9285	-1929.063	-2022.2617
42	42	-1438.8377	-1436.0675	-1384.227	2.7701506	-1438.4889	-1379.3868	-1432.1555
43	43	-1803.7976	-1801.9779	-1768.4237	1.8197151	-1803.307	-1764.7202	-1797.937
44	44	-1826.4957	-1825.7037	-1810.7481	0.79203221	-1823.6912	-1806.8685	-1821.9435
45	45	-1920.9882	-1913.6163	-1866.5344	7.3719227	-1918.0594	-1862.147	-1910.6863
46	46	-1791.7347	-1778.1997	-1708.6091	13.534964	-1791.5783	-1704.1085	-1774.5738
47	47	-1566.7804	-1559.6895	-1473.7336	7.090857	-1563.7413	-1468.9377	-1555.6664
48	48	-2163.0051	-2156.5071	-2133.9579	6.4980155	-2160.2974	-2130.4533	-2153.7706
49	49	-1829.4486	-1830.2748	-1808.7508	-0.82623267	-1826.6578	-1804.5318	-1826.6967
50	50	-1585.0973	-1579.9032	-1523.21	5.1941365	-1581.8908	-1518.5936	-1576.265
51	51	-1945.5105	-1927.4415	-1837.5364	18.068922	-1942.5788	-1833.2035	-1923.784
52	52	-1743.5078	-1730.9134	-1652.4548	12.594415	-1741.3253	-1647.9457	-1727.1411
53	53	-2320.7267	-2302.0459	-2240.4892	18.680765	-2320.8927	-2236.4385	-2299.2301
54	54	-1713.5792	-1711.179	-1650.1192	2.4002181	-1711.4757	-1645.629	-1707.2323
55	55	-1500.4194	-1500.7985	-1459.0213	-0.3790373	-1500.039	-1454.4238	-1497.66
56	56	-1820.3903	-1806.6403	-1726.8102	13.750013	-1817.8148	-1722.2875	-1802.9464
57	57	-2016.4558	-2005.267	-1964.22	11.18878	-2016.0204	-1960.0589	-2001.9545
58	58	-1979.9859	-1967.4346	-1916.0904	12.551385	-1980.0574	-1911.7184	-1964.0035
59	59	-1975.1806	-1968.3354	-1928.6288	6.8452359	-1975.8122	-1924.4411	-1965.7262
60	60	-1663.2978	-1655.1145	-1571.3065	8.1833183	-1661.2837	-1566.721	-1651.2214
61	61	-1850.2333	-1845.7301	-1785.6651	4.5031916	-1847.7612	-1781.5733	-1842.6376
62	62	-1624.1224	-1619.2642	-1554.8343	4.8581555	-1623.1694	-1550.2176	-1615.734
63	63	-1552.9468	-1542.701	-1471.873	10.245799	-1550.7907	-1467.1088	-1538.6511
64	64	-1675.159	-1666.4327	-1549.0289	8.7263636	-1672.2365	-1544.277	-1662.3238
65	65	-1670.2253	-1665.4587	-1622.4054	4.7666145	-1667.7133	-1617.8002	-1662.0285
66	66	-1470.0143	-1464.4317	-1434.1599	5.5826539	-1467.0331	-1429.2371	-1461.2392
67	67	-1421.2673	-1420.2165	-1368.8422	1.0507987	-1418.7086	-1363.9594	-1416.2947
68	68	-1701.0037	-1692.7381	-1666.3768	8.2655367	-1698.1561	-1661.7212	-1689.4754
69	69	-1753.6434	-1750.0697	-1721.2955	3.5737085	-1750.8243	-1716.9042	-1746.7741
70	70	-1559.5745	-1545.5518	-1480.1591	14.022662	-1556.9188	-1475.4949	-1541.6554
71	71	-2051.4763	-2029.7673	-1965.0481	21.708968	-2049.1822	-1960.9554	-2026.2232
72	72	-1565.2275	-1557.759	-1474.0907	7.4684572	-1564.4625	-1469.3433	-1553.6466
73	73	-1986.593	-1971.6098	-1905.8094	14.983181	-1983.5945	-1901.5302	-1968.192
74	74	-2320.3972	-2282.3608	-2036.8234	38.036435	-2317.505	-2032.5164	-2278.701
75	75	-1536.8617	-1520.8557	-1440.0729	16.005961	-1533.7667	-1435.182	-1516.8473
76	76	-1448.7251	-1441.5385	-1408.5451	7.1865251	-1445.7299	-1403.5229	-1438.3986
77	77	-1898.2578	-1883.5823	-1848.3095	14.675514	-1898.0562	-1844.4825	-1879.9347
78	78	-1612.0428	-1608.7246	-1565.5503	3.3181898	-1608.9579	-1560.941	-1604.8351
79	79	-1950.5385	-1939.3343	-1899.0115	11.20417	-1947.716	-1894.7286	-1936.228
80	80	-1941.3136	-1918.892	-1814.0306	22.421549	-1938.6029	-1809.6459	-1915.1035
81	81	-2066.9899	-2063.1559	-2011.5219	3.8339631	-2066.5115	-2007.2318	-2059.8468
82	82	-1884.0008	-1872.71	-1811.9165	11.290783	-1881.0037	-1807.4888	-1869.113
83	83	-1624.7678	-1618.0029	-1565.9055	6.7649724	-1622.1946	-1561.4337	-1614.1844
84	84	-1727.8563	-1719.816	-1653.3161	8.0403781	-1727.3547	-1648.9381	-1716.0684
85	85	-1549.8557	-1533.9107	-1469.1757	15.944996	-1547.1027	-1464.4382	-1529.9717
86	86	-1667.6925	-1661.1925	-1605.6463	6.500033	-1666.9797	-1601.0177	-1657.3261
87	87	-2105.4309	-2101.8256	-2051.7717	3.60531	-2105.3039	-2047.5188	-2098.1735
88	88	-2054.1216	-2034.6952	-1962.4086	19.42641	-2053.9991	-1958.1514	-2031.3931
89	89	-2200.9956	-2181.6695	-2142.5151	19.326108	-2198.7112	-2138.3379	-2178.2097
90	90	-1444.1428	-1433.1796	-1358.0603	10.963119	-1441.3829	-1353.1658	-1428.8542
91	91	-1900.4316	-1896.1114	-1849.5121	4.3201293	-1899.9355	-1845.3067	-1892.6523
92	92	-1628.4591	-1623.133	-1558.6395	5.326116	-1625.9071	-1554.2233	-1619.9862
93	93	-1384.1324	-1377.2868	-1328.8181	6.8455137	-1380.8734	-1323.891	-1373.1355
94	94	-1484.9527	-1480.0457	-1421.6822	4.9070525	-1484.2279	-1416.9216	-1476.3754
95	95	-1812.2257	-1810.1485	-1752.985	2.0771805	-1809.7026	-1748.5287	-1806.296
96	96	-1670.5325	-1656.6799	-1628.972	13.852659	-1667.6713	-1624.3895	-1653.4126
97	97	-1569.1748	-1560.8967	-1491.4997	8.2780841	-1568.3286	-1486.7274	-1556.8571
98	98	-1831.5967	-1815.7244	-1742.9682	15.872252	-1828.8379	-1738.5612	-1812.0028
99	99	-1705.3089	-1691.8661	-1612.4636	13.442808	-1703.0687	-1607.8825	-1688.025
100	100	-2130.9484	-2112.1819	-2059.4419	18.766531	-2128.0239	-2055.2161	-2108.7179
101	101	-1618.2371	-1610.5268	-1577.9136	7.7102899	-1615.2082	-1573.1434	-1606.2381
102	102	-1487.557	-1476.5214	-1422.0827	11.03558	-1486.5132	-1417.4396	-1472.5832
103	103	-1824.7343	-1804.5677	-1705.8389	20.166536	-1822.4826	-1701.326	-1800.7589
104	104	-1173.8007	-1171.6918	-1097.6477	2.1089266	-1170.3231	-1092.3654	-1167.6582
105	105	-2228.0507	-2217.6818	-2171.8499	10.368884	-2225.2924	-2168.1374	-2214.5122
106	106	-1925.2275	-1916.8627	-1857.084	8.3647834	-1924.8477	-1852.884	-1913.4698
107	107	-1781.0115	-1775.1867	-1695.9497	5.8247758	-1777.8564	-1691.5098	-1772.379
108	108	-1733.6617	-1727.53	-1687.9347	6.1316981	-1733.3801	-1683.3616	-1724.3796
109	109	-1460.1377	-1451.6325	-1387.7671	8.5051701	-1457.2023	-1382.9472	-1447.7133
110	110	-2003.2961	-1989.2484	-1912.4802	14.047641	-2000.8286	-1908.2621	-1985.6657
111	111	-2232.8913	-2214.6795	-2101.5841	18.211767	-2233.3993	-2097.4959	-2211.6741
112	112	-1490.7277	-1485.0024	-1422.7118	5.7253513	-1488.6615	-1417.8285	-1480.9814
113	113	-1438.6105	-1432.9716	-1361.6109	5.6388965	-1435.8163	-1356.8772	-1429.7694
114	114	-1962.6017	-1935.5002	-1847.0072	27.101568	-1960.153	-1842.694	-1931.9705
115	115	-2187.4132	-2161.2453	-2043.4535	26.167901	-2184.4832	-2039.3052	-2157.7118
116	116	-2005.0992	-1998.992	-1986.1704	6.1071719	-2002.3897	-1982.3702	-1995.9108
117	117	-2387.2754	-2380.4593	-2353.2394	6.8161867	-2384.6609	-2349.3412	-2377.2953
118	118	-1728.3248	-1718.4873	-1649.1472	9.837507	-1726.0753	-1644.8399	-1714.7566
119	119	-1750.9343	-1726.8052	-1657.3599	24.1291	-1748.0318	-1652.7985	-1723.2088
120	120	-2096.5907	-2082.7971	-2039.9576	13.793611	-2093.7276	-2035.763	-2079.6125
121	121	-1457.4528	-1448.3186	-1360.1937	9.1342094	-1454.7118	-1355.3421	-1444.122
122	122	-1819.3083	-1813.575	-1766.7373	5.7333361	-1816.7725	-1762.4186	-1810.2109
123	123	-1604.4544	-1597.4067	-1564.3811	7.0477072	-1602.0069	-1559.7313	-1594.0565
124	124	-1622.1316	-1612.6674	-1537.3847	9.4642409	-1619.8762	-1532.7531	-1609.9631
125	125	-2014.045	-2000.8885	-1942.7341	13.156508	-2011.5345	-1938.7148	-1997.4107
126	126	-2384.3797	-2355.7082	-2246.2377	28.671476	-2381.9022	-2242.2773	-2352.3807
127	127	-2085.59	-2068.1501	-1991.7218	17.439951	-2085.0757	-1987.4938	-2064.733
128	128	-1599.1451	-1592.1094	-1505.0511	7.0357376	-1596.2822	-1500.3219	-1588.1171
129	129	-1906.5779	-1894.7545	-1796.6091	11.823428	-1903.3889	-1792.2398	-1891.016
130	130	-1918.0246	-1911.4382	-1846.6046	6.586355	-1917.6597	-1842.1877	-1908.0341
131	131	-1800.418	-1792.5239	-1732.8668	7.8941072	-1798.0994	-1728.4174	-1788.9529
132	132	-1273.3119	-1268.2573	-1191.5475	5.0546353	-1269.7316	-1186.3802	-1263.5119
133	133	-2220.6698	-2204.7161	-2155.247	15.953774	-2217.8652	-2151.0537	-2201.3623
134	134	-1787.8885	-1786.7678	-1748.1718	1.1206984	-1787.4859	-1743.7511	-1784.3345
135	135	-1706.4961	-1691.5128	-1618.8027	14.983279	-1704.5135	-1614.1745	-1688.6627
136	136	-1761.3322	-1748.7421	-1711.1765	12.590085	-1759.1239	-1706.6331	-1745.1743
137	137	-1541.4238	-1538.3056	-1489.5517	3.1181568	-1538.8221	-1484.8545	-1534.7061
138	138	-1729.9501	-1712.5452	-1638.7811	17.404975	-1727.1577	-1634.7255	-1708.773
139	139	-1931.721	-1919.7331	-1814.1424	11.987845	-1928.8116	-1809.7546	-1916.0607
140	140	-2296.1568	-2259.9344	-2192.3688	36.222402	-2295.6148	-2188.3241	-2257.1632
141	141	-1845.7913	-1843.4857	-1805.2346	2.3056608	-1845.7135	-1801.0307	-1842.2655
142	142	-1705.0654	-1697.4981	-1649.6292	7.5672609	-1701.9446	-1645.145	-1693.7439
143	143	-1588.2286	-1584.172	-1518.031	4.0566444	-1585.552	-1513.3424	-1579.8341
144	144	-1698.0895	-1691.1792	-1633.4507	6.9103042	-1697.0699	-1628.849	-1687.6006
145	145	-1575.6562	-1554.5203	-1476.2825	21.135907	-1572.1418	-1471.4649	-1550.6142
146	146	-1992.7702	-1985.2826	-1933.4153	7.4876185	-1990.2164	-1929.078	-1981.7697
147	147	-1885.4403	-1884.0504	-1858.6843	1.3899477	-1882.6639	-1854.5786	-1881.0432
148	148	-2016.8109	-2009.111	-1951.2666	7.6999159	-2016.1582	-1946.996	-2005.8215
149	149	-2042.138	-2024.1539	-1963.5307	17.984098	-2039.5509	-1959.3051	-2020.7155
150	150	-1662.2304	-1656.5461	-1590.9107	5.6842222	-1659.7153	-1586.5139	-1652.885
151	151	-1439.2883	-1437.5518	-1382.9683	1.7364695	-1438.3643	-1378.2862	-1432.4605
152	152	-2118.5772	-2101.2317	-2015.9118	17.345479	-2116.0468	-2011.7279	-2097.6935
153	153	-2191.9596	-2192.9354	-2186.4826	-0.97583418	-2189.2778	-2183.695	-2190.0499
154	154	-1684.3192	-1670.2544	-1618.5381	14.064745	-1682.2374	-1613.944	-1666.5803
155	155	-1854.257	-1833.2115	-1788.625	21.045481	-1851.2513	-1784.3748	-1829.7645
156	156	-1923.6465	-1907.0573	-1810.2444	16.58919	-1920.4644	-1805.9027	-1903.433
157	157	-1881.7233	-1872.584	-1796.061	9.1393613	-1879.0776	-1791.6866	-1868.8517
158	158	-1597.7207	-1581.517	-1486.5848	16.203728	-1595.3513	-1481.8168	-1577.5201
159	159	-1856.4979	-1839.8641	-1761.822	16.633736	-1853.9676	-1757.3893	-1836.1656
160	160	-1497.2677	-1492.7334	-1407.3941	4.534343	-1494.2902	-1402.4913	-1488.5962
161	161	-1860.9944	-1840.413	-1774.6656	20.58134	-1858.8419	-1770.454	-1836.7575
162	162	-1540.8749	-1534.542	-1480.2487	6.3328146	-1538.5346	-1476.1397	-1531.0631
163	163	-1378.5319	-1366.351	-1327.781	12.180894	-1375.5002	-1322.7627	-1362.1241
164	164	-1900.3228	-1892.1346	-1836.2628	8.1881763	-1897.8934	-1831.9236	-1888.4987
165	165	-1872.3298	-1866.241	-1834.6732	6.088844	-1869.9432	-1830.1524	-1863.4388
166	166	-1977.0673	-1952.0629	-1883.2988	25.004416	-1974.567	-1879.2152	-1948.5808
167	167	-2146.5061	-2132.8038	-2064.2665	13.702281	-2143.6608	-2060.1097	-2129.3944
168	168	-1747.2263	-1733.3514	-1660.7824	13.874899	-1745.443	-1656.2611	-1729.6167
169	169	-2297.7629	-2292.7714	-2258.1777	4.9914192	-2297.892	-2254.6256	-2292.2926
170	170	-1752.8725	-1746.4371	-1678.5502	6.4353222	-1752.0914	-1673.9773	-1743.178
171	171	-1728.3307	-1714.9203	-1638.167	13.410468	-1725.0891	-1633.6061	-1711.0768
172	172	-1911.2225	-1898.2708	-1832.765	12.951669	-1908.8542	-1828.4113	-1894.7559
173	173	-1337.1608	-1337.5995	-1287.5466	-0.43871175	-1333.7442	-1282.6729	-1333.2556
174	174	-1998.2091	-1984.6495	-1912.396	13.559617	-1995.5784	-1908.0421	-1981.1445
175	175	-2449.2929	-2431.828	-2364.8827	17.464952	-2446.5715	-2360.9332	-2428.7662
176	176	-2041.05	-2025.9931	-1968.2577	15.056837	-2038.7693	-1964.2704	-2022.5702
177	177	-1649.8096	-1632.1735	-1554.2809	17.636082	-1648.949	-1549.571	-1628.3586
178	178	-2112.9067	-2110.7009	-2084.8532	2.20579	-2111.5094	-2081.0713	-2107.9679
179	179	-1968.1695	-1956.6461	-1923.0441	11.523409	-1967.5263	-1918.8323	-1953.0275
180	180	-1508.19	-1502.8216	-1445.7522	5.3684179	-1507.5007	-1440.978	-1498.7818
181	181	-1958.6763	-1953.511	-1892.893	5.1653579	-1958.2302	-1888.6247	-1949.9508
182	182	-1574.6191	-1569.3302	-1503.386	5.2889535	-1571.3524	-1499.2958	-1565.4746
183	183	-2115.1618	-2089.7966	-1989.4181	25.365242	-2112.0505	-1985.2316	-2086.2221
184	184	-2594.1798	-2572.6779	-2491.6695	21.501944	-2593.916	-2488.0219	-2569.7628
185	185	-1717.9604	-1701.6485	-1613.8163	16.311846	-1714.9591	-1609.1487	-1697.7745
186	186	-2023.8458	-2006.164	-1900.6302	17.681763	-2021.8182	-1896.3187	-2002.602
187	187	-1833.2018	-1822.4517	-1746.6262	10.750083	-1830.1634	-1742.7452	-1819.1597
188	188	-1725.3763	-1710.9901	-1636.3624	14.386159	-1722.6774	-1631.7755	-1707.067
189	189	-1770.3205	-1765.8001	-1730.8939	4.5204017	-1767.5061	-1726.946	-1761.7856
190	190	-1939.3014	-1930.9846	-1873.1212	8.3167565	-1936.9792	-1868.7902	-1927.5847
191	191	-1839.0754	-1831.6126	-1782.1257	7.4628197	-1836.8127	-1777.6836	-1828.5795
192	192	-1744.6468	-1738.1008	-1688.8588	6.5459319	-1741.5928	-1684.6987	-1734.4614
193	193	-1789.439	-1787.6073	-1762.1596	1.8316828	-1786.6123	-1757.8095	-1783.8341
194	194	-1687.2859	-1682.8543	-1625.3222	4.4315233	-1687.4918	-1620.734	-1678.9389
195	195	-1754.5222	-1743.7097	-1694.7821	10.812436	-1751.5105	-1690.7421	-1740.4703
196	196	-2347.3116	-2327.4604	-2274.4983	19.851209	-2347.3135	-2270.5432	-2324.3415
197	197	-2003.9684	-2001.3926	-1960.0664	2.5757246	-2003.3723	-1955.7156	-1998.3182
198	198	-1692.2681	-1684.4317	-1628.8839	7.836478	-1690.2051	-1624.2888	-1680.6419
199	199	-1676.3798	-1665.1434	-1612.466	11.236471	-1673.6802	-1607.8002	-1661.327
200	200	-1822.9365	-1815.781	-1750.5979	7.155546	-1822.3857	-1746.1489	-1812.1409
201	201	-1729.6595	-1723.7772	-1660.7761	5.8823599	-1727.0503	-1656.2131	-1720.114
202	202	-1675.9436	-1674.2082	-1636.8977	1.7354107	-1675.2954	-1632.294	-1670.8037
203	203	-1459.9352	-1448.941	-1364.7619	10.994289	-1456.4534	-1359.8423	-1444.7281
204	204	-2005.4766	-1991.4622	-1930.9229	14.014396	-2005.1267	-1926.6492	-1988.3637
205	205	-1654.7856	-1652.0374	-1594.0931	2.7482354	-1652.0989	-1589.7841	-1647.9684
206	206	-1660.9516	-1650.6436	-1583.357	10.307987	-1658.559	-1578.7489	-1646.7711
207	207	-1955.1285	-1934.9355	-1811.6986	20.19304	-1954.2561	-1807.2482	-1931.225
208	208	-2172.2027	-2155.5043	-2089.5965	16.698378	-2169.3609	-2085.4933	-2152.1823
209	209	-2039.0518	-2027.9662	-1989.6143	11.085585	-2036.2108	-1985.353	-2024.5808
210	210	-1751.2575	-1742.9598	-1698.3212	8.2976808	-1750.6085	-1694.0106	-1739.3627
211	211	-2144.0336	-2120.9887	-2049.5337	23.044873	-2141.6694	-2045.4027	-2117.7235
212	212	-1960.6026	-1953.9634	-1906.4901	6.6392318	-1957.6089	-1902.223	-1950.8722
213	213	-1703.5299	-1694.4516	-1641.233	9.0782191	-1703.022	-1636.6789	-1690.6036
214	214	-1733.1039	-1722.785	-1657.1601	10.318871	-1730.8436	-1652.8289	-1719.4348
215	215	-2024.4875	-2023.2535	-1992.9991	1.2339829	-2025.2424	-1988.5576	-2020.561
216	216	-1956.3531	-1931.1491	-1848.3811	25.203959	-1953.7741	-1844.1011	-1927.5131
217	217	-1701.573	-1696.8253	-1638.7627	4.747711	-1701.2151	-1634.1831	-1692.9759
218	218	-1541.2026	-1527.3842	-1472.3008	13.818353	-1537.8145	-1467.5947	-1523.5007
219	219	-1624.8329	-1613.8135	-1532.0871	11.019394	-1622.5461	-1527.4227	-1609.8947
220	220	-2556.8336	-2535.4624	-2477.0005	21.371259	-2554.7601	-2473.0969	-2532.2176
221	221	-1901.4585	-1873.6798	-1764.0446	27.778715	-1899.0831	-1759.5328	-1870.0922
222	222	-1718.4608	-1712.955	-1668.666	5.5058842	-1719.2917	-1664.1275	-1710.3492
223	223	-2104.8706	-2094.7523	-2058.5904	10.11827	-2102.0907	-2054.5049	-2091.5925
224	224	-1544.9837	-1540.2544	-1477.0723	4.729314	-1541.7815	-1472.9027	-1536.7579
225	225	-1420.7062	-1415.5539	-1363.9006	5.1522684	-1418.0529	-1359.5481	-1411.7969
226	226	-1589.8488	-1571.3991	-1517.1595	18.449744	-1587.0527	-1512.8516	-1567.6435
227	227	-1898.7882	-1886.3973	-1811.6038	12.390949	-1896.3048	-1807.2662	-1882.7615
228	228	-1857.1782	-1847.5952	-1821.9561	9.5829851	-1854.3959	-1817.6463	-1844.4396
229	229	-1939.3519	-1940.9162	-1931.3151	-1.564284	-1936.6184	-1926.7615	-1936.6462
230	230	-1792.9963	-1787.7985	-1738.933	5.1977822	-1789.9907	-1734.4898	-1784.0975
231	231	-2354.9668	-2308.7265	-2248.4258	46.240262	-2352.1313	-2244.4565	-2305.5751
232	232	-2083.2914	-2076.7978	-2061.0566	6.493654	-2080.6035	-2057.1696	-2073.651
233	233	-1695.374	-1687.9813	-1618.4433	7.3926441	-1692.8158	-1613.8132	-1684.0957
234	234	-1761.043	-1738.3464	-1667.741	22.696558	-1758.579	-1663.1869	-1734.6297
235	235	-1612.7103	-1604.8789	-1551.8635	7.8314519	-1610.0525	-1547.7324	-1601.6796
236	236	-1381.1246	-1379.7893	-1368.6665	1.3353039	-1378.1013	-1364.2768	-1375.3582
237	237	-1813.3116	-1809.2013	-1781.6954	4.110285	-1811.0823	-1777.7769	-1806.1817
238	238	-1760.2353	-1747.887	-1694.576	12.348286	-1757.0472	-1689.9968	-1744.1238
239	239	-1452.7051	-1435.7596	-1357.4536	16.945458	-1449.691	-1352.4335	-1431.8118
240	240	-2054.6647	-2033.7573	-1985.8283	20.907404	-2052.3327	-1981.5141	-2030.2197
241	241	-2143.5943	-2109.6209	-2021.0423	33.97344	-2140.9486	-2016.8779	-2106.1358
242	242	-1957.2328	-1935.0882	-1828.612	22.144514	-1954.5179	-1824.2485	-1931.5844
243	243	-1366.1544	-1363.0912	-1286.9617	3.063234	-1363.0481	-1281.9179	-1359.6295
244	244	-2071.8568	-2057.4938	-1973.9077	14.363043	-2071.4673	-1969.6857	-2053.9977
245	245	-1564.1386	-1550.3189	-1491.7348	13.819651	-1561.4812	-1486.9372	-1546.5199
246	246	-1885.1529	-1877.6831	-1817.5226	7.4697915	-1882.8064	-1813.3685	-1874.2131
247	247	-1757.0638	-1740.6219	-1676.5907	16.441928	-1754.9589	-1672.0461	-1736.8397
248	248	-1951.7678	-1937.4803	-1829.9709	14.287507	-1949.0694	-1825.5958	-1933.7199
249	249	-1648.0618	-1644.6322	-1587.2535	3.42966	-1645.4992	-1582.6567	-1640.3375
250	250	-2204.5505	-2183.3495	-2111.3188	21.200997	-2202.2545	-2107.1521	-2179.9401
251	251	-1416.8629	-1417.5513	-1350.1115	-0.68840972	-1414.8214	-1345.815	-1413.4191
252	252	-1987.2395	-1981.1841	-1928.5008	6.055413	-1985.1581	-1924.2973	-1977.7985
253	253	-2554.8376	-2532.4248	-2485.1159	22.412835	-2555.2885	-2481.1184	-2530.0181
254	254	-1962.2373	-1959.9419	-1945.0524	2.295358	-1959.4925	-1940.921	-1958.577
255	255	-2160.1277	-2123.5453	-2004.8842	36.582373	-2158.1273	-2000.6733	-2120.0449
256	256	-1797.0621	-1790.9053	-1738.0931	6.1568531	-1795.1374	-1733.66	-1787.3922
257	257	-2043.9973	-2027.6614	-1945.0241	16.335852	-2042.1829	-1940.7539	-2024.1333
258	258	-2046.5082	-2023.9883	-1905.5727	22.519947	-2043.5514	-1901.5324	-2020.4267
259	259	-1400.8488	-1397.3771	-1326.8847	3.4717046	-1399.9764	-1322.108	-1394.1153
260	260	-1873.4526	-1864.9282	-1803.879	8.5243745	-1873.5579	-1799.787	-1861.6071
261	261	-1595.3718	-1591.1236	-1554.3402	4.2482421	-1592.7492	-1549.6654	-1590.7373
262	262	-1712.7068	-1689.5531	-1668.9698	23.153656	-1709.8415	-1664.8411	-1686.3289
263	263	-1751.3777	-1729.5796	-1615.0896	21.798088	-1748.4596	-1610.4105	-1725.6117
264	264	-2079.1428	-2077.7643	-2046.2381	1.3785131	-2079.6025	-2042.1836	-2074.6637
265	265	-2143.1026	-2124.8686	-2092.2831	18.234005	-2140.4058	-2088.5553	-2121.2343
266	266	-1798.6069	-1780.9624	-1743.0007	17.644465	-1795.7531	-1739.0558	-1777.2686
267	267	-1942.9886	-1934.836	-1903.4787	8.1526285	-1940.1096	-1899.2292	-1931.0853
268	268	-1471.7751	-1470.2683	-1399.3447	1.5067315	-1469.02	-1394.4739	-1466.6969
269	269	-1504.033	-1502.5256	-1453.7199	1.5073471	-1503.4226	-1448.9838	-1499.0211
270	270	-1863.307	-1852.2837	-1791.0743	11.023343	-1860.7603	-1786.7018	-1848.6839
271	271	-2038.2143	-2034.5608	-1994.3428	3.6534799	-2035.398	-1990.606	-2031.1297
272	272	-2065.5459	-2046.5672	-1952.1856	18.978671	-2063.0125	-1948.1274	-2042.9814
273	273	-1498.5397	-1478.148	-1378.2266	20.391706	-1495.8313	-1373.1808	-1473.9776
274	274	-2356.4863	-2337.5233	-2223.1665	18.962974	-2354.1761	-2219.1588	-2334.1116
275	275	-1429.142	-1418.3079	-1388.8102	10.834081	-1423.6211	-1384.021	-1414.2914
276	276	-1820.2741	-1807.6557	-1727.2535	12.618373	-1817.9453	-1722.734	-1803.9281
277	277	-1494.0028	-1484.39	-1423.0293	9.6127849	-1493.073	-1418.1754	-1480.4665
278	278	-1816.3515	-1805.7868	-1736.3666	10.564737	-1813.1975	-1731.8826	-1802.0774
279	279	-1758.2819	-1747.1218	-1699.9229	11.160023	-1755.94	-1695.5905	-1743.5856
280	280	-1715.4311	-1707.9694	-1637.7922	7.4617308	-1712.9695	-1633.1695	-1704.2758
281	281	-2322.8613	-2299.8836	-2287.1996	22.977725	-2323.6698	-2283.005	-2296.901
282	282	-2213.5417	-2206.1227	-2164.4984	7.4189439	-2213.3118	-2160.3803	-2203.2029
283	283	-1936.3659	-1920.7242	-1865.6437	15.641683	-1934.1454	-1861.4815	-1917.1332
284	284	-1781.8569	-1775.1789	-1716.5048	6.6779354	-1779.6709	-1712.031	-1771.7375
285	285	-2036.7124	-2029.3949	-1990.3472	7.3174462	-2033.8158	-1986.1825	-2027.0394
286	286	-2043.0685	-2036.1021	-1996.4104	6.9664132	-2042.7973	-1992.1039	-2033.3045
287	287	-1671.0218	-1663.4963	-1604.9401	7.5255216	-1669.1797	-1600.2143	-1659.6204
288	288	-1885.8537	-1866.5394	-1785.8124	19.314281	-1883.7467	-1781.4244	-1862.8262
289	289	-1699.5758	-1692.6963	-1643.0553	6.8795026	-1697.6739	-1638.4907	-1688.9477
290	290	-1755.2572	-1743.813	-1682.148	11.444173	-1752.1545	-1678.0315	-1740.258
291	291	-1875.7753	-1872.4492	-1830.4977	3.3261171	-1873.296	-1826.5633	-1869.4906
292	292	-1790.4122	-1779.2974	-1698.6877	11.114796	-1787.2254	-1694.1688	-1775.5587
293	293	-1663.3877	-1655.7455	-1617.1268	7.64217	-1660.7761	-1612.6678	-1652.9698
294	294	-1834.5592	-1827.1872	-1782.3425	7.3719365	-1831.5684	-1777.8656	-1823.2933
295	295	-2360.5474	-2339.6595	-2231.0189	20.887894	-2357.607	-2226.9877	-2336.279
296	296	-2080.1731	-2037.4583	-1911.1173	42.714785	-2077.7834	-1906.792	-2033.8664
297	297	-1613.8985	-1611.4727	-1560.6172	2.4258304	-1613.1459	-1556.256	-1607.2387
298	298	-1950.2192	-1935.9641	-1884.0255	14.255023	-1948.2731	-1879.6663	-1932.5106
299	299	-1953.7303	-1943.6954	-1886.0474	10.034887	-1951.1694	-1882.7409	-1940.4769
300	300	-1810.8708	-1803.8513	-1742.0967	7.0195976	-1808.2985	-1737.5499	-1799.9807
301	301	-2248.1115	-2216.6533	-2112.8901	31.458195	-2245.9254	-2108.7953	-2213.3087
302	302	-1968.7996	-1951.4277	-1855.237	17.371834	-1966.2479	-1850.9197	-1947.8919
303	303	-1975.5876	-1975.8163	-1930.8335	-0.22876986	-1975.0129	-1926.8162	-1972.4645
304	304	-1968.854	-1964.7952	-1927.652	4.0587258	-1966.5708	-1923.2912	-1960.7265
305	305	-1669.1368	-1664.5744	-1606.4261	4.562314	-1668.2281	-1602.1452	-1660.5368
306	306	-2218.6176	-2208.4986	-2141.268	10.11899	-2216.3373	-2137.1749	-2205.1417
307	307	-1775.5385	-1767.3137	-1722.68	8.2248338	-1775.3496	-1718.1908	-1764.5433
308	308	-1550.0135	-1537.5688	-1447.1188	12.444732	-1546.9702	-1442.3048	-1533.6395
309	309	-1963.5205	-1961.4437	-1919.7852	2.0768203	-1962.9584	-1916.048	-1957.9403
310	310	-1955.681	-1951.7804	-1918.7125	3.9006392	-1955.1508	-1914.3544	-1948.1516
311	311	-2347.08	-2327.7945	-2245.2324	19.285574	-2344.8079	-2241.6018	-2325.0093
312	312	-1481.7673	-1471.4787	-1431.3866	10.28858	-1478.7719	-1426.6854	-1467.312
313	313	-1752.1365	-1739.1444	-1643.6292	12.992152	-1749.3995	-1639.0832	-1735.3562
314	314	-1873.614	-1840.159	-1757.4097	33.455063	-1871.3463	-1752.9683	-1836.5498
315	315	-1698.8499	-1691.2567	-1618.4509	7.5931712	-1696.6273	-1613.8762	-1687.4549
316	316	-2074.9146	-2065.7923	-2031.4723	9.1223039	-2072.608	-2027.6449	-2062.5102
317	317	-2000.182	-1984.5539	-1923.6648	15.628052	-1997.6936	-1919.4141	-1981.0662
318	318	-1659.794	-1648.7204	-1569.5744	11.073592	-1657.6919	-1564.9337	-1644.817
319	319	-2467.417	-2455.2009	-2398.492	12.216121	-2468.4719	-2394.4997	-2452.6148
320	320	-1554.1566	-1544.793	-1466.207	9.3636439	-1551.1139	-1461.3897	-1540.9405
321	321	-1692.4296	-1675.4135	-1594.9645	17.016098	-1689.9986	-1590.3391	-1671.6459
322	322	-1942.4195	-1931.1895	-1858.7196	11.229979	-1939.3718	-1854.4477	-1927.699
323	323	-1670.6197	-1660.3324	-1588.9054	10.287292	-1668.4528	-1584.2854	-1656.5544
324	324	-2434.5683	-2421.4684	-2378.6453	13.09983	-2435.7733	-2374.5658	-2418.2811
325	325	-1361.5762	-1353.656	-1297.6051	7.9201872	-1360.5393	-1293.0871	-1349.6927
326	326	-1404.3931	-1399.1595	-1343.5457	5.2336621	-1401.608	-1338.7131	-1395.3336
327	327	-1564.7554	-1558.259	-1495.7771	6.4963979	-1564.2489	-1491.0964	-1554.6157
328	328	-1970.8373	-1946.6968	-1884.3858	24.140535	-1968.9934	-1880.097	-1943.1519
329	329	-2334.4054	-2318.9758	-2267.8002	15.429616	-2331.6653	-2263.736	-2315.7995
330	330	-1880.2257	-1865.8134	-1809.2333	14.412298	-1877.8595	-1804.8551	-1862.4433
331	331	-2082.9945	-2067.4802	-1982.9879	15.514214	-2080.6956	-1978.7779	-2063.99
332	332	-1949.8368	-1936.1099	-1923.0564	13.726891	-1947.0824	-1918.8737	-1932.912
333	333	-2190.6468	-2169.2732	-2086.193	21.373632	-2187.7005	-2082.058	-2166.5512
334	334	-1992.3858	-1983.8983	-1913.3121	8.4875213	-1990.0139	-1909.2323	-1980.526
335	335	-2137.7009	-2130.8764	-2082.4701	6.8245018	-2134.7741	-2078.2938	-2128.275
336	336	-1904.1225	-1885.027	-1788.3697	19.095558	-1902.2557	-1784.3605	-1881.3289
337	337	-2025.6252	-2013.8981	-1949.0629	11.727068	-2023.2962	-1944.833	-2010.4218
338	338	-1938.9195	-1912.3357	-1808.0191	26.583818	-1936.0044	-1803.5623	-1908.6541
339	339	-1536.6331	-1537.6102	-1486.2894	-0.97705618	-1534.3108	-1481.5358	-1533.6278
340	340	-2221.6138	-2204.1333	-2161.6751	17.480589	-2218.8074	-2158.3841	-2201.1918
341	341	-2001.5184	-1992.3449	-1937.9262	9.1734471	-1998.5184	-1933.8488	-1988.7213
342	342	-2288.6451	-2248.3358	-2120.8052	40.309317	-2286.4549	-2116.6802	-2244.9229
343	343	-1691.1436	-1680.3103	-1571.8397	10.833259	-1687.6991	-1567.1507	-1676.2951
344	344	-1868.6354	-1858.2742	-1831.7839	10.361217	-1865.8577	-1828.084	-1855.5332
345	345	-1616.7622	-1611.2125	-1585.8007	5.5497227	-1613.8778	-1581.425	-1607.4365
346	346	-1530.235	-1519.1745	-1447.3268	11.060543	-1526.9041	-1442.5297	-1515.1606
347	347	-1667.7003	-1651.7854	-1562.8218	15.91489	-1664.7366	-1558.1281	-1647.9281
348	348	-1914.2876	-1906.0918	-1857.0529	8.1957204	-1913.8689	-1852.7758	-1902.6529
349	349	-1640.4966	-1633.4478	-1587.3918	7.0488042	-1639.7331	-1582.728	-1629.7516
350	350	-1963.5772	-1944.7686	-1862.1815	18.808662	-1961.1783	-1858.1295	-1941.2226
351	351	-1961.2004	-1947.5209	-1885.2044	13.679563	-1958.6803	-1880.9155	-1943.9637
352	352	-2259.4559	-2238.332	-2154.0252	21.123912	-2256.5137	-2149.9473	-2235.0143
353	353	-1880.8486	-1878.6476	-1832.0032	2.2010722	-1878.0145	-1827.5501	-1875.8071
354	354	-1510.5447	-1503.173	-1453.9622	7.371637	-1507.2966	-1449.2109	-1499.2903
355	355	-1532.3249	-1523.8517	-1450.2475	8.4732058	-1532.7343	-1445.9946	-1519.9485
356	356	-1860.8166	-1849.4895	-1753.1492	11.32706	-1858.9165	-1748.6851	-1845.8486
357	357	-1764.51	-1753.3838	-1675.8184	11.126191	-1761.9233	-1671.3407	-1749.5864
358	358	-1799.413	-1792.5172	-1703.2551	6.8957879	-1796.7874	-1698.7512	-1788.903
359	359	-2033.0939	-2002.4668	-1903.3895	30.62713	-2030.6025	-1899.0899	-1998.9098
360	360	-1726.7407	-1708.8761	-1654.8203	17.864647	-1724.5324	-1650.2778	-1705.1449
361	361	-1740.9728	-1738.6251	-1689.2168	2.3476693	-1738.7753	-1684.6863	-1735.9269
362	362	-1827.5734	-1814.953	-1749.3428	12.620448	-1825.3333	-1744.8808	-1811.3304
363	363	-2012.6898	-1985.2663	-1912.816	27.423431	-2010.1571	-1908.5643	-1981.9317
364	364	-2320.2619	-2304.4944	-2238.6218	15.767564	-2318.1074	-2234.5759	-2301.3007
365	365	-1838.0771	-1834.6035	-1776.3227	3.4735478	-1837.3408	-1771.9114	-1831.196
366	366	-1857.0838	-1846.7801	-1802.2404	10.303699	-1854.5442	-1797.8429	-1843.2439
367	367	-2248.0135	-2246.9094	-2210	1.1040964	-2248.1092	-2206.2793	-2243.797
368	368	-2150.6318	-2116.0123	-1963.0796	34.619448	-2148.5488	-1958.7985	-2112.8979
369	369	-1639.3399	-1632.3635	-1575.8473	6.9763351	-1637.1139	-1571.1655	-1628.8596
370	370	-1630.9705	-1626.5317	-1585.8827	4.4388811	-1627.8493	-1581.8074	-1623.1054
371	371	-1937.981	-1925.4305	-1889.8734	12.550487	-1937.5358	-1886.0561	-1922.4108
372	372	-1653.1859	-1646.4533	-1578.6202	6.7326352	-1650.9216	-1574.0308	-1642.6085
373	373	-1336.2266	-1323.2155	-1266.2438	13.011019	-1330.8974	-1261.1817	-1319.646
374	374	-1871.605	-1867.4596	-1816.425	4.1453375	-1870.9904	-1812.4806	-1864.0172
375	375	-1543.1662	-1530.8155	-1451.1261	12.350729	-1540.1912	-1446.423	-1527.3557
376	376	-1596.7936	-1575.6898	-1489.5276	21.103803	-1593.9185	-1484.7141	-1571.7044
377	377	-2048.2125	-2038.917	-1979.1305	9.2955457	-2045.7357	-1975.49	-2035.7247
378	378	-1861.3234	-1830.8529	-1722.8216	30.470546	-1860.3478	-1718.2954	-1827.0155
379	379	-1989.1164	-1985.7206	-1935.4886	3.3958577	-1988.5415	-1931.3523	-1982.2607
380	380	-1718.3705	-1713.606	-1662.7327	4.7644345	-1718.0237	-1658.1439	-1710.2589
381	381	-1862.6549	-1856.5606	-1811.0348	6.0942184	-1859.642	-1806.634	-1852.8691
382	382	-1608.3866	-1593.6905	-1545.1083	14.696151	-1605.8092	-1541.0975	-1590.0926
383	383	-2131.4497	-2123.7292	-2057.8822	7.7205206	-2130.7625	-2054.3645	-2120.4398
384	384	-1964.9634	-1948.543	-1870.9437	16.420367	-1961.7892	-1866.6662	-1944.895
385	385	-2118.5161	-2106.7869	-2047.3522	11.72921	-2115.6358	-2043.5179	-2103.322
386	386	-1733.0741	-1718.2174	-1628.045	14.856767	-1731.099	-1623.4453	-1714.6298
387	387	-1812.5605	-1804.8856	-1749.5191	7.6748401	-1810.7253	-1745.0625	-1801.0209
388	388	-1633.5622	-1632.475	-1577.5089	1.0872156	-1633.2696	-1572.8804	-1628.7929
389	389	-1909.3105	-1900.4652	-1854.0231	8.8453225	-1906.7762	-1849.6455	-1897.0344
390	390	-2089.0251	-2077.5665	-1998.4769	11.458616	-2086.6766	-1994.3052	-2074.0596
391	391	-1873.7717	-1858.8725	-1800.3986	14.899256	-1871.4408	-1795.9802	-1855.4005
392	392	-1652.538	-1648.3063	-1612.3728	4.2317215	-1652.2559	-1608.1348	-1644.8012
393	393	-1570.1729	-1559.519	-1516.7446	10.653868	-1567.0528	-1511.979	-1555.5422
394	394	-1597.0591	-1583.1859	-1547.7516	13.873228	-1596.2824	-1543.0545	-1579.3057
395	395	-2352.3545	-2327.8011	-2276.5018	24.553388	-2350.5848	-2272.5123	-2324.6086
396	396	-1896.2361	-1892.0483	-1859.5196	4.1877957	-1895.6287	-1855.0731	-1889.0005
397	397	-1921.7277	-1906.4597	-1821.1558	15.268032	-1918.625	-1816.6985	-1902.773
398	398	-2466.1788	-2423.149	-2299.4452	43.0298	-2463.853	-2295.5104	-2419.9349
399	399	-1711.6584	-1697.3729	-1650.8051	14.285455	-1708.6378	-1646.4066	-1694.1817
400	400	-1433.4831	-1432.3181	-1359.4162	1.1649714	-1430.6745	-1354.6571	-1429.0893
401	401	-1682.6851	-1673.1158	-1628.5542	9.5693454	-1679.5599	-1623.8964	-1669.3283
402	402	-1956.8604	-1945.4819	-1906.5204	11.378533	-1954.6382	-1902.184	-1942.4918
403	403	-1933.8972	-1928.5143	-1887.2878	5.3828139	-1934.1274	-1883.4298	-1925.0475
404	404	-2066.1549	-2038.8224	-1956.0542	27.33253	-2065.5794	-1951.8233	-2035.2657
405	405	-1557.3803	-1548.6272	-1481.8586	8.7530391	-1554.5091	-1477.0944	-1544.6758
406	406	-1612.1514	-1605.641	-1537.5414	6.5103971	-1611.5903	-1533.0756	-1602.0071
407	407	-1668.1266	-1647.7178	-1535.225	20.408825	-1665.2745	-1530.4012	-1643.7122
408	408	-1611.0112	-1608.9406	-1554.9147	2.0706707	-1609.1	-1550.2851	-1605.9448
409	409	-1692.6781	-1678.3107	-1639.0848	14.367411	-1692.0818	-1634.6432	-1674.5562
410	410	-2191.9173	-2181.7944	-2134.7021	10.122898	-2189.0858	-2131.0069	-2178.4012
411	411	-1327.1918	-1317.212	-1233.3433	9.9798458	-1323.7103	-1228.2557	-1313.2415
412	412	-1860.0496	-1844.6412	-1780.6455	15.408422	-1857.8048	-1776.1834	-1841.0728
413	413	-1711.9368	-1700.7387	-1616.7202	11.198071	-1709.273	-1612.1145	-1696.7752
414	414	-1933.1217	-1919.8981	-1857.6799	13.223515	-1932.8138	-1853.4848	-1916.9609
415	415	-1965.0483	-1947.8319	-1872.4775	17.216465	-1962.0326	-1868.3953	-1944.4784
416	416	-2241.9325	-2230.1459	-2177.2996	11.786635	-2241.8716	-2173.1197	-2226.7258
417	417	-1847.3923	-1840.8855	-1784.8026	6.506778	-1844.4428	-1780.3562	-1836.8953
418	418	-2005.0475	-1989.2711	-1897.7321	15.776405	-2002.1122	-1893.6294	-1986.1917
419	419	-1652.7771	-1646.344	-1592.868	6.4330209	-1650.1997	-1588.4408	-1642.5423
420	420	-1937.9971	-1930.9523	-1847.0139	7.0448883	-1935.3686	-1843.0141	-1927.3832
421	421	-1836.216	-1824.8791	-1784.4313	11.336933	-1833.1769	-1780.2287	-1821.379
422	422	-1761.3403	-1758.209	-1721.3816	3.1313127	-1760.8282	-1717.5056	-1755.0172
423	423	-1642.2062	-1633.0335	-1571.4403	9.1726921	-1641.2712	-1566.8224	-1629.2712
424	424	-1820.9471	-1800.6092	-1697.4793	20.337899	-1817.86	-1692.9557	-1796.8271
425	425	-1446.8126	-1426.769	-1417.677	20.043545	-1443.8027	-1412.9154	-1423.0039
426	426	-1700.3402	-1694.1036	-1628.7998	6.2365788	-1697.2679	-1624.2615	-1690.2993
427	427	-1448.0616	-1441.9621	-1389.9758	6.0995436	-1445.2174	-1385.1837	-1438.483
428	428	-2134.9856	-2118.9116	-2053.1451	16.073962	-2134.4765	-2048.9227	-2115.4507
429	429	-1841.2842	-1832.9112	-1787.2392	8.3729083	-1838.693	-1782.8387	-1829.1884
430	430	-1796.8189	-1788.7025	-1736.5951	8.1164302	-1794.5837	-1732.1044	-1784.9881
431	431	-1664.381	-1653.0482	-1600.9318	11.332794	-1663.878	-1596.3789	-1649.229
432	432	-1875.499	-1864.6973	-1808.4177	10.801721	-1873.1491	-1804.3048	-1861.0657
433	433	-1625.0721	-1609.3427	-1516.3961	15.729341	-1622.2219	-1511.6388	-1605.3184
434	434	-1960.9931	-1928.9958	-1879.1019	31.9973	-1958.4638	-1875.2791	-1925.471
435	435	-2021.6776	-2010.2238	-1973.7852	11.453782	-2021.4644	-1969.8349	-2007.2129
436	436	-1707.9199	-1700.2028	-1631.3579	7.7171091	-1705.3666	-1626.762	-1696.5407
437	437	-2121.0852	-2107.5558	-2047.985	13.529338	-2118.1579	-2044.1701	-2104.169
438	438	-1255.7156	-1248.6745	-1164.9449	7.0411386	-1253.0381	-1159.7228	-1244.9199
439	439	-1432.6237	-1415.5888	-1340.9883	17.034854	-1429.6784	-1335.9747	-1411.436
440	440	-1807.2793	-1799.7221	-1731.5627	7.5572255	-1804.1633	-1727.1511	-1796.0001
441	441	-1527.6322	-1518.4099	-1435.0575	9.2223109	-1524.672	-1430.2756	-1515.19
442	442	-1770.0918	-1762.2023	-1719.9069	7.8894769	-1767.4979	-1715.4667	-1758.6595
443	443	-2418.4828	-2406.7995	-2348.3722	11.683283	-2418.4638	-2344.6808	-2403.5382
444	444	-1813.4661	-1812.5163	-1797.4826	0.94978998	-1810.6859	-1792.9465	-1810.0779
445	445	-2530.9451	-2496.7605	-2393.1359	34.184624	-2528.0735	-2389.2547	-2493.5873
446	446	-1747.8837	-1738.7988	-1711.7611	9.084892	-1747.1645	-1707.3508	-1735.2977
447	447	-2066.8565	-2062.9382	-2006.9851	3.9183432	-2066.8142	-2003.0005	-2059.4059
448	448	-1836.8265	-1807.8438	-1713.4791	28.982723	-1834.0066	-1708.9469	-1804.1579
449	449	-1762.0629	-1750.4295	-1667.1957	11.633358	-1759.6507	-1662.6411	-1746.5462
450	450	-2290.3697	-2276.7388	-2211.9585	13.630898	-2287.5107	-2207.9288	-2273.4008
451	451	-1832.8583	-1822.3302	-1800.9783	10.528135	-1830.0295	-1796.5556	-1818.5565
452	452	-1936.1747	-1932.6338	-1915.1826	3.5409032	-1933.4449	-1911.3263	-1929.0598
453	453	-1843.058	-1832.048	-1763.2128	11.009973	-1840.7715	-1758.6755	-1828.7162
454	454	-1840.8206	-1830.338	-1795.7607	10.482598	-1838.0158	-1791.8925	-1827.0703
455	455	-2110.0587	-2101.6412	-2084.073	8.4175153	-2107.4054	-2080.6573	-2098.6072
456	456	-1984.6441	-1978.9618	-1965.4844	5.6822945	-1981.9197	-1961.4817	-1976.6606
457	457	-2223.4991	-2201.7011	-2123.4492	21.798048	-2221.1809	-2119.5129	-2198.2821
458	458	-2430.6718	-2395.51	-2302.0648	35.161767	-2428.1316	-2298.1158	-2392.2816
459	459	-2142.7429	-2130.5299	-2080.4172	12.213006	-2140.5818	-2076.7147	-2128.0115
460	460	-1840.5132	-1835.3309	-1777.5444	5.1823318	-1838.0259	-1773.1696	-1831.7329
461	461	-1913.252	-1904.4807	-1833.1408	8.7713298	-1912.6729	-1828.8008	-1900.8147
462	462	-1626.315	-1610.132	-1512.9635	16.182957	-1623.2875	-1508.2021	-1606.1027
463	463	-2130.2871	-2121.607	-2066.9073	8.6800977	-2129.68	-2062.7009	-2118.2594
464	464	-1930.5913	-1913.0342	-1845.583	17.557162	-1928.1184	-1841.257	-1909.4084
465	465	-1729.7275	-1726.1868	-1675.4176	3.5406643	-1729.1394	-1670.9695	-1722.8702
466	466	-1806.863	-1791.1974	-1732.7197	15.665578	-1803.8411	-1728.2415	-1787.5617
467	467	-1664.6973	-1656.2425	-1582.3049	8.4548176	-1661.3102	-1577.6013	-1652.236
468	468	-1626.2987	-1620.9434	-1575.5689	5.355292	-1623.1228	-1570.9439	-1616.5657
469	469	-1402.7874	-1390.5995	-1317.5427	12.187916	-1400.0454	-1312.558	-1386.4363
470	470	-1822.8192	-1814.3228	-1765.2534	8.4963926	-1820.4433	-1760.9794	-1810.6442
471	471	-1789.6358	-1787.6647	-1748.5422	1.9710756	-1789.8616	-1744.2657	-1784.8082
472	472	-2214.51	-2179.6335	-2100.9714	34.876569	-2211.7321	-2096.8216	-2176.526
473	473	-2234.6531	-2213.7669	-2094.5984	20.886149	-2233.9016	-2090.4204	-2210.2986
474	474	-1506.9392	-1501.1147	-1421.5306	5.824448	-1503.9045	-1416.6194	-1496.9182
475	475	-1756.0454	-1745.4088	-1672.5267	10.636588	-1753.5455	-1668.0552	-1741.7193
476	476	-1493.2914	-1477.8456	-1394.5884	15.445753	-1489.8559	-1389.7031	-1473.6574
477	477	-1693.1184	-1677.2157	-1617.3446	15.902715	-1691.1523	-1613.2466	-1673.4648
478	478	-1910.2817	-1906.5243	-1847.3788	3.7574867	-1907.3547	-1843.314	-1903.159
479	479	-1227.1158	-1228.5174	-1234.547	-1.4016087	-1224.0048	-1229.9569	-1226.0026
480	480	-1972.2935	-1961.0355	-1888.9195	11.258029	-1969.7964	-1884.6758	-1957.5321
481	481	-2108.6027	-2090.893	-2031.5678	17.709704	-2108.7748	-2027.3049	-2087.9197
482	482	-2106.1906	-2096.9527	-2053.8247	9.2379009	-2105.6149	-2049.4757	-2094.3824
483	483	-2055.0982	-2037.9638	-1948.6395	17.134425	-2052.6766	-1944.4582	-2034.6806
484	484	-2336.3825	-2318.6449	-2265.8643	17.737604	-2334.1976	-2261.9805	-2315.6108
485	485	-1626.7024	-1622.2138	-1568.9574	4.4885113	-1626.3427	-1564.3467	-1618.6104
486	486	-1357.5305	-1350.9615	-1278.597	6.5690861	-1354.7794	-1273.5425	-1347.0121
487	487	-1240.4302	-1229.9608	-1136.047	10.469409	-1237.3313	-1130.6329	-1225.3255
488	488	-2010.7073	-2006.7048	-1963.7886	4.0025573	-2011.2191	-1959.508	-2004.0303
489	489	-2574.4134	-2570.1791	-2558.3787	4.2342847	-2571.9347	-2554.3989	-2567.7847
490	490	-1850.7696	-1845.8189	-1801.9838	4.9507337	-1850.0878	-1797.4977	-1842.3758
491	491	-1432.8656	-1426.0087	-1390.5051	6.8568925	-1429.8539	-1386.0757	-1423.2108
492	492	-2098.9146	-2066.6313	-1960.8936	32.2833	-2096.3788	-1956.6489	-2063.1346
493	493	-2397.9241	-2374.9634	-2308.9048	22.960689	-2397.8858	-2304.9292	-2372.2167
494	494	-1618.6659	-1609.145	-1523.7249	9.5209418	-1616.4273	-1518.9763	-1605.0295
495	495	-1846.0654	-1833.2696	-1732.474	12.795818	-1845.2634	-1727.9734	-1829.473
496	496	-1844.3338	-1836.106	-1795.7421	8.2277908	-1841.8737	-1791.2799	-1832.5597
497	497	-2122.5792	-2100.9517	-2018.7091	21.627525	-2120.2466	-2014.4762	-2097.4308
498	498	-1690.7794	-1672.7404	-1602.5464	18.038964	-1687.5002	-1598.4328	-1669.1616
499	499	-1472.4009	-1466.4177	-1433.3104	5.9832558	-1469.4289	-1428.5383	-1462.9128
