No.	ID	loglik_NUll	loglik_RES	loglik_all	log_ratio	loglik_Max1	loglik_Max2	loglik_Max3
0	0	-1242.3589	-1243.7935	-1140.9384	-1.4346185	-1239.2455	-1136.851	-1241.2431
1	1	-1314.3716	-1315.7233	-1304.8709	-1.3516209	-1311.3217	-1301.2648	-1313.3192
2	2	-1228.3605	-1229.7808	-1162.1305	-1.4202197	-1225.263	-1158.2254	-1227.2608
3	3	-1888.4536	-1890.0741	-1854.9729	-1.6205344	-1885.9628	-1851.6461	-1887.9601
4	4	-1581.2193	-1582.8258	-1532.4294	-1.6065228	-1578.3157	-1528.3853	-1580.3137
5	5	-1655.9343	-1657.4783	-1616.5946	-1.5440233	-1653.079	-1612.8333	-1655.0781
6	6	-1117.9394	-1119.0171	-1042.0143	-1.0777798	-1114.751	-1038.1552	-1116.7486
7	7	-1463.5468	-1465.1114	-1421.6947	-1.5646486	-1460.5814	-1417.4475	-1462.5793
8	8	-1917.5908	-1917.7788	-1850.6078	-0.18794919	-1914.8321	-1847.2136	-1915.7129
9	9	-1472.7174	-1474.146	-1430.1509	-1.4285812	-1469.7498	-1426.355	-1471.7471
10	10	-1834.5891	-1836.2135	-1787.8929	-1.6244931	-1831.8092	-1784.6882	-1833.8074
11	11	-1503.2386	-1504.8331	-1443.9219	-1.5944992	-1500.2905	-1439.9008	-1502.2885
12	12	-1474.1075	-1475.5296	-1419.9652	-1.422128	-1471.1576	-1416.0825	-1473.1552
13	13	-1821.9261	-1823.4679	-1801.175	-1.5417733	-1819.1142	-1797.63	-1821.1128
14	14	-1234.7163	-1236.2941	-1179.5456	-1.5777742	-1231.6089	-1175.1301	-1233.6066
15	15	-1453.0893	-1454.6428	-1430.2945	-1.5534602	-1450.132	-1426.0092	-1452.1295
16	16	-1547.9376	-1549.5004	-1446.9992	-1.5628151	-1545.5633	-1443.0146	-1547.5624
17	17	-1721.7869	-1722.552	-1607.3339	-0.76516543	-1720.0099	-1603.6557	-1722.0108
18	18	-1528.5966	-1530.1908	-1469.8896	-1.594256	-1525.6788	-1466.0671	-1527.6776
19	19	-1106.8709	-1108.4184	-1019.1744	-1.5475708	-1103.6654	-1014.5664	-1105.6633
20	20	-2079.214	-2080.5266	-2076.2632	-1.3126036	-2076.5236	-2075.2174	-2078.5221
21	21	-1239.2421	-1240.6206	-1176.3149	-1.3785249	-1236.1221	-1172.4112	-1238.1201
22	22	-1326.1343	-1327.674	-1307.7979	-1.5396801	-1323.1238	-1305.0366	-1325.1213
23	23	-1630.3372	-1631.7535	-1629.3725	-1.4162116	-1627.4681	-1627.3318	-1629.466
24	24	-821.07442	-822.64312	-782.08731	-1.5687019	-817.62303	-777.19722	-819.6206
25	25	-1629.4083	-1630.9904	-1604.9454	-1.5821015	-1626.5183	-1600.6857	-1628.5161
26	26	-1188.3464	-1189.9218	-1058.7983	-1.5753465	-1185.1932	-1054.325	-1187.192
27	27	-1001.2031	-1002.7851	-898.30106	-1.5820088	-997.90086	-893.55811	-999.89838
28	28	-1379.9977	-1381.5581	-1306.1304	-1.5604731	-1376.9779	-1302.1364	-1378.9754
29	29	-2061.6763	-2062.6586	-2059.1628	-0.98228432	-2058.9659	-2057.9631	-2060.9653
30	30	-1370.1242	-1371.6876	-1325.2793	-1.5634142	-1367.1149	-1321.0108	-1369.1129
31	31	-1289.6058	-1291.1474	-1229.4099	-1.541606	-1286.5526	-1225.1226	-1288.5501
32	32	-1603.5224	-1604.9447	-1525.1874	-1.4223348	-1600.6152	-1521.4063	-1602.6131
33	33	-1221.2233	-1222.5792	-1156.0956	-1.3559067	-1218.1083	-1152.3651	-1220.1057
34	34	-1218.5894	-1220.1591	-1106.591	-1.5696676	-1215.4764	-1102.1912	-1217.4739
35	35	-1797.1	-1798.6337	-1790.4573	-1.5337193	-1794.2823	-1786.3168	-1796.2803
36	36	-1891.5155	-1893.0795	-1870.5312	-1.5640067	-1888.7236	-1866.5625	-1890.7213
37	37	-1213.175	-1214.6003	-1217.8209	-1.4253143	-1210.0685	-1201.3302	-1212.0661
38	38	-1269.7574	-1271.1104	-1130.8935	-1.3529583	-1266.66	-1126.9966	-1268.6585
39	39	-1540.8065	-1540.7574	-1421.585	0.049068816	-1536.1222	-1417.5925	-1538.1198
40	40	-989.02748	-990.60435	-962.59092	-1.5768742	-985.74006	-957.8385	-987.73739
41	41	-1490.2277	-1491.7982	-1451.8825	-1.5704784	-1487.2765	-1447.6487	-1489.2745
42	42	-1189.426	-1190.9964	-1047.2868	-1.5704257	-1186.257	-1042.7473	-1188.2553
43	43	-1328.1024	-1329.5495	-1246.0417	-1.4471348	-1325.0536	-1241.9924	-1327.0512
44	44	-1242.2769	-1243.4453	-1150.5261	-1.1684569	-1239.1804	-1146.9669	-1241.1789
45	45	-1697.5076	-1699.0597	-1661.6418	-1.5521025	-1694.6765	-1657.7464	-1696.6739
46	46	-1270.6048	-1272.1833	-1232.9635	-1.5785306	-1267.53	-1228.5259	-1269.5277
47	47	-1356.5965	-1357.9714	-1249.7311	-1.3749416	-1353.5792	-1245.9033	-1355.5769
48	48	-1208.5063	-1210.064	-1111.821	-1.5576111	-1205.4035	-1107.4794	-1207.4014
49	49	-1343.8331	-1345.2864	-1245.0217	-1.4533201	-1340.818	-1241.043	-1342.8158
50	50	-1640.8655	-1642.4513	-1599.7415	-1.5857476	-1637.9979	-1595.6847	-1639.9958
51	51	-1421.5803	-1422.3422	-1409.7803	-0.76192588	-1418.5805	-1406.1618	-1420.578
52	52	-1348.7201	-1350.3104	-1286.7044	-1.5903154	-1345.6865	-1282.8016	-1347.6841
53	53	-1513.186	-1514.4173	-1433.7063	-1.2313647	-1510.2283	-1430.0736	-1512.2261
54	54	-1347.9603	-1349.5716	-1287.1095	-1.6113322	-1344.9226	-1283.2458	-1346.9201
55	55	-1154.2939	-1155.8623	-1052.8995	-1.5684059	-1151.1482	-1049.0202	-1153.1458
56	56	-1632.6386	-1633.5896	-1628.6433	-0.95103594	-1629.7716	-1626.2421	-1631.1101
57	57	-1519.6856	-1521.2503	-1486.0602	-1.564729	-1516.742	-1482.1843	-1518.7398
58	58	-1424.7453	-1426.1568	-1361.2611	-1.4115433	-1421.7647	-1357.4958	-1423.7623
59	59	-1825.4179	-1826.9791	-1803.9585	-1.5612141	-1822.6212	-1800.5992	-1824.6192
60	60	-1146.965	-1148.5285	-1133.2902	-1.5634717	-1143.8258	-1128.6273	-1145.8232
61	61	-1255.9275	-1257.3017	-1176.6354	-1.3742102	-1252.8571	-1172.6269	-1254.8552
62	62	-1287.7336	-1289.3393	-1183.8491	-1.605625	-1284.6491	-1179.7775	-1286.6483
63	63	-1787.5414	-1789.1713	-1717.8086	-1.6299685	-1784.7326	-1714.6239	-1786.7307
64	64	-1388.6758	-1389.8542	-1327.9029	-1.1784372	-1385.6391	-1324.352	-1387.6371
65	65	-1209.9656	-1211.5165	-1092.9298	-1.5508696	-1206.8399	-1088.5026	-1208.8375
66	66	-1710.2491	-1709.7878	-1603.6659	0.46131835	-1707.7189	-1599.989	-1707.4653
67	67	-1452.5841	-1454.0083	-1381.743	-1.4241851	-1449.6224	-1377.841	-1451.6199
68	68	-1624.8047	-1626.4073	-1538.6695	-1.6025795	-1621.9072	-1535.1296	-1623.9046
69	69	-1805.3437	-1806.8917	-1782.646	-1.5479326	-1802.5482	-1779.407	-1804.5462
70	70	-1776.6238	-1777.6927	-1780.8637	-1.0688947	-1773.778	-1777.7143	-1775.7778
71	71	-1516.1925	-1517.7855	-1451.6869	-1.5930304	-1513.2441	-1448.0225	-1515.2416
72	72	-1318.8802	-1320.4559	-1271.1766	-1.5757	-1315.8497	-1267.1779	-1317.848
73	73	-2291.8988	-2293.284	-2294.9929	-1.3852691	-2289.3239	-2292.6124	-2291.3212
74	74	-1042.7617	-1044.3446	-986.1743	-1.5829216	-1039.5253	-981.81183	-1041.523
75	75	-1284.6184	-1286.1978	-1204.3536	-1.5794502	-1281.5518	-1199.9802	-1283.5495
76	76	-1395.0293	-1396.6205	-1325.2139	-1.5912147	-1392.0412	-1321.7738	-1394.0387
77	77	-1683.8562	-1685.4482	-1632.4392	-1.5919384	-1681.0268	-1629.1855	-1683.0241
78	78	-1357.1096	-1358.6872	-1326.6291	-1.5775991	-1354.0913	-1322.5968	-1356.0896
79	79	-1616.3148	-1617.8829	-1560.6081	-1.5681713	-1613.4424	-1557.1838	-1615.4398
80	80	-1387.6173	-1389.1777	-1305.7951	-1.5603925	-1384.6154	-1301.6458	-1386.613
81	81	-1309.573	-1311.1757	-1194.6006	-1.6026538	-1306.5006	-1190.3364	-1308.4981
82	82	-1674.5659	-1676.1232	-1642.8785	-1.5572581	-1671.6886	-1638.7935	-1673.688
83	83	-1758.1741	-1759.7686	-1681.365	-1.5945027	-1755.3658	-1677.7062	-1757.3634
84	84	-1332.2659	-1333.8622	-1292.8588	-1.5963609	-1329.2496	-1288.8862	-1331.2475
85	85	-1328.6235	-1329.5646	-1268.8405	-0.94119666	-1325.5868	-1264.8638	-1327.5851
86	86	-1294.0302	-1295.4274	-1166.8478	-1.3971779	-1290.9735	-1163.1533	-1292.9732
87	87	-1441.7015	-1443.252	-1410.6529	-1.5505457	-1438.7231	-1407.2363	-1439.9993
88	88	-1100.0451	-1101.3627	-1044.8678	-1.3175881	-1096.8306	-1040.8288	-1098.8284
89	89	-1369.2026	-1370.7455	-1324.3859	-1.5428806	-1366.1955	-1320.1023	-1368.1956
90	90	-1879.9986	-1881.5566	-1822.8717	-1.5579376	-1877.2172	-1819.0813	-1879.2148
91	91	-1872.5214	-1874.0877	-1804.8613	-1.5663063	-1869.7716	-1801.226	-1871.7701
92	92	-1539.3278	-1540.9033	-1427.0569	-1.5754471	-1536.1476	-1423.0709	-1538.1453
93	93	-1243.7119	-1245.1163	-1190.5708	-1.4043947	-1240.5895	-1186.5228	-1242.5873
94	94	-1728.1299	-1729.4645	-1671.5346	-1.3346409	-1725.2546	-1668.0437	-1727.2521
95	95	-1227.699	-1229.2489	-1174.4665	-1.5499201	-1224.5654	-1169.9014	-1226.5628
96	96	-1321.9255	-1323.5047	-1213.8164	-1.5792142	-1318.857	-1209.7734	-1320.8548
97	97	-1493.3897	-1494.8239	-1398.2582	-1.4342074	-1490.4357	-1394.6673	-1492.4333
98	98	-1463.3888	-1464.5872	-1464.9432	-1.1984085	-1460.4331	-1463.1953	-1462.4308
99	99	-1464.9799	-1466.4117	-1401.9345	-1.4318583	-1462.0436	-1398.1307	-1464.0411
100	100	-1777.7635	-1779.3448	-1736.9567	-1.5813353	-1774.9564	-1732.9574	-1776.9547
101	101	-1667.9076	-1669.4994	-1668.8357	-1.5917862	-1665.047	-1667.0058	-1667.0445
102	102	-1430.96	-1432.5518	-1358.7585	-1.5918625	-1427.9537	-1355.0205	-1429.9517
103	103	-1987.275	-1988.34	-1958.3531	-1.0650153	-1984.5548	-1955.2786	-1986.5528
104	104	-1466.9024	-1468.4932	-1423.6273	-1.5907633	-1463.9482	-1419.5806	-1465.946
105	105	-1241.3889	-1242.9468	-1186.3682	-1.5579109	-1238.2782	-1181.8892	-1240.2758
106	106	-1508.3924	-1509.6817	-1488.8267	-1.2892765	-1505.4381	-1487.0799	-1507.4387
107	107	-1454.6295	-1456.2149	-1312.7049	-1.5854494	-1451.6485	-1308.8033	-1453.6459
108	108	-2074.9268	-2076.5181	-2059.3863	-1.5912777	-2072.2471	-2055.7034	-2074.2447
109	109	-1394.1295	-1395.6865	-1332.6886	-1.5570482	-1391.1288	-1328.5046	-1393.1265
110	110	-1521.8916	-1523.4338	-1473.702	-1.5421218	-1518.9495	-1470.0132	-1520.9472
111	111	-1545.5909	-1546.6762	-1456.3005	-1.085235	-1542.6733	-1452.7394	-1544.6718
112	112	-1406.9118	-1408.3167	-1266.4825	-1.404831	-1403.9138	-1262.6955	-1405.9112
113	113	-1227.2378	-1228.8284	-1132.3127	-1.5905457	-1224.1231	-1127.9455	-1226.121
114	114	-1080.5541	-1080.9015	-1065.9282	-0.34735997	-1077.3382	-1061.8844	-1078.3558
115	115	-1083.1783	-1084.5942	-1049.446	-1.4158658	-1079.9542	-1045.0271	-1081.9516
116	116	-1334.507	-1335.9844	-1280.9795	-1.4774503	-1331.4728	-1276.8739	-1333.4703
117	117	-1500.9199	-1502.4322	-1361.3553	-1.5123291	-1497.652	-1357.2745	-1499.6504
118	118	-1495.9376	-1496.4228	-1440.0414	-0.48513935	-1492.9909	-1436.2959	-1494.036
119	119	-1196.1133	-1197.5652	-1119.9239	-1.4518854	-1192.9711	-1115.6976	-1194.9697
120	120	-1156.5769	-1158.115	-1038.6725	-1.538142	-1153.4274	-1034.2408	-1155.4259
121	121	-2241.9211	-2243.2776	-2214.3344	-1.3564603	-2239.3123	-2210.733	-2241.3113
122	122	-940.71017	-942.27543	-933.22912	-1.5652605	-937.39758	-916.6332	-939.3954
123	123	-1444.2242	-1445.8037	-1401.3016	-1.579514	-1441.2402	-1397.0537	-1443.2381
124	124	-1266.3993	-1267.9762	-1191.3764	-1.5769104	-1263.3156	-1187.2482	-1265.3131
125	125	-1377.1017	-1391.9268	-1235.6609	-14.825028	-1374.0487	-1231.4158	-1389.3088
126	126	-1406.9917	-1408.3693	-1359.1499	-1.3776035	-1404.0039	-1355.1998	-1406.0013
127	127	-1181.1126	-1182.492	-1106.4786	-1.3793988	-1177.9868	-1102.3397	-1179.9843
128	128	-1484.6681	-1486.2193	-1414.9524	-1.5512289	-1481.7144	-1411.0114	-1483.7122
129	129	-868.65626	-870.23859	-771.48769	-1.5823311	-865.24919	-766.63963	-867.24656
130	130	-1323.9207	-1325.5007	-1201.769	-1.5800054	-1320.849	-1197.7488	-1322.8464
131	131	-1289.4233	-1291.0058	-1203.2191	-1.5824606	-1286.3343	-1199.1112	-1288.332
132	132	-1529.3402	-1530.9241	-1491.1831	-1.5838429	-1526.4105	-1487.6077	-1528.4087
133	133	-1530.8091	-1532.3831	-1374.9074	-1.5740377	-1527.6206	-1370.8951	-1529.0643
134	134	-1247.8301	-1249.3945	-1168.3795	-1.5643252	-1244.7526	-1164.0717	-1246.75
135	135	-1163.0608	-1164.4637	-1057.5998	-1.4028622	-1159.8978	-1053.4794	-1161.8953
136	136	-1495.3767	-1496.9863	-1477.4879	-1.6095462	-1492.4161	-1473.3056	-1494.4141
137	137	-1529.8876	-1531.4673	-1493.811	-1.5797168	-1526.9758	-1490.8499	-1528.9742
138	138	-1716.9749	-1718.5377	-1615.1379	-1.5628362	-1714.1159	-1611.2275	-1716.1134
139	139	-1299.3289	-1300.7382	-1236.3327	-1.4092504	-1296.2831	-1232.4834	-1298.2818
140	140	-1474.962	-1476.5219	-1408.6564	-1.5598806	-1472.0209	-1405.048	-1474.0183
141	141	-1207.0733	-1208.6446	-1051.1482	-1.5712314	-1204.0508	-1046.7198	-1206.0491
142	142	-1250.1343	-1251.6836	-1234.041	-1.5493094	-1247.0167	-1229.6211	-1249.0147
143	143	-1008.9751	-1010.5653	-908.98451	-1.5902248	-1005.6919	-904.45825	-1007.6894
144	144	-1527.0797	-1527.9748	-1396.7388	-0.89515558	-1523.8009	-1393.3771	-1525.8049
145	145	-934.68148	-935.95749	-874.23275	-1.2760124	-931.31923	-869.85539	-933.31673
146	146	-1536.2012	-1537.7331	-1488.4246	-1.5319231	-1533.2947	-1484.5381	-1535.2922
147	147	-1472.1486	-1473.7254	-1446.9682	-1.5767854	-1469.1866	-1443.0874	-1471.1854
148	148	-1547.3764	-1548.7699	-1497.4118	-1.3934892	-1544.4656	-1493.5969	-1546.4632
149	149	-1539.2649	-1540.8258	-1471.5132	-1.5608083	-1536.3383	-1467.4792	-1538.3359
150	150	-1221.9908	-1223.5699	-1069.8075	-1.5790948	-1218.8593	-1065.3941	-1220.8574
151	151	-1109.2386	-1110.7949	-1033.0183	-1.5563059	-1106.0438	-1029.5257	-1108.0418
152	152	-1216.1472	-1217.5532	-1124.2722	-1.4059587	-1213.0241	-1120.2202	-1215.0219
153	153	-1616.9652	-1617.1747	-1608.6671	-0.20946587	-1614.0632	-1607.4004	-1614.4277
154	154	-1499.5484	-1500.972	-1463.0792	-1.4235655	-1496.5841	-1459.6355	-1498.582
155	155	-1829.5424	-1831.1226	-1811.3641	-1.5802224	-1826.7672	-1808.1238	-1828.7646
156	156	-1243.9481	-1245.5297	-1114.1183	-1.5815905	-1240.819	-1109.7024	-1242.8163
157	157	-1176.1515	-1177.7191	-1065.6569	-1.5676413	-1173.0228	-1061.2425	-1175.0201
158	158	-1404.9513	-1406.4971	-1339.865	-1.5457597	-1401.9596	-1336.0636	-1403.9579
159	159	-1273.8774	-1274.5035	-1225.1747	-0.62609364	-1270.802	-1221.2776	-1272.6525
160	160	-1215.3555	-1216.7866	-1172.77	-1.4310764	-1212.2466	-1168.573	-1214.245
161	161	-1219.5002	-1221.0786	-1204.1137	-1.5784425	-1216.3932	-1199.7252	-1218.3905
162	162	-1473.9841	-1475.5397	-1390.5427	-1.5556544	-1471.0185	-1386.6276	-1473.0159
163	163	-1789.3104	-1790.5477	-1735.8521	-1.237315	-1786.4907	-1733.0629	-1788.4893
164	164	-1167.0669	-1168.4803	-1045.063	-1.4133598	-1163.9357	-1040.9949	-1165.9331
165	165	-1094.5881	-1096.1622	-1050.8713	-1.574171	-1091.3733	-1046.9999	-1093.371
166	166	-1362.1721	-1363.7673	-1323.6216	-1.5952182	-1359.152	-1319.6233	-1361.1497
167	167	-1802.8064	-1804.3604	-1751.8301	-1.5540369	-1800.0302	-1748.141	-1802.0294
168	168	-1419.6134	-1421.1861	-1351.3143	-1.5726479	-1416.6351	-1347.5752	-1418.6326
169	169	-1015.9078	-1017.2758	-940.75608	-1.3680109	-1012.6153	-936.41792	-1014.6148
170	170	-1230.7779	-1232.2051	-1157.621	-1.4272096	-1227.6762	-1153.5411	-1229.6738
171	171	-1125.6366	-1127.2181	-1080.6483	-1.581441	-1122.4647	-1077.2947	-1124.4626
172	172	-1570.3237	-1571.7589	-1553.2019	-1.435231	-1567.4217	-1549.1704	-1569.4191
173	173	-1488.9056	-1490.4903	-1434.7094	-1.5847497	-1485.9815	-1430.7951	-1487.979
174	174	-1685.1774	-1686.7344	-1635.6501	-1.5569659	-1682.3125	-1632.1303	-1684.3101
175	175	-1502.1732	-1503.7606	-1416.0431	-1.5874677	-1499.2442	-1412.0603	-1501.2416
176	176	-1037.9872	-1039.553	-1009.7057	-1.565768	-1034.7577	-1005.1088	-1036.7555
177	177	-1576.6214	-1578.1925	-1512.3596	-1.5710631	-1573.7148	-1508.2913	-1575.7122
178	178	-1605.9815	-1607.5905	-1498.5806	-1.6090363	-1603.1112	-1494.696	-1605.1085
179	179	-1778.1482	-1778.0409	-1651.6755	0.10736772	-1775.2137	-1648.323	-1775.9158
180	180	-1303.2402	-1304.8184	-1287.3203	-1.5781923	-1300.1883	-1283.5408	-1302.186
181	181	-1149.9071	-1151.4812	-1078.71	-1.5740653	-1146.7467	-1074.1526	-1148.7444
182	182	-1813.865	-1814.7286	-1739.8981	-0.86363309	-1811.0649	-1736.6843	-1813.0625
183	183	-1410.7543	-1412.359	-1333.57	-1.6047776	-1407.7544	-1329.8478	-1409.753
184	184	-1669.1113	-1670.6846	-1642.5599	-1.5732332	-1666.2771	-1638.8107	-1668.2754
185	185	-1491.2707	-1492.8183	-1405.6166	-1.5475981	-1488.2941	-1401.6628	-1490.2915
186	186	-1229.0743	-1230.4736	-1160.0399	-1.3992772	-1225.9724	-1155.989	-1227.9701
187	187	-901.79602	-903.35787	-833.68454	-1.5618452	-898.45763	-828.82744	-900.4551
188	188	-1549.4031	-1550.6627	-1445.0641	-1.2595279	-1546.4804	-1441.5999	-1548.4777
189	189	-1519.8698	-1521.4049	-1490.0593	-1.5351424	-1516.9369	-1485.9425	-1518.9368
190	190	-1237.0591	-1238.6446	-1171.8675	-1.5855335	-1233.9407	-1167.6666	-1235.9387
191	191	-1564.8505	-1566.2559	-1566.5166	-1.4054139	-1561.9413	-1562.6392	-1563.9392
192	192	-1145.5607	-1146.6987	-1019.3333	-1.1380015	-1142.4088	-1015.5521	-1144.4067
193	193	-1064.6734	-1065.7404	-1000.0766	-1.0669525	-1061.4378	-996.23371	-1063.4352
194	194	-1856.2644	-1857.8218	-1831.7345	-1.5573623	-1853.5201	-1828.3386	-1855.5179
195	195	-1288.3861	-1289.9675	-1194.7611	-1.5813996	-1285.3229	-1190.6455	-1287.3217
196	196	-1946.7309	-1948.2504	-1929.52	-1.5195375	-1943.9793	-1925.5244	-1945.9769
197	197	-1186.1138	-1187.5379	-1125.8887	-1.4241396	-1182.9852	-1121.6434	-1184.9826
198	198	-1192.2091	-1193.557	-1064.7251	-1.3479287	-1189.0565	-1060.7322	-1191.0542
199	199	-1271.6005	-1273.1634	-1177.2895	-1.5629405	-1268.5055	-1172.9779	-1270.5035
200	200	-1218.3242	-1219.8881	-1090.9619	-1.5638911	-1215.2087	-1086.608	-1217.2065
201	201	-1870.6026	-1871.9672	-1822.5885	-1.3646103	-1867.8461	-1819.1173	-1869.8441
202	202	-1893.315	-1893.5839	-1864.7961	-0.26883339	-1890.5371	-1860.9289	-1890.8682
203	203	-1893.5297	-1894.7369	-1877.116	-1.2071924	-1890.7949	-1873.6613	-1892.7929
204	204	-1258.4598	-1260.0733	-1166.3085	-1.6134932	-1255.3663	-1161.9384	-1257.364
205	205	-1520.2134	-1521.4054	-1469.3353	-1.1920435	-1517.2764	-1465.9034	-1519.2739
206	206	-1537.7721	-1539.3515	-1437.1663	-1.5794414	-1534.8352	-1433.3665	-1536.8327
207	207	-1079.1823	-1080.5351	-1051.4717	-1.3528447	-1075.9641	-1047.2275	-1077.9616
208	208	-1408.7339	-1409.9488	-1376.8526	-1.2149079	-1405.7352	-1372.5411	-1407.734
209	209	-2031.1718	-2032.7217	-2024.5241	-1.5499069	-2028.4691	-2020.7234	-2030.4669
210	210	-1214.8603	-1216.4514	-1080.0698	-1.5910301	-1211.7396	-1075.707	-1213.737
211	211	-1334.9619	-1336.3934	-1318.3015	-1.4315464	-1331.9322	-1313.5737	-1333.9296
212	212	-1127.7805	-1129.3601	-1000.8789	-1.5795264	-1124.5928	-996.34941	-1126.5907
213	213	-1489.7802	-1491.206	-1451.6425	-1.4258621	-1486.8133	-1447.735	-1488.8106
214	214	-1444.9026	-1446.4942	-1408.9991	-1.5915746	-1441.9202	-1405.0926	-1443.9175
215	215	-1638.6656	-1639.8615	-1611.2155	-1.1958484	-1635.7937	-1607.7717	-1637.7911
216	216	-1283.0405	-1284.6234	-1208.6021	-1.582931	-1279.9706	-1204.2268	-1281.9684
217	217	-1362.2104	-1363.8204	-1280.9523	-1.6099427	-1359.2195	-1276.7137	-1361.217
218	218	-1411.3476	-1412.9282	-1289.5533	-1.5806107	-1408.3403	-1285.3845	-1410.3385
219	219	-1577.3594	-1578.6414	-1561.4241	-1.2820687	-1574.4517	-1557.2103	-1576.4495
220	220	-1570.6198	-1572.2292	-1550.5094	-1.6094654	-1567.7086	-1547.073	-1569.7062
221	221	-1765.4292	-1767.0215	-1693.8503	-1.5923153	-1762.6318	-1690.0689	-1764.6306
222	222	-1271.4761	-1273.0665	-1252.7267	-1.5904424	-1268.3917	-1248.8159	-1270.3897
223	223	-1154.4831	-1156.0558	-1077.3121	-1.572743	-1151.3472	-1072.8521	-1153.3446
224	224	-1846.835	-1848.3822	-1801.5223	-1.5472187	-1844.0762	-1798.2083	-1846.0735
225	225	-1852.5928	-1854.2081	-1795.0489	-1.6153684	-1849.8458	-1791.2816	-1851.8437
226	226	-1106.9805	-1108.5267	-1020.2437	-1.546235	-1103.7735	-1015.5882	-1105.772
227	227	-1727.6709	-1728.8416	-1677.6266	-1.1707292	-1724.8177	-1674.3196	-1726.8163
228	228	-1508.142	-1509.3616	-1505.4276	-1.219594	-1505.2199	-1503.533	-1507.2185
229	229	-1577.2979	-1578.2866	-1551.0611	-0.98869741	-1574.3931	-1547.5025	-1576.3922
230	230	-1451.4237	-1452.9932	-1389.1517	-1.5695459	-1448.4704	-1385.0004	-1450.468
231	231	-1748.8785	-1749.8058	-1747.1331	-0.92726979	-1746.0487	-1745.2465	-1747.858
232	232	-2140.8827	-2142.7723	-2037.9865	-1.8895833	-2138.4236	-2034.6116	-2140.425
233	233	-1317.4106	-1318.8327	-1273.999	-1.4221324	-1314.3652	-1270.2413	-1316.3636
234	234	-1235.508	-1254.2991	-1079.4131	-18.791165	-1231.9644	-1075.4774	-1251.7957
235	235	-1759.5918	-1761.1955	-1694.1604	-1.6037196	-1756.7857	-1690.3369	-1758.7832
236	236	-1242.4247	-1243.8817	-1233.5941	-1.4570073	-1239.3579	-1229.7941	-1241.3558
237	237	-2066.0579	-2067.6204	-2040.4093	-1.5624591	-2063.3692	-2039.0787	-2065.2649
238	238	-1658.59	-1658.851	-1655.6752	-0.26106476	-1655.7442	-1654.1298	-1656.5577
239	239	-2042.6025	-2044.2199	-1988.1059	-1.6173801	-2039.9136	-1984.4113	-2041.911
240	240	-1106.6972	-1108.107	-1043.4565	-1.4098555	-1103.4943	-1039.1304	-1105.4918
241	241	-1477.2649	-1478.2819	-1461.0816	-1.0169763	-1474.3074	-1456.5759	-1475.6333
242	242	-1027.659	-1028.6305	-904.28268	-0.97151466	-1024.3778	-900.05099	-1026.3755
243	243	-1026.023	-1027.5813	-931.00356	-1.5583282	-1022.7728	-926.26128	-1024.7724
244	244	-1871.8241	-1873.3743	-1801.2809	-1.5502412	-1869.0765	-1797.9091	-1871.0739
245	245	-1804.6803	-1804.2177	-1725.8767	0.46261873	-1802.403	-1722.9683	-1804.2293
246	246	-1526.9285	-1528.4963	-1453.9347	-1.5677915	-1523.9826	-1449.9137	-1525.9807
247	247	-2113.4886	-2115.0712	-2077.9789	-1.5825793	-2110.8291	-2074.3316	-2112.8265
248	248	-1624.3849	-1625.972	-1543.2403	-1.5870805	-1621.4863	-1539.4882	-1623.4841
249	249	-1603.1325	-1604.7115	-1562.8156	-1.5789869	-1600.2313	-1559.4533	-1602.2291
250	250	-1663.9615	-1665.5333	-1615.8324	-1.5718307	-1661.1226	-1612.0881	-1663.122
251	251	-1487.0326	-1488.2213	-1435.3325	-1.1887525	-1484.0746	-1431.4522	-1485.7246
252	252	-1219.5812	-1221.1429	-1164.9385	-1.5616833	-1216.4587	-1160.8433	-1218.4567
253	253	-1425.8509	-1426.8769	-1336.9105	-1.0259471	-1422.8561	-1333.0619	-1424.8541
254	254	-1470.8128	-1472.4096	-1470.9864	-1.5967866	-1467.8555	-1467.0361	-1469.8537
255	255	-1573.1897	-1574.4769	-1562.0928	-1.2871882	-1570.292	-1560.2174	-1572.2925
256	256	-1952.5916	-1954.1542	-1911.7164	-1.5625981	-1949.8492	-1908.1133	-1951.8467
257	257	-1857.9418	-1859.9965	-1776.9914	-2.0547052	-1855.4487	-1773.2131	-1856.69
258	258	-1479.4699	-1481.0433	-1447.1771	-1.5733266	-1476.5091	-1443.2634	-1478.5066
259	259	-1465.8601	-1467.4248	-1356.5186	-1.5646674	-1462.893	-1352.6746	-1464.8903
260	260	-1512.1114	-1513.6678	-1425.8133	-1.5563268	-1509.1707	-1421.8091	-1511.1681
261	261	-1371.6673	-1372.352	-1295.1314	-0.68474434	-1368.6507	-1291.577	-1370.6498
262	262	-1178.4827	-1180.0369	-1027.4723	-1.5542637	-1175.3267	-1023.9659	-1177.3242
263	263	-1100.412	-1101.7667	-1084.7563	-1.3546908	-1097.2269	-1082.6742	-1099.2246
264	264	-1414.0603	-1415.6051	-1325.2618	-1.544797	-1411.0399	-1321.4225	-1413.0381
265	265	-1253.8951	-1255.4661	-1221.894	-1.570978	-1250.8192	-1217.7208	-1252.817
266	266	-1810.6134	-1811.85	-1748.9409	-1.2365689	-1807.8385	-1745.5668	-1809.8362
267	267	-1019.6571	-1020.8533	-948.62541	-1.1962593	-1016.3696	-944.63738	-1018.3673
268	268	-1186.4178	-1187.6693	-1027.5589	-1.2515372	-1182.8984	-1023.4782	-1184.8963
269	269	-1674.7583	-1676.0294	-1595.2076	-1.2710052	-1671.9034	-1591.7822	-1673.901
270	270	-1540.8967	-1542.519	-1455.1992	-1.6223024	-1537.9731	-1451.1707	-1539.9708
271	271	-1307.4305	-1309.0115	-1294.8203	-1.5809965	-1304.3639	-1292.4039	-1306.3613
272	272	-1390.2382	-1391.6314	-1359.8728	-1.3931673	-1387.2398	-1355.8313	-1389.2375
273	273	-1620.2403	-1621.6666	-1566.1541	-1.4263652	-1617.338	-1562.2853	-1619.3354
274	274	-1235.1169	-1236.5366	-1171.6926	-1.4196249	-1232.0108	-1167.579	-1234.0093
275	275	-1484.0174	-1485.4248	-1455.576	-1.407408	-1481.0707	-1452.0143	-1483.0694
276	276	-1487.6625	-1489.2172	-1414.9006	-1.5547448	-1484.7132	-1410.994	-1486.7106
277	277	-1267.3918	-1268.7762	-1115.2648	-1.384401	-1264.3107	-1111.2969	-1266.3099
278	278	-1329.6059	-1331.1765	-1186.4775	-1.5706353	-1326.5847	-1182.2957	-1328.5821
279	279	-1442.6001	-1444.0302	-1419.3393	-1.430132	-1439.6186	-1415.0229	-1441.6172
280	280	-1110.6905	-1112.0955	-1053.7016	-1.4050546	-1107.5178	-1049.4659	-1109.5158
281	281	-1281.6188	-1283.2041	-1206.2094	-1.5853387	-1278.5069	-1201.8173	-1280.5046
282	282	-1292.9934	-1294.363	-1271.8935	-1.369563	-1289.9379	-1267.3734	-1291.9355
283	283	-1270.8121	-1272.1948	-1234.6605	-1.3827153	-1267.7238	-1230.9569	-1269.7211
284	284	-1550.9121	-1552.5033	-1480.4332	-1.5911575	-1547.9951	-1476.5245	-1549.9935
285	285	-1271.4862	-1273.0609	-1197.3455	-1.5747192	-1268.4092	-1193.2502	-1270.407
286	286	-1566.7259	-1568.3041	-1511.8349	-1.578249	-1563.834	-1507.9782	-1565.8318
287	287	-1318.477	-1319.9499	-1253.1339	-1.4728737	-1315.416	-1249.0409	-1317.4141
288	288	-952.10287	-953.677	-893.5008	-1.5741255	-948.78668	-888.70797	-950.78455
289	289	-1453.4915	-1455.0731	-1403.4094	-1.5815983	-1450.5194	-1399.2073	-1452.5168
290	290	-1343.052	-1344.2141	-1329.7094	-1.1620708	-1340.0437	-1326.2305	-1342.0419
291	291	-1536.6541	-1535.7897	-1401.4285	0.86442462	-1526.4238	-1397.6643	-1525.1166
292	292	-1242.9404	-1244.5003	-1177.2368	-1.5599102	-1239.8452	-1173.1338	-1241.8435
293	293	-1346.6969	-1348.2867	-1262.7012	-1.5897448	-1343.6915	-1258.5431	-1345.6889
294	294	-1070.9597	-1072.5326	-1023.4661	-1.5729098	-1067.7613	-1019.2785	-1069.7587
295	295	-1568.8694	-1570.2923	-1510.8534	-1.4228934	-1565.9585	-1507.215	-1567.9574
296	296	-1693.1946	-1694.607	-1677.8944	-1.4124807	-1690.3686	-1674.6151	-1692.3667
297	297	-1293.9409	-1295.56	-1244.1018	-1.6190946	-1290.8585	-1239.702	-1292.856
298	298	-1372.6658	-1373.903	-1324.6093	-1.2371989	-1369.6651	-1320.7553	-1371.6632
299	299	-1683.1942	-1685.0648	-1530.5313	-1.8706039	-1680.3444	-1526.6677	-1682.3423
300	300	-1095.6574	-1097.2038	-1028.9358	-1.54641	-1092.4742	-1024.4124	-1094.4715
301	301	-1687.9205	-1689.3335	-1578.8481	-1.4129708	-1685.0471	-1575.5295	-1687.0446
302	302	-1589.8931	-1591.4663	-1501.0964	-1.5731488	-1586.9915	-1497.1097	-1588.9897
303	303	-1516.8351	-1518.0416	-1454.5402	-1.2065161	-1513.8926	-1450.8965	-1515.89
304	304	-1089.6907	-1091.2734	-1038.774	-1.5826911	-1086.4925	-1034.2267	-1088.4898
305	305	-1268.5825	-1269.5159	-1107.8374	-0.9334566	-1265.3166	-1104.0647	-1266.414
306	306	-1359.624	-1361.1833	-1363.4618	-1.5592927	-1356.6393	-1360.2672	-1358.4296
307	307	-1246.9756	-1248.5467	-1218.3751	-1.5710981	-1243.89	-1214.2523	-1245.8875
308	308	-1460.8721	-1462.4602	-1337.0649	-1.588045	-1457.8944	-1332.9966	-1459.8919
309	309	-1297.2528	-1298.8333	-1236.7871	-1.5804626	-1294.1762	-1232.4345	-1296.1738
310	310	-1204.3555	-1205.905	-1160.5763	-1.5494723	-1201.2139	-1156.0097	-1203.2124
311	311	-1538.1366	-1539.3083	-1395.3461	-1.1716971	-1532.5965	-1391.9647	-1532.5904
312	312	-1100.3297	-1101.8883	-1043.4131	-1.5586171	-1097.1323	-1038.8928	-1099.13
313	313	-1406.9752	-1408.5479	-1348.6025	-1.5726826	-1403.9951	-1344.7698	-1405.9926
314	314	-1768.7959	-1770.4052	-1636.4318	-1.6092409	-1765.7604	-1632.7074	-1767.758
315	315	-1471.6211	-1473.0366	-1441.9724	-1.4154849	-1468.6306	-1438.2511	-1470.6291
316	316	-984.61727	-986.19404	-909.72013	-1.5767721	-981.34016	-904.91464	-983.33773
317	317	-1634.5221	-1636.0966	-1519.5651	-1.5744681	-1632.1093	-1515.6426	-1634.1075
318	318	-1415.2683	-1416.8279	-1333.2322	-1.5596052	-1412.2874	-1329.3247	-1414.2847
319	319	-1586.8761	-1588.4776	-1546.8922	-1.6014393	-1583.9668	-1542.7994	-1585.965
320	320	-1344.7321	-1345.923	-1303.3618	-1.1909035	-1341.711	-1299.7036	-1343.7097
321	321	-1349.8192	-1349.5252	-1275.4503	0.29398092	-1346.7557	-1271.3621	-1346.5125
322	322	-1396.1349	-1397.695	-1332.1046	-1.5600913	-1393.1284	-1327.8962	-1395.1258
323	323	-1708.0273	-1709.5782	-1624.0409	-1.5509121	-1705.1897	-1620.1602	-1707.1885
324	324	-1695.9332	-1696.9931	-1663.0674	-1.0598893	-1693.0886	-1659.7691	-1695.0893
325	325	-1327.6124	-1329.0456	-1239.9698	-1.4331701	-1324.5747	-1236.2352	-1326.5724
326	326	-2032.6713	-2034.2623	-1985.1696	-1.5910355	-2029.9717	-1981.5185	-2031.97
327	327	-1588.2706	-1589.8277	-1526.7456	-1.5570731	-1585.3534	-1523.1444	-1587.3521
328	328	-1393.4749	-1395.048	-1325.6547	-1.5730928	-1390.4642	-1321.4842	-1392.4617
329	329	-1262.3775	-1263.8043	-1200.5748	-1.4267806	-1259.2885	-1196.6255	-1261.2866
330	330	-1354.8064	-1356.2185	-1287.6434	-1.4120865	-1351.7811	-1283.6884	-1353.7797
331	331	-1314.9842	-1316.5759	-1239.9839	-1.59174	-1311.9403	-1236.0417	-1313.9377
332	332	-1703.1571	-1704.7291	-1699.5	-1.571984	-1700.311	-1695.5862	-1702.3084
333	333	-1416.727	-1417.9914	-1326.2937	-1.2644551	-1413.7597	-1322.73	-1415.757
334	334	-1576.5319	-1577.7686	-1509.0157	-1.2366929	-1573.6224	-1505.4243	-1575.6198
335	335	-1710.6249	-1711.8829	-1673.551	-1.2580135	-1707.7838	-1670.0954	-1709.7814
336	336	-1070.3156	-1071.8959	-1018.8055	-1.5802976	-1067.1147	-1014.6498	-1069.1127
337	337	-1319.6806	-1321.2648	-1272.018	-1.5841718	-1316.6478	-1268.0106	-1318.6462
338	338	-2236.7895	-2237.6489	-2204.5333	-0.85936996	-2234.16	-2203.4892	-2235.8867
339	339	-1152.4346	-1153.7978	-1060.5169	-1.3631726	-1149.2779	-1056.44	-1151.2756
340	340	-1547.6018	-1549.1853	-1390.2853	-1.5834409	-1544.6802	-1386.3356	-1546.6776
341	341	-1310.5096	-1311.9104	-1245.4756	-1.400803	-1307.4533	-1241.6277	-1309.451
342	342	-1380.6805	-1382.2173	-1344.6133	-1.5367921	-1377.6866	-1340.4074	-1379.6841
343	343	-1208.1077	-1209.548	-1072.9474	-1.4402642	-1204.9817	-1068.8714	-1206.9791
344	344	-2079.5969	-2081.1508	-1991.8153	-1.5538472	-2076.9076	-1988.2152	-2078.905
345	345	-1118.8826	-1120.2391	-1063.6089	-1.3564553	-1115.6793	-1059.4102	-1117.6771
346	346	-1888.6495	-1889.1567	-1864.1611	-0.50720651	-1885.9207	-1863.318	-1886.9833
347	347	-1799.1081	-1800.6795	-1782.0979	-1.5714198	-1796.3072	-1780.3564	-1798.3054
348	348	-1679.7035	-1681.2604	-1588.2514	-1.5568848	-1676.8456	-1584.324	-1678.8431
349	349	-1249.148	-1250.7125	-1183.222	-1.5645897	-1246.0879	-1178.8588	-1248.0854
350	350	-1599.2483	-1600.8077	-1530.0645	-1.5593164	-1596.3404	-1526.0589	-1598.3391
351	351	-2115.3881	-2116.9475	-2115.0886	-1.559326	-2112.7322	-2112.7064	-2114.7311
352	352	-1645.3174	-1646.9069	-1522.5607	-1.589514	-1642.442	-1518.901	-1644.4397
353	353	-1925.0137	-1926.6027	-1841.9077	-1.589057	-1922.2531	-1838.7358	-1924.2505
354	354	-1793.4597	-1795.0265	-1797.3091	-1.5668437	-1790.6007	-1794.7654	-1792.5982
355	355	-1363.4789	-1365.0684	-1303.5322	-1.5894972	-1360.4534	-1299.2736	-1362.4507
356	356	-1429.9185	-1431.4885	-1318.8529	-1.570015	-1426.9354	-1314.7665	-1428.9331
357	357	-1274.7082	-1275.5411	-1242.5006	-0.83294304	-1271.6275	-1238.2333	-1273.1845
358	358	-1601.5202	-1597.8106	-1501.6268	3.7096697	-1598.6385	-1498.367	-1595.1791
359	359	-1293.8066	-1295.2067	-1170.2029	-1.400086	-1290.7361	-1166.4076	-1292.734
360	360	-1196.972	-1198.3741	-1177.7722	-1.4020953	-1193.8554	-1173.5268	-1195.8534
361	361	-1255.9126	-1257.5119	-1149.6608	-1.5993362	-1252.8336	-1145.3498	-1254.8322
362	362	-1181.7437	-1183.1375	-1110.8622	-1.3938724	-1178.6383	-1106.7279	-1180.6358
363	363	-1142.7305	-1144.2962	-1116.3322	-1.5657365	-1139.5914	-1112.2068	-1141.5888
364	364	-1394.0482	-1395.6119	-1285.121	-1.5637123	-1391.0529	-1281.2226	-1393.0503
365	365	-1262.6751	-1264.2452	-1196.9394	-1.5700692	-1259.6006	-1192.5251	-1261.5987
366	366	-1491.9943	-1493.5788	-1401.5204	-1.5844557	-1489.0243	-1397.8163	-1491.0222
367	367	-1551.814	-1552.9291	-1469.103	-1.1151034	-1548.9117	-1465.7894	-1550.9114
368	368	-1460.3777	-1461.5704	-1438.9173	-1.1927177	-1457.4091	-1434.7182	-1459.4072
369	369	-1963.1645	-1964.0127	-1912.844	-0.84825845	-1960.4143	-1909.6198	-1961.7429
370	370	-1578.564	-1579.8836	-1520.4348	-1.3195861	-1575.6524	-1517.0577	-1577.6517
371	371	-1381.8808	-1383.4534	-1321.8557	-1.5726137	-1378.8891	-1317.608	-1380.8866
372	372	-1524.3959	-1525.976	-1458.872	-1.5800359	-1521.4408	-1454.7019	-1523.4385
373	373	-1327.5896	-1328.9914	-1212.6305	-1.4017505	-1324.5618	-1208.7873	-1326.5596
374	374	-1305.8952	-1307.4676	-1254.8683	-1.5723697	-1302.8407	-1250.253	-1304.8381
375	375	-1282.2798	-1283.8624	-1170.12	-1.5826052	-1279.2042	-1165.8153	-1281.2022
376	376	-1337.2465	-1337.7549	-1300.6212	-0.50845484	-1334.2123	-1296.774	-1335.9627
377	377	-1180.215	-1181.6099	-1173.1619	-1.39494	-1177.0566	-1168.5611	-1179.0541
378	378	-1309.654	-1310.8258	-1272.1208	-1.1718765	-1306.5742	-1267.6287	-1308.5719
379	379	-959.70518	-961.30642	-901.20542	-1.6012409	-956.4109	-896.63903	-958.40951
380	380	-1292.0096	-1293.6083	-1194.6069	-1.5986714	-1288.9265	-1190.2966	-1290.9246
381	381	-1173.2932	-1174.867	-1015.9271	-1.5737576	-1170.135	-1011.4243	-1172.1333
382	382	-1196.172	-1197.375	-1143.236	-1.202977	-1193.0255	-1139.3097	-1195.0231
383	383	-1268.1322	-1269.6995	-1114.6435	-1.5672902	-1265.0516	-1110.3467	-1267.049
384	384	-1501.6327	-1503.2158	-1448.7707	-1.5831393	-1498.6867	-1444.9977	-1500.6855
385	385	-1493.7447	-1495.33	-1402.4323	-1.5853009	-1490.7985	-1398.6982	-1492.7958
386	386	-1570.2602	-1571.3933	-1566.7733	-1.1331104	-1567.3843	-1562.5727	-1569.3835
387	387	-1564.7503	-1566.3258	-1475.6945	-1.5755116	-1561.8344	-1471.7198	-1563.8318
388	388	-993.43621	-994.74199	-877.43827	-1.3057779	-990.14147	-873.23039	-992.13967
389	389	-1726.2825	-1727.8322	-1714.1233	-1.5496708	-1723.4509	-1710.2562	-1725.4486
390	390	-1555.6185	-1557.1851	-1491.7385	-1.5666337	-1552.6964	-1488.1751	-1554.694
391	391	-1014.8218	-1016.1622	-884.90223	-1.3404287	-1011.5538	-880.73186	-1013.5513
392	392	-1379.2216	-1380.7726	-1338.3842	-1.5509588	-1376.2082	-1334.3136	-1378.2057
393	393	-1288.7793	-1290.3579	-1236.5339	-1.5786164	-1285.7238	-1232.6175	-1287.7222
394	394	-1111.7765	-1113.3507	-1075.1788	-1.5741695	-1108.613	-1071.0113	-1110.6104
395	395	-1332.4775	-1334.0401	-1290.0236	-1.5625938	-1329.4444	-1285.6203	-1331.4424
396	396	-1163.4974	-1164.1617	-1163.0288	-0.66423922	-1160.3578	-1161.1219	-1161.6204
397	397	-1186.8968	-1188.4733	-1097.7683	-1.5765731	-1183.7736	-1093.3545	-1185.7714
398	398	-1508.6176	-1510.2211	-1486.9684	-1.603445	-1505.7067	-1483.5474	-1507.7041
399	399	-1301.2745	-1302.8306	-1197.8346	-1.5561223	-1298.2299	-1193.5957	-1300.2273
400	400	-1616.4435	-1618.0268	-1543.7323	-1.5833654	-1613.5332	-1539.7491	-1615.5312
401	401	-1243.8209	-1245.2377	-1208.6428	-1.4167709	-1240.7607	-1204.4739	-1242.7582
402	402	-796.79025	-798.34233	-782.55943	-1.5520788	-793.33636	-777.98846	-795.33385
403	403	-1722.2025	-1723.4085	-1697.2172	-1.2059687	-1719.393	-1693.7502	-1721.391
404	404	-1047.705	-1049.2915	-877.65696	-1.5865808	-1044.4575	-872.87877	-1046.4552
405	405	-1393.653	-1395.0699	-1327.7047	-1.4169007	-1390.6539	-1323.7236	-1392.6514
406	406	-1363.1507	-1364.7286	-1235.0789	-1.5778763	-1360.116	-1230.8789	-1362.1135
407	407	-1236.7006	-1237.8071	-1210.26	-1.1064317	-1233.5993	-1206.4315	-1235.5973
408	408	-2395.9131	-2396.6825	-2349.9902	-0.76935454	-2393.3424	-2346.3643	-2394.7402
409	409	-1649.9493	-1651.53	-1581.1002	-1.5806445	-1647.0917	-1577.1668	-1649.0893
410	410	-1516.3706	-1517.9329	-1488.136	-1.5622396	-1513.4221	-1484.1207	-1515.4195
411	411	-1335.8718	-1337.2935	-1274.6219	-1.4217442	-1332.8508	-1270.6653	-1334.8488
412	412	-1109.3483	-1110.92	-970.21974	-1.5717173	-1106.1407	-965.59561	-1108.1381
413	413	-1961.1367	-1962.7168	-1914.9704	-1.5800693	-1958.4093	-1911.885	-1960.4072
414	414	-1382.1167	-1383.7064	-1231.3953	-1.5897595	-1379.4311	-1227.2	-1381.4295
415	415	-2091.0404	-2092.5872	-2084.5424	-1.5467867	-2088.3287	-2081.0114	-2090.3267
416	416	-1715.7729	-1716.6765	-1589.2474	-0.90360306	-1712.918	-1586.3326	-1714.9168
417	417	-1651.7261	-1653.2854	-1560.2495	-1.5592985	-1648.8503	-1556.3434	-1650.8485
418	418	-1715.8197	-1717.0876	-1673.8301	-1.2679446	-1712.9581	-1670.1465	-1714.9583
419	419	-1444.2353	-1451.7932	-1311.1479	-7.5579077	-1438.5368	-1307.0457	-1449.219
420	420	-1334.3498	-1335.7874	-1209.1893	-1.43759	-1331.3085	-1205.2253	-1333.3061
421	421	-1190.8354	-1203.6455	-1023.4615	-12.810157	-1181.7036	-1019.024	-1200.9528
422	422	-1940.2089	-1941.7902	-1945.2666	-1.5812679	-1937.5004	-1943.4347	-1939.498
423	423	-1233.6318	-1235.0071	-1168.092	-1.3752695	-1230.5246	-1164.5277	-1232.5219
424	424	-1460.2654	-1461.8218	-1411.619	-1.5564512	-1457.2647	-1407.4386	-1459.2639
425	425	-1464.6687	-1466.2606	-1453.8992	-1.5919494	-1461.705	-1451.3308	-1463.7031
426	426	-1547.0454	-1548.5931	-1480.8293	-1.5476939	-1544.1375	-1476.9823	-1546.1356
427	427	-1807.5527	-1809.1281	-1781.4935	-1.5754449	-1804.7544	-1777.4662	-1806.7534
428	428	-1877.7369	-1879.0504	-1787.5839	-1.3134401	-1874.9857	-1784.2218	-1876.9832
429	429	-1530.4841	-1532.0569	-1489.4671	-1.5727947	-1527.5785	-1485.5374	-1529.5761
430	430	-1373.0014	-1374.5101	-1236.5476	-1.5086336	-1370.5229	-1232.3473	-1372.5213
431	431	-1648.3769	-1649.676	-1586.813	-1.2991596	-1645.5139	-1583.2739	-1647.512
432	432	-1305.5412	-1307.0973	-1220.7875	-1.5560367	-1302.4741	-1216.4896	-1304.4719
433	433	-1338.8378	-1340.2726	-1290.742	-1.4347534	-1335.7944	-1286.8736	-1337.7917
434	434	-1411.1811	-1412.7867	-1345.8366	-1.6055758	-1408.2097	-1342.2742	-1410.2073
435	435	-1505.4591	-1506.7273	-1476.0931	-1.2681926	-1502.5202	-1471.9722	-1504.5176
436	436	-1526.6196	-1527.5458	-1406.2468	-0.9262085	-1522.8607	-1402.2975	-1524.8665
437	437	-1290.4537	-1292.0205	-1238.9536	-1.5667339	-1287.3862	-1234.5178	-1289.3844
438	438	-1324.9548	-1326.3779	-1270.1733	-1.4231656	-1321.8951	-1266.2808	-1323.8928
439	439	-1112.9722	-1114.5619	-1016.1764	-1.5896458	-1109.7747	-1011.6304	-1111.7722
440	440	-1297.9573	-1298.7888	-1265.8314	-0.83148035	-1294.8778	-1262.0227	-1295.0667
441	441	-1588.6308	-1590.2128	-1524.9037	-1.5820163	-1585.7415	-1521.2372	-1587.7389
442	442	-1456.9367	-1458.5422	-1327.1488	-1.6055592	-1453.9679	-1323.2807	-1455.9655
443	443	-1396.9857	-1399.8771	-1285.82	-2.8913836	-1394.2167	-1281.6925	-1397.2826
444	444	-1388.3416	-1389.9164	-1348.8608	-1.574783	-1385.3342	-1344.9852	-1387.3318
445	445	-1635.9026	-1637.9459	-1465.9768	-2.0432969	-1633.1892	-1462.0658	-1635.1907
446	446	-1271.7635	-1273.3552	-1191.8473	-1.5917162	-1268.6601	-1187.4734	-1270.6582
447	447	-1344.3962	-1345.9542	-1301.5461	-1.5580353	-1341.3729	-1297.2926	-1343.3709
448	448	-1787.7748	-1789.3265	-1701.082	-1.5516989	-1784.9748	-1697.4966	-1786.9726
449	449	-931.47296	-933.03989	-841.60653	-1.5669281	-928.11931	-836.62019	-930.11679
450	450	-1351.8491	-1353.3126	-1309.1848	-1.4634836	-1348.8116	-1305.3535	-1350.8094
451	451	-1412.358	-1413.9094	-1311.9114	-1.5514125	-1409.3721	-1307.8453	-1411.3701
452	452	-1250.0734	-1251.6754	-1158.2582	-1.6020556	-1247.0033	-1153.9215	-1249.0009
453	453	-1256.6253	-1258.2107	-1150.3428	-1.5853811	-1253.5316	-1145.9922	-1255.5296
454	454	-1702.7001	-1703.9685	-1691.5923	-1.2684042	-1699.8489	-1687.6557	-1701.8467
455	455	-1575.3915	-1576.9845	-1523.1655	-1.5929439	-1572.4968	-1519.3492	-1574.4942
456	456	-1229.2256	-1230.7806	-1136.2238	-1.5550739	-1226.122	-1131.8263	-1228.1206
457	457	-1965.8047	-1967.3628	-1968.162	-1.5580772	-1963.0766	-1965.1245	-1965.0739
458	458	-1920.5709	-1922.1424	-1882.6827	-1.5714447	-1917.8426	-1879.0837	-1919.8408
459	459	-1248.2951	-1249.6798	-1192.2571	-1.3846806	-1245.1903	-1188.1364	-1247.1878
460	460	-1457.9903	-1459.5347	-1370.7752	-1.5443343	-1454.9839	-1366.6326	-1456.9815
461	461	-1148.791	-1150.3913	-977.52422	-1.6002805	-1145.6027	-972.88891	-1147.6
462	462	-987.22246	-988.80492	-831.32814	-1.5824571	-983.93467	-826.42612	-985.93235
463	463	-1586.9198	-1588.5054	-1461.8883	-1.585603	-1584.0124	-1458.2961	-1586.0114
464	464	-979.34528	-980.93549	-928.313	-1.5902125	-976.05693	-923.48887	-978.05539
465	465	-1576.3913	-1577.9607	-1424.7729	-1.5694023	-1573.4523	-1420.7892	-1575.4499
466	466	-1843.8474	-1845.4496	-1836.1779	-1.6021511	-1841.0526	-1832.1942	-1843.0506
467	467	-1097.4627	-1099.0436	-980.3885	-1.5808436	-1094.2586	-975.80739	-1096.2571
468	468	-1461.2051	-1462.7858	-1435.3906	-1.5807367	-1458.2539	-1431.1971	-1460.2532
469	469	-1587.9273	-1589.5236	-1539.8808	-1.5963313	-1585.0292	-1535.7701	-1587.0266
470	470	-1038.3567	-1039.9105	-1009.0329	-1.5537689	-1035.1231	-1004.3173	-1037.1207
471	471	-1602.0549	-1603.6321	-1548.0573	-1.57714	-1599.1669	-1544.0824	-1601.1656
472	472	-1248.4	-1249.8424	-1159.6704	-1.4423855	-1245.2867	-1155.5612	-1247.2841
473	473	-977.94036	-979.33832	-845.26776	-1.397961	-974.63526	-840.93761	-976.63292
474	474	-1531.2497	-1532.8347	-1453.0031	-1.5850553	-1528.3307	-1448.9926	-1530.3281
475	475	-1470.9442	-1472.5239	-1452.0435	-1.5796775	-1468.0033	-1447.799	-1470.0013
476	476	-2199.2765	-2201.1857	-2132.2575	-1.9092108	-2199.2728	-2128.778	-2201.2708
477	477	-1453.8448	-1455.2511	-1390.6482	-1.4063221	-1450.8734	-1386.7276	-1452.871
478	478	-1242.4644	-1244.0577	-1142.4688	-1.5932938	-1239.3361	-1138.0496	-1241.3356
479	479	-1436.3329	-1437.9057	-1338.109	-1.5727852	-1433.3524	-1334.225	-1435.3498
480	480	-1449.2161	-1450.8013	-1353.5456	-1.5852036	-1446.2449	-1349.4822	-1448.2425
481	481	-1395.9948	-1396.7551	-1378.4485	-0.76028885	-1392.9792	-1374.0692	-1394.9768
482	482	-1108.1064	-1109.6878	-1033.2093	-1.5814134	-1104.9096	-1028.627	-1106.907
483	483	-1587.3831	-1588.972	-1591.2425	-1.5889004	-1584.4855	-1590.3744	-1586.4829
484	484	-1516.9825	-1518.5346	-1406.8623	-1.5521793	-1513.9556	-1402.9609	-1515.953
485	485	-1389.7925	-1391.3731	-1347.8054	-1.5805444	-1386.7754	-1343.9428	-1388.7731
486	486	-1012.9561	-1014.5498	-951.57876	-1.5937409	-1009.688	-946.98943	-1011.686
487	487	-1482.404	-1483.9709	-1364.9801	-1.5669057	-1479.4449	-1360.9515	-1481.4433
488	488	-1353.3897	-1354.5903	-1303.6772	-1.2005555	-1350.3715	-1300.002	-1352.3692
489	489	-1513.4719	-1514.5553	-1432.5865	-1.0833956	-1510.5441	-1429.0346	-1512.5419
490	490	-1118.2971	-1119.8467	-1046.0289	-1.5496058	-1115.1223	-1041.5348	-1117.12
491	491	-1405.378	-1406.9796	-1355.0749	-1.6015225	-1402.3811	-1350.8028	-1404.3786
492	492	-1565.1503	-1566.7404	-1437.5788	-1.5901152	-1562.2419	-1433.8404	-1564.2396
493	493	-1519.7501	-1521.141	-1452.0006	-1.3909366	-1516.8174	-1448.3161	-1518.8154
494	494	-1405.4589	-1407.0463	-1396.8125	-1.5873887	-1402.4769	-1392.5285	-1404.4743
495	495	-1186.1378	-1187.6962	-1126.3506	-1.5583675	-1182.987	-1121.8367	-1184.9848
496	496	-1379.5942	-1381.1376	-1353.5131	-1.5434616	-1376.5703	-1349.5468	-1378.5684
497	497	-1683.6664	-1685.4629	-1574.3522	-1.7965663	-1680.8654	-1570.6761	-1682.864
498	498	-1605.4742	-1607.0656	-1557.8998	-1.591348	-1602.6136	-1554.4886	-1604.6109
499	499	-1429.6265	-1430.5215	-1367.7056	-0.89497045	-1426.6402	-1364.3584	-1428.5664
