No.	ID	loglik_NUll	loglik_RES	loglik_all	log_ratio	loglik_Max1	loglik_Max2	loglik_Max3
0	0	-1029.716	-1028.7267	-1034.6556	0.98927269	-1026.488	-1031.7404	-1025.8378
1	1	-1096.2552	-1073.2822	-1078.1574	22.973013	-1093.0869	-1075.1334	-1069.9687
2	2	-1053.1413	-1043.2291	-1049.185	9.9122161	-1049.9068	-1045.605	-1039.7139
3	3	-1000.2696	-998.53351	-1003.8704	1.7360813	-997.03162	-1000.2322	-995.17392
4	4	-1097.2249	-1078.4181	-1084.3585	18.806763	-1094.0246	-1081.1164	-1075.2222
5	5	-1121.7197	-1118.4693	-1124.5403	3.2503837	-1118.5471	-1120.6967	-1114.5244
6	6	-1013.5334	-979.09912	-985.02018	34.434237	-1010.2469	-981.57161	-975.67883
7	7	-1384.0224	-1377.1316	-1382.5172	6.8908712	-1381.0241	-1379.7273	-1373.9531
8	8	-1143.3522	-1117.9407	-1123.857	25.411522	-1140.1797	-1120.6883	-1114.7956
9	9	-756.22679	-744.05636	-750.02525	12.170425	-752.69276	-746.07443	-740.1812
10	10	-1196.8575	-1184.829	-1190.8219	12.02848	-1193.7332	-1187.3784	-1181.4821
11	11	-1125.9326	-1102.6573	-1108.5732	23.275267	-1122.7243	-1105.1756	-1099.2786
12	12	-1184.9405	-1172.063	-1178.0069	12.877487	-1181.8057	-1175.0649	-1169.1725
13	13	-1412.908	-1394.1556	-1400.0109	18.752409	-1409.8915	-1397.083	-1391.1871
14	14	-1205.3372	-1183.7921	-1189.7321	21.545014	-1202.2028	-1186.5623	-1180.6692
15	15	-1054.6826	-1047.4157	-1053.4637	7.2669172	-1051.4357	-1049.9457	-1044.0491
16	16	-941.3425	-920.53304	-926.51313	20.809459	-937.99098	-922.85227	-916.95947
17	17	-845.81349	-824.3855	-830.30927	21.42799	-842.35064	-826.85169	-820.95375
18	18	-965.14741	-955.49261	-961.50029	9.6547967	-961.83727	-957.76739	-951.87552
19	19	-1075.5925	-1055.7238	-1061.667	19.868643	-1072.3589	-1058.7321	-1052.8418
20	20	-1322.8925	-1311.1046	-1316.8345	11.787926	-1319.8568	-1313.7666	-1307.8743
21	21	-1087.8956	-1080.1334	-1086.1802	7.7622329	-1084.691	-1082.551	-1076.6618
22	22	-1181.0465	-1159.1634	-1165.0999	21.883109	-1177.8872	-1161.7456	-1155.8528
23	23	-1367.057	-1368.0144	-1374.5236	-0.95739389	-1364.0349	-1370.0698	-1364.0042
24	24	-949.03025	-928.80154	-934.73773	20.228705	-945.70152	-931.12877	-925.23635
25	25	-848.06379	-824.15842	-830.10805	23.905372	-844.61206	-826.34551	-820.45273
26	26	-1145.3476	-1114.7554	-1120.6572	30.592164	-1142.1748	-1117.9296	-1112.0365
27	27	-1055.2957	-1042.3629	-1048.3998	12.93279	-1052.0555	-1044.9732	-1039.0809
28	28	-1220.8772	-1193.0624	-1198.9654	27.814837	-1217.7659	-1195.7309	-1189.8386
29	29	-1626.3265	-1624.8029	-1630.3897	1.5236521	-1623.4571	-1627.4375	-1621.5376
30	30	-1686.1654	-1679.5933	-1685.7714	6.5721833	-1683.3104	-1683.152	-1677.2589
31	31	-1378.1074	-1369.11	-1375.1988	8.9973775	-1375.099	-1371.9287	-1366.0356
32	32	-1180.5222	-1179.3334	-1184.8936	1.1887683	-1177.3794	-1181.2365	-1175.3488
33	33	-1432.6765	-1410.2052	-1416.1722	22.471283	-1429.6831	-1413.0255	-1407.1315
34	34	-1007.1744	-998.13363	-1004.1015	9.0407842	-1003.8942	-1000.1059	-994.21365
35	35	-1022.26	-982.10439	-987.99546	40.155615	-1018.9669	-984.56363	-978.67098
36	36	-1530.5697	-1523.4069	-1529.4224	7.1628364	-1527.65	-1526.181	-1520.2875
37	37	-906.17766	-887.7269	-893.6644	18.450757	-902.81309	-890.00591	-884.1135
38	38	-825.32958	-809.73037	-815.6998	15.599212	-821.88939	-812.10722	-806.21638
39	39	-820.8941	-784.00017	-789.9234	36.893927	-817.4221	-786.20752	-780.31563
40	40	-1091.545	-1054.4236	-1060.3231	37.121365	-1088.3206	-1057.2343	-1051.3416
41	41	-872.89871	-872.14967	-876.84047	0.74903805	-869.5067	-872.13294	-867.64968
42	42	-1002.9579	-984.10005	-990.05298	18.857859	-999.68387	-986.76084	-980.86904
43	43	-1120.3636	-1109.044	-1115.0446	11.319605	-1117.1962	-1111.5355	-1105.6386
44	44	-977.89918	-979.44343	-985.08056	-1.5442499	-974.61942	-982.50963	-976.61799
45	45	-1458.8962	-1450.9066	-1456.8533	7.9896119	-1455.914	-1453.5839	-1447.6893
46	46	-1187.7596	-1185.3879	-1191.0378	2.3717378	-1184.6355	-1188.3724	-1182.4776
47	47	-1013.0687	-988.69036	-994.62124	24.378364	-1009.7761	-991.41156	-985.51892
48	48	-764.32624	-735.0431	-740.9981	29.283135	-760.79414	-737.14407	-731.24953
49	49	-1063.8011	-1049.0391	-1055.0218	14.762042	-1060.5854	-1052.1051	-1046.2121
50	50	-1490.9833	-1487.6347	-1493.5474	3.3486334	-1488.0273	-1490.8624	-1484.9717
51	51	-1408.2115	-1407.1634	-1413.1161	1.0480681	-1405.1991	-1409.6555	-1403.8483
52	52	-1087.5986	-1066.8092	-1072.7208	20.789455	-1084.4213	-1069.3492	-1063.4558
53	53	-1817.226	-1811.1966	-1817.291	6.0294342	-1814.442	-1814.6828	-1808.7894
54	54	-1729.0288	-1711.2796	-1717.0187	17.749169	-1726.2194	-1714.3056	-1708.413
55	55	-1608.713	-1592.7323	-1598.6782	15.980687	-1605.7905	-1595.9214	-1590.0275
56	56	-1052.9638	-1027.9998	-1033.8874	24.963959	-1049.7093	-1030.6701	-1024.776
57	57	-1171.5076	-1162.8184	-1168.7225	8.6892348	-1168.3463	-1166.4008	-1160.5055
58	58	-1499.9547	-1497.2316	-1503.0363	2.7231233	-1497.0293	-1499.9884	-1494.0501
59	59	-1034.846	-1035.8849	-1041.8299	-1.0388649	-1031.6019	-1038.9546	-1033.1456
60	60	-767.93288	-766.71597	-770.82734	1.2169061	-764.41895	-766.68398	-762.26993
61	61	-1583.0956	-1583.8377	-1588.3473	-0.74205939	-1580.1896	-1588.0825	-1581.2095
62	62	-1315.6373	-1289.9375	-1295.8591	25.699866	-1312.5872	-1292.6683	-1286.7751
63	63	-1310.5459	-1300.0546	-1305.8248	10.491239	-1307.4706	-1302.6193	-1296.7267
64	64	-823.02087	-809.86311	-815.77271	13.157763	-819.58044	-812.31377	-806.42254
65	65	-1114.1048	-1114.8668	-1120.8548	-0.76192375	-1110.9122	-1118.2466	-1111.9507
66	66	-944.60598	-934.74373	-940.67005	9.8622479	-941.29482	-937.01673	-931.12376
67	67	-792.71741	-762.73014	-768.48684	29.987265	-789.20684	-765.63384	-759.74113
68	68	-1446.4424	-1426.1638	-1432.0969	20.278599	-1443.4692	-1429.1663	-1423.274
69	69	-990.51736	-952.78814	-958.59371	37.729219	-987.2374	-955.27589	-949.37865
70	70	-930.26319	-922.16355	-928.11633	8.0996347	-926.92032	-924.65065	-918.75794
71	71	-1996.7198	-1991.2595	-1997.0265	5.4602559	-1993.958	-1994.2114	-1988.3176
72	72	-905.75188	-899.12873	-905.14982	6.6231518	-902.386	-902.02066	-896.1362
73	73	-1284.0776	-1285.6239	-1290.9284	-1.5463192	-1281.0307	-1287.8549	-1283.0284
74	74	-1627.5444	-1624.4123	-1630.7214	3.1321398	-1624.6598	-1627.515	-1621.4015
75	75	-865.68681	-840.43136	-846.35481	25.255449	-862.2811	-842.67562	-836.78253
76	76	-1365.9498	-1348.183	-1354.1173	17.766807	-1362.9194	-1351.0617	-1345.1658
77	77	-1687.8891	-1674.1134	-1680.0452	13.775714	-1685.1616	-1677.3352	-1671.4408
78	78	-729.66699	-719.97976	-725.88904	9.6872284	-726.12623	-721.97571	-716.08326
79	79	-997.84917	-994.9604	-1000.8013	2.8887722	-994.56105	-997.2145	-991.06022
80	80	-843.1171	-819.5236	-824.77768	23.593501	-839.69503	-821.65868	-815.84674
81	81	-1264.977	-1249.6679	-1255.461	15.309187	-1261.8977	-1252.2996	-1246.4077
82	82	-1004.8356	-975.60544	-981.49815	29.230142	-1001.5323	-978.00138	-972.10663
83	83	-990.52994	-971.6697	-977.6185	18.860239	-987.26032	-974.31732	-968.42599
84	84	-1004.5646	-985.55993	-991.53414	19.004676	-1001.294	-987.981	-982.08846
85	85	-1236.8426	-1227.5774	-1233.5442	9.2652021	-1233.7399	-1230.0913	-1224.1987
86	86	-1907.4535	-1905.735	-1911.5995	1.7185296	-1904.7206	-1908.6524	-1902.6541
87	87	-1421.2177	-1401.1118	-1407.0485	20.105884	-1418.2448	-1403.9136	-1398.0202
88	88	-1125.1659	-1120.1489	-1126.097	5.0170063	-1121.9913	-1122.7398	-1116.8477
89	89	-1578.8551	-1571.3963	-1575.3251	7.4587532	-1575.9388	-1574.3632	-1568.8154
90	90	-1000.5684	-981.74453	-987.67415	18.823829	-997.26311	-984.09373	-978.20007
91	91	-959.36997	-958.14974	-964.21221	1.2202364	-956.07843	-959.64385	-953.82756
92	92	-999.66575	-998.19404	-1004.1939	1.471712	-996.38815	-1001.2476	-995.37922
93	93	-1736.3435	-1735.7055	-1741.5238	0.63798319	-1733.5143	-1737.0048	-1732.4268
94	94	-1154.6696	-1154.5291	-1158.1763	0.14043017	-1151.5193	-1156.1846	-1150.975
95	95	-1341.5214	-1317.0711	-1322.8699	24.450386	-1338.4795	-1319.8113	-1313.9212
96	96	-1103.5905	-1093.8268	-1099.7903	9.7636955	-1100.3601	-1096.1779	-1090.2862
97	97	-832.45654	-824.51577	-830.31651	7.9407734	-829.01656	-827.00164	-821.10827
98	98	-1112.6748	-1093.554	-1099.4745	19.120854	-1109.4751	-1096.5829	-1090.6891
99	99	-944.60974	-926.45959	-932.45246	18.150147	-941.27405	-928.76758	-922.87546
100	100	-1263.3124	-1233.7314	-1239.6569	29.580945	-1260.1969	-1236.5515	-1230.6597
101	101	-1022.6219	-999.27535	-1005.2261	23.346521	-1019.3512	-1001.7149	-995.8196
102	102	-776.99023	-745.34186	-751.26137	31.648373	-773.50719	-747.50657	-741.61391
103	103	-1233.4808	-1212.8807	-1218.811	20.600034	-1230.3848	-1216.0176	-1210.1254
104	104	-981.55	-982.33501	-988.70246	-0.7850126	-978.26438	-985.07663	-978.77337
105	105	-836.39706	-818.72912	-824.69471	17.667936	-832.97415	-820.89485	-815.00205
106	106	-1341.5581	-1296.2126	-1302.2137	45.345565	-1338.474	-1299.1079	-1293.2172
107	107	-918.11861	-899.09494	-904.6799	19.023668	-914.73297	-901.33851	-895.44438
108	108	-1304.9371	-1292.8167	-1298.7845	12.120459	-1301.8739	-1295.4268	-1289.5342
109	109	-1059.9605	-1040.4005	-1046.3359	19.559992	-1056.7436	-1042.8862	-1036.993
110	110	-1262.8137	-1260.4387	-1267.1031	2.3749704	-1259.7304	-1263.3806	-1256.757
111	111	-1319.7781	-1311.6904	-1317.6561	8.0876519	-1316.7444	-1314.5044	-1308.6113
112	112	-1200.9059	-1194.7644	-1200.9514	6.1415573	-1197.7704	-1197.1929	-1191.2935
113	113	-1250.3018	-1242.8394	-1248.7876	7.4624224	-1247.2079	-1245.5544	-1239.6611
114	114	-2144.6748	-2141.5707	-2145.27	3.1040657	-2142.143	-2143.7692	-2139.0322
115	115	-1500.707	-1493.5854	-1498.3772	7.1215999	-1497.7897	-1495.4454	-1490.617
116	116	-1081.3107	-1070.9801	-1076.9391	10.330629	-1078.0944	-1073.6178	-1067.7245
117	117	-2140.8176	-2141.2191	-2144.9468	-0.40151394	-2139.1216	-2142.8441	-2138.1967
118	118	-1394.2668	-1382.8766	-1388.8708	11.390173	-1391.2457	-1385.771	-1379.8794
119	119	-1131.0146	-1129.7476	-1135.7127	1.2670464	-1127.85	-1131.3785	-1125.8468
120	120	-1185.8911	-1168.5255	-1174.4396	17.365566	-1182.7325	-1171.5397	-1165.6466
121	121	-747.91465	-747.65947	-753.60098	0.25517952	-744.38347	-748.60021	-742.55033
122	122	-1289.7219	-1265.2788	-1270.6417	24.44314	-1286.6252	-1268.0134	-1262.1976
123	123	-1067.062	-1050.1557	-1056.1032	16.906363	-1063.85	-1052.6134	-1046.7237
124	124	-687.55192	-666.55767	-672.48815	20.994255	-683.93722	-669.39022	-663.48877
125	125	-1252.1747	-1238.7658	-1244.7089	13.408944	-1249.0919	-1241.8179	-1235.9163
126	126	-804.55201	-766.8941	-772.81191	37.657904	-801.07328	-769.52912	-763.63054
127	127	-928.13796	-929.05988	-935.02835	-0.92191345	-924.81725	-932.70733	-926.64713
128	128	-838.50248	-828.82532	-834.80562	9.6771617	-835.09446	-830.97741	-825.08264
129	129	-825.73731	-801.76009	-807.51307	23.977219	-822.28151	-803.92864	-798.03644
130	130	-689.60007	-662.57861	-668.50986	27.021458	-685.96372	-664.51882	-658.62628
131	131	-974.60648	-932.82273	-938.72381	41.783755	-971.29186	-935.28011	-929.38789
132	132	-1198.0563	-1183.7306	-1189.7602	14.325695	-1194.9238	-1186.3052	-1180.4118
133	133	-1012.875	-1001.8492	-1007.945	11.025846	-1009.6049	-1004.1945	-998.30165
134	134	-1377.0795	-1364.5843	-1370.579	12.495195	-1374.0823	-1367.888	-1361.9939
135	135	-955.97189	-932.76295	-938.3164	23.208934	-952.65302	-935.3731	-929.47881
136	136	-1594.6027	-1558.2022	-1564.093	36.400561	-1591.7037	-1561.637	-1555.7443
137	137	-1735.1619	-1731.9267	-1737.9664	3.2352391	-1732.3274	-1735.785	-1729.8965
138	138	-1173.3413	-1141.054	-1146.9543	32.287248	-1170.1706	-1143.8581	-1137.966
139	139	-969.49401	-942.2511	-947.94113	27.242912	-966.1752	-944.62806	-938.7346
140	140	-763.6738	-737.92145	-743.83047	25.752351	-760.16517	-740.59267	-734.70222
141	141	-674.42605	-635.82342	-641.76565	38.602629	-670.72082	-637.7127	-631.82048
142	142	-1118.782	-1097.9008	-1103.7986	20.881191	-1115.6013	-1100.5951	-1094.7034
143	143	-727.75395	-685.46418	-691.37237	42.28977	-724.15418	-687.85915	-681.96631
144	144	-1257.8844	-1230.9235	-1236.8481	26.960866	-1254.7901	-1233.9802	-1228.0891
145	145	-1318.4258	-1311.0432	-1316.9767	7.3825815	-1315.3923	-1313.6558	-1307.7629
146	146	-1455.5204	-1452.4246	-1456.5704	3.0958225	-1452.5288	-1455.6802	-1449.681
147	147	-845.01646	-813.6368	-819.56262	31.379666	-841.60124	-815.91597	-810.02466
148	148	-1467.2175	-1455.6404	-1461.6099	11.577139	-1464.2461	-1458.3624	-1452.4701
149	149	-861.90877	-851.76694	-857.73116	10.141837	-858.51113	-854.62958	-848.73808
150	150	-1336.3303	-1335.0079	-1339.4108	1.3223324	-1333.2904	-1335.6955	-1331.4159
151	151	-1004.2597	-1002.6082	-1008.6245	1.651513	-1000.9779	-1006.0418	-1000.149
152	152	-857.61999	-839.74963	-845.698	17.870354	-854.22266	-842.79441	-836.90005
153	153	-1065.3161	-1054.5678	-1060.5159	10.74822	-1062.0787	-1057.3523	-1051.4562
154	154	-1218.9361	-1218.2346	-1224.2544	0.70150245	-1215.8239	-1220.2305	-1214.346
155	155	-1406.0246	-1393.6738	-1399.6435	12.350804	-1403.0498	-1396.5988	-1390.7071
156	156	-1095.2861	-1081.1749	-1086.6906	14.111185	-1092.0732	-1083.6276	-1077.735
157	157	-913.54646	-885.86519	-891.77772	27.681268	-910.16963	-888.92135	-883.02594
158	158	-1329.6167	-1307.4476	-1313.5204	22.169065	-1326.5739	-1310.3362	-1304.4436
159	159	-1420.2155	-1412.7405	-1418.67	7.4749544	-1417.2076	-1415.72	-1409.8276
160	160	-1425.1359	-1418.0864	-1424.087	7.0495179	-1422.1459	-1421.1159	-1415.2246
161	161	-1301.0152	-1294.4343	-1300.3934	6.5808519	-1297.9662	-1297.1781	-1291.2859
162	162	-949.2488	-909.91543	-915.82519	39.333373	-945.91328	-912.34182	-906.45011
163	163	-1446.6728	-1442.102	-1447.8999	4.5708253	-1443.6673	-1444.7609	-1438.7974
164	164	-1147.6512	-1129.6593	-1135.6017	17.991849	-1144.4581	-1132.3661	-1126.4738
165	165	-1540.0379	-1533.6153	-1537.6663	6.4225795	-1537.0945	-1536.8872	-1531.2996
166	166	-1471.7511	-1461.7735	-1467.8218	9.9776656	-1468.7923	-1464.6574	-1458.7645
167	167	-1039.7418	-1027.2345	-1033.113	12.507346	-1036.4959	-1029.5816	-1023.6886
168	168	-1960.8016	-1947.807	-1953.716	12.994619	-1958.8334	-1951.3757	-1945.4841
169	169	-725.07037	-687.82634	-693.74356	37.244031	-721.51353	-689.89609	-684.00373
170	170	-1824.6563	-1819.4925	-1825.4153	5.1638186	-1821.8716	-1822.3592	-1816.4652
171	171	-1746.5361	-1747.1366	-1751.6652	-0.60046067	-1743.6871	-1750.0155	-1744.5263
172	172	-1564.6174	-1550.8051	-1556.2504	13.812389	-1561.7094	-1553.6652	-1547.7724
173	173	-995.07083	-985.69817	-991.64898	9.3726641	-991.79533	-988.27278	-982.3803
174	174	-849.82453	-823.13163	-829.076	26.692899	-846.3664	-825.33964	-819.44343
175	175	-1318.418	-1313.9619	-1319.9786	4.4561762	-1315.393	-1316.539	-1310.6852
176	176	-957.62906	-929.46285	-935.4029	28.166215	-954.28706	-931.81499	-925.92394
177	177	-1471.8102	-1456.0822	-1462.0662	15.728067	-1468.8501	-1458.8807	-1452.9868
178	178	-999.38675	-985.47506	-991.44439	13.911692	-996.11342	-988.30862	-982.41603
179	179	-1540.3037	-1537.4463	-1543.3396	2.8574038	-1537.3903	-1540.7047	-1534.4909
180	180	-802.76759	-762.16359	-768.0949	40.603999	-799.29843	-764.39511	-758.50097
181	181	-1605.495	-1598.7863	-1604.9219	6.7086815	-1602.594	-1601.6941	-1595.8015
182	182	-1122.4217	-1118.0085	-1123.9396	4.4132198	-1119.2095	-1121.4097	-1115.5134
183	183	-1172.1727	-1163.3645	-1169.2956	8.8081898	-1169.0214	-1166.0407	-1160.1488
184	184	-1345.3336	-1320.9106	-1326.8065	24.423081	-1342.2893	-1323.6478	-1317.7553
185	185	-1124.7934	-1108.8374	-1114.7647	15.956029	-1121.6102	-1111.2941	-1105.4043
186	186	-1234.9347	-1219.4109	-1225.3368	15.523866	-1231.8346	-1222.1571	-1216.265
187	187	-731.3118	-719.2611	-725.24106	12.050701	-727.78125	-721.27456	-715.3788
188	188	-1389.6031	-1385.9922	-1392.0965	3.6109625	-1386.6188	-1388.8008	-1382.6163
189	189	-1365.0502	-1353.9016	-1359.8923	11.148632	-1362.0372	-1356.5896	-1350.6972
190	190	-1274.9108	-1270.9975	-1276.9785	3.9132511	-1271.8537	-1274.1236	-1268.236
191	191	-857.83657	-831.44214	-837.38282	26.394427	-854.40472	-834.01864	-828.12698
192	192	-975.3647	-971.73669	-977.91027	3.6280141	-972.06575	-974.07314	-968.54972
193	193	-1597.2766	-1597.6439	-1603.9377	-0.36726604	-1594.4014	-1600.3751	-1594.6895
194	194	-1292.4111	-1287.3545	-1293.4482	5.0566132	-1289.3222	-1290.025	-1284.1347
195	195	-1198.1256	-1196.4513	-1202.4404	1.6742531	-1194.9693	-1199.2464	-1193.258
196	196	-1160.243	-1147.1797	-1151.7002	13.063345	-1157.0826	-1148.2261	-1143.9623
197	197	-1259.324	-1257.0054	-1262.6655	2.3186491	-1256.2435	-1259.5342	-1253.6235
198	198	-995.6271	-991.23264	-997.18184	4.3944513	-992.38132	-993.52784	-987.63549
199	199	-1235.0886	-1232.9722	-1239.245	2.1164765	-1231.9675	-1235.1786	-1229.2763
200	200	-1152.4439	-1117.4608	-1123.3689	34.983128	-1149.2526	-1120.052	-1114.1595
201	201	-1120.6897	-1110.3175	-1116.2636	10.372152	-1117.5026	-1113.0935	-1107.2046
202	202	-988.62864	-977.15999	-983.12265	11.468652	-985.35504	-979.77793	-973.88494
203	203	-1047.9581	-1032.9245	-1038.908	15.033659	-1044.71	-1035.3303	-1029.4377
204	204	-1315.3876	-1291.8251	-1297.7371	23.562524	-1312.3193	-1294.6588	-1288.7663
205	205	-1271.5487	-1245.1969	-1251.103	26.3518	-1268.4599	-1247.8868	-1241.9935
206	206	-1039.4202	-1035.3621	-1041.2578	4.0580074	-1036.1662	-1038.2297	-1032.3369
207	207	-1458.5827	-1449.0312	-1454.9931	9.5515111	-1455.6126	-1451.7548	-1445.8598
208	208	-1220.8103	-1201.9662	-1207.9227	18.844022	-1217.6994	-1204.9314	-1199.0387
209	209	-1070.753	-1043.4707	-1049.3645	27.282257	-1067.5139	-1046.1778	-1040.2849
210	210	-1050.822	-1038.6735	-1044.6175	12.148515	-1047.5864	-1041.0592	-1035.1673
211	211	-1125.0646	-1097.176	-1103.1391	27.888529	-1121.8877	-1099.7627	-1093.8676
212	212	-1530.5201	-1531.4678	-1535.5309	-0.94767033	-1527.6019	-1534.6528	-1529.1266
213	213	-1071.2317	-1045.5032	-1051.4325	25.728542	-1067.9884	-1048.5721	-1042.6801
214	214	-1943.3932	-1942.7191	-1946.4748	0.67409672	-1940.5999	-1944.6879	-1939.5245
215	215	-1024.3773	-1008.9953	-1014.9535	15.382023	-1021.1401	-1011.7091	-1005.8165
216	216	-1351.7951	-1349.711	-1353.8359	2.084105	-1348.7385	-1350.2555	-1345.8254
217	217	-950.71452	-940.76955	-946.32168	9.9449636	-947.39907	-943.04365	-937.151
218	218	-814.60368	-783.72767	-789.65909	30.876009	-811.11886	-785.89368	-780.00209
219	219	-2204.2276	-2200.9635	-2205.9136	3.2640437	-2201.5885	-2204.8928	-2198.3127
220	220	-978.73644	-976.02548	-981.92183	2.7109641	-975.45459	-978.51661	-972.62175
221	221	-729.99873	-690.99765	-696.90502	39.001089	-726.39035	-693.01557	-687.1216
222	222	-1010.2334	-994.28062	-1000.2367	15.952746	-1006.9827	-996.90963	-991.01781
223	223	-1261.1317	-1248.1378	-1254.099	12.993957	-1258.0431	-1250.9063	-1245.0144
224	224	-1219.4175	-1213.6596	-1219.6632	5.75792	-1216.312	-1216.3432	-1210.4512
225	225	-1010.2199	-998.76453	-1004.7599	11.45533	-1006.9491	-1001.3006	-995.4081
226	226	-893.2626	-877.10999	-883.02605	16.152609	-889.89159	-879.34894	-873.45485
227	227	-735.60701	-719.92242	-725.65994	15.684588	-732.04131	-722.33209	-716.44108
228	228	-1219.069	-1215.3661	-1221.176	3.7029686	-1215.9498	-1217.3912	-1211.9446
229	229	-1130.4261	-1126.6503	-1132.2967	3.7758798	-1127.2165	-1129.0152	-1124.2152
230	230	-1405.8796	-1396.8986	-1402.8954	8.9810326	-1402.8843	-1399.7828	-1393.8925
231	231	-612.98929	-570.21065	-576.11013	42.778639	-609.23498	-572.55346	-566.66048
232	232	-1009.3996	-997.94381	-1003.8952	11.455832	-1006.1277	-1000.7612	-994.87772
233	233	-1709.5075	-1701.3629	-1707.4212	8.1445304	-1706.9032	-1704.8561	-1698.9624
234	234	-931.97155	-918.72013	-924.63434	13.251416	-928.61087	-920.94288	-915.0495
235	235	-894.7174	-881.08475	-887.09033	13.632648	-891.32949	-883.29306	-877.40203
236	236	-1631.5221	-1628.3661	-1634.2243	3.1560455	-1628.6215	-1631.4991	-1625.5168
237	237	-1010.1437	-998.02382	-1004.2125	12.119905	-1006.8546	-1001.0893	-995.19649
238	238	-859.17965	-860.54884	-866.53128	-1.3691924	-855.76799	-863.65786	-857.7655
239	239	-1206.0997	-1180.8194	-1186.7359	25.280357	-1202.9806	-1183.467	-1177.5751
240	240	-1187.6699	-1155.8171	-1161.7372	31.852778	-1184.4886	-1158.4265	-1152.5375
241	241	-1073.0689	-1071.7159	-1077.8592	1.3530393	-1069.8481	-1074.2105	-1068.4359
242	242	-1235.0812	-1223.2041	-1228.3056	11.877052	-1231.9698	-1225.0426	-1220.3159
243	243	-1667.3581	-1647.5682	-1653.5814	19.789891	-1664.4881	-1650.5294	-1644.6361
244	244	-1574.4926	-1560.5226	-1566.477	13.969984	-1571.5802	-1563.3872	-1557.4942
245	245	-1339.116	-1334.4418	-1340.7259	4.674234	-1336.0579	-1337.322	-1331.2134
246	246	-921.51221	-903.73322	-909.70701	17.778989	-918.17922	-906.06054	-900.16755
247	247	-678.69815	-667.58692	-673.58945	11.11123	-675.07842	-669.48116	-663.5887
248	248	-1072.6324	-1028.846	-1034.7732	43.786456	-1069.3967	-1031.6784	-1025.7822
249	249	-1293.801	-1284.7787	-1290.7388	9.022219	-1290.7243	-1287.575	-1281.6813
250	250	-1502.9304	-1498.4714	-1504.4177	4.4590518	-1500.0006	-1501.4618	-1495.5666
251	251	-1549.3086	-1540.17	-1546.1636	9.1385701	-1546.3717	-1542.9344	-1537.0414
252	252	-1327.8515	-1319.4163	-1325.3863	8.4352149	-1324.8124	-1322.2257	-1316.3319
253	253	-1246.8659	-1235.4508	-1241.1127	11.415162	-1243.7618	-1238.0006	-1232.1083
254	254	-952.61055	-924.28822	-930.20941	28.322335	-949.27392	-926.66059	-920.76779
255	255	-1176.0241	-1171.3814	-1177.4619	4.6426903	-1172.8907	-1173.7862	-1168.464
256	256	-1558.3424	-1544.4162	-1549.787	13.926264	-1555.4383	-1547.2779	-1541.3849
257	257	-1119.5972	-1103.5564	-1109.4794	16.040783	-1116.4132	-1106.0677	-1100.1787
258	258	-1313.0545	-1314.6068	-1320.5181	-1.5523487	-1309.9942	-1317.2451	-1311.8121
259	259	-1222.646	-1171.0151	-1177.0129	51.630872	-1219.4855	-1173.9361	-1168.0437
260	260	-1343.3726	-1338.5542	-1344.7774	4.8184114	-1340.3401	-1341.3738	-1335.4825
261	261	-1272.9618	-1253.6319	-1259.5591	19.329881	-1269.8875	-1256.4453	-1250.5527
262	262	-1003.8857	-988.58007	-994.53717	15.30565	-1000.6279	-990.95317	-985.06115
263	263	-1518.5171	-1502.2232	-1508.1745	16.293882	-1515.5923	-1505.0655	-1499.1715
264	264	-1097.3889	-1083.0329	-1088.9907	14.356039	-1094.1726	-1085.6855	-1079.7936
265	265	-846.26779	-819.68132	-824.9606	26.586465	-842.83689	-821.8665	-816.02188
266	266	-1600.142	-1581.2632	-1587.132	18.878801	-1597.2604	-1584.1623	-1578.2656
267	267	-1144.3685	-1129.4113	-1135.3531	14.957149	-1141.2013	-1131.9243	-1126.0313
268	268	-1244.5728	-1239.5368	-1245.1795	5.0359257	-1241.4696	-1241.9915	-1235.6973
269	269	-999.25733	-977.47143	-983.1092	21.785901	-995.95852	-979.84423	-973.95122
270	270	-912.70439	-874.53697	-880.43692	38.167419	-909.34422	-876.90658	-871.01621
271	271	-966.06918	-944.66984	-950.65976	21.399337	-962.71546	-947.79415	-941.90134
272	272	-894.18807	-850.98636	-856.88001	43.201705	-890.76784	-853.48886	-847.59619
273	273	-997.4438	-986.20621	-992.22526	11.237589	-994.17133	-988.54912	-982.6557
274	274	-1215.03	-1209.1244	-1214.8493	5.9056117	-1211.911	-1211.3991	-1205.7026
275	275	-937.55612	-933.73784	-939.26912	3.8182739	-934.21175	-934.31978	-930.10198
276	276	-907.83594	-877.73651	-883.07597	30.099437	-904.47374	-880.49306	-874.81915
277	277	-1385.9908	-1359.9578	-1365.8733	26.033013	-1382.9754	-1362.9023	-1357.0094
278	278	-628.04924	-605.73375	-611.68023	22.315491	-624.33006	-607.54697	-601.65385
279	279	-872.3985	-862.86329	-868.86463	9.5352078	-868.98459	-865.30538	-859.41135
280	280	-1149.9703	-1105.783	-1111.7086	44.187283	-1146.7951	-1109.0309	-1103.14
281	281	-939.58305	-913.51504	-919.42549	26.068016	-936.23375	-915.83773	-909.94558
282	282	-880.57626	-881.70606	-887.47218	-1.1298031	-877.17726	-885.02061	-878.88757
283	283	-1075.0484	-1070.911	-1076.944	4.1373492	-1071.8313	-1073.7331	-1067.8409
284	284	-1448.688	-1445.0668	-1450.7402	3.6211673	-1445.7158	-1446.905	-1441.7974
285	285	-1105.0792	-1093.3706	-1099.3783	11.708657	-1101.8885	-1095.8179	-1089.9249
286	286	-1405.9282	-1395.5321	-1401.5567	10.396096	-1402.9394	-1398.5952	-1392.7014
287	287	-1471.6542	-1444.7705	-1450.7251	26.883722	-1468.6903	-1448.5161	-1442.6211
288	288	-1629.4668	-1629.2803	-1635.908	0.18659536	-1626.5832	-1631.5425	-1625.7243
289	289	-959.39416	-951.7434	-957.73803	7.6507603	-956.07521	-954.1676	-948.27636
290	290	-1450.3784	-1445.7145	-1451.7101	4.6638869	-1447.4005	-1448.4018	-1442.5105
291	291	-1864.0392	-1854.4958	-1858.3312	9.5434224	-1861.2548	-1855.3929	-1851.8995
292	292	-1287.7589	-1286.2062	-1292.4063	1.5527022	-1284.6968	-1288.2048	-1282.7194
293	293	-1086.7038	-1083.0371	-1089.0182	3.6667305	-1083.5062	-1085.4354	-1079.5346
294	294	-1499.3508	-1489.7149	-1495.3859	9.6358494	-1496.4021	-1492.4847	-1486.592
295	295	-1534.6502	-1514.6267	-1520.4079	20.023487	-1531.6474	-1517.6669	-1511.7745
296	296	-869.08225	-858.62987	-864.63598	10.452381	-865.66064	-861.61041	-855.7217
297	297	-776.17422	-738.36573	-744.26801	37.808487	-772.68658	-740.54866	-734.65486
298	298	-741.37289	-714.03046	-719.98242	27.342428	-737.81191	-716.07284	-710.18073
299	299	-1019.9546	-989.79413	-995.69389	30.160516	-1016.6715	-992.46723	-986.57732
300	300	-1115.3203	-1064.4227	-1070.3382	50.897548	-1112.1142	-1067.0195	-1061.1252
301	301	-1916.2975	-1917.4189	-1922.28	-1.1213281	-1913.5537	-1921.006	-1915.2951
302	302	-1636.2947	-1626.8314	-1632.7633	9.4633516	-1633.4215	-1630.3046	-1624.4139
303	303	-1154.9688	-1130.5335	-1136.4653	24.435293	-1151.8121	-1133.1248	-1127.2308
304	304	-819.57861	-821.12531	-827.04389	-1.5467009	-816.16428	-823.22978	-817.77571
305	305	-741.33485	-720.33584	-726.29772	20.999005	-737.78119	-722.36134	-716.46886
306	306	-1715.3667	-1709.0682	-1714.9997	6.2985339	-1712.5205	-1712.8593	-1706.9687
307	307	-1256.2369	-1250.5694	-1257.072	5.6674819	-1253.1491	-1253.561	-1247.6701
308	308	-976.90204	-971.5086	-977.50336	5.3934374	-973.58972	-974.00536	-968.11429
309	309	-1061.2009	-1031.2013	-1036.9525	29.999557	-1057.9602	-1033.7108	-1027.8191
310	310	-1035.3166	-1034.4589	-1040.8148	0.85768341	-1032.0747	-1036.1831	-1030.3343
311	311	-1443.0045	-1436.4414	-1441.526	6.5630962	-1440.0195	-1438.0894	-1433.3627
312	312	-730.65688	-674.63519	-680.54379	56.021696	-727.08036	-676.73855	-670.84462
313	313	-1128.9396	-1100.6164	-1106.4174	28.323217	-1125.7287	-1103.1564	-1097.2635
314	314	-988.23478	-965.46706	-971.40653	22.767721	-984.92676	-968.11781	-962.2253
315	315	-1053.0492	-1035.7745	-1041.726	17.274697	-1049.8145	-1038.2104	-1032.3184
316	316	-1351.2872	-1350.1089	-1356.2919	1.1783453	-1348.2505	-1351.9004	-1346.202
317	317	-1614.9061	-1597.6503	-1603.6129	17.255839	-1612.009	-1600.5311	-1594.638
318	318	-1393.0757	-1390.0783	-1396.1861	2.9973958	-1390.0579	-1392.9324	-1386.4534
319	319	-984.87371	-979.36825	-985.61746	5.5054578	-981.58771	-982.22742	-976.54389
320	320	-1710.4497	-1706.8863	-1712.7756	3.563464	-1707.6002	-1709.6568	-1703.5819
321	321	-1523.0387	-1511.6953	-1517.634	11.343437	-1520.0942	-1514.7956	-1508.8975
322	322	-1324.2352	-1309.0927	-1315.1101	15.142514	-1321.164	-1312.4351	-1306.5422
323	323	-929.25331	-911.67936	-917.60914	17.573945	-925.92607	-914.28814	-908.39373
324	324	-1916.5157	-1916.6914	-1919.5107	-0.17566838	-1913.7806	-1918.1843	-1914.2516
325	325	-1107.3084	-1102.1488	-1108.0498	5.1595879	-1104.1122	-1104.4959	-1098.6035
326	326	-848.87284	-833.53409	-838.67584	15.338742	-845.45365	-835.27235	-830.18006
327	327	-1321.9972	-1311.6293	-1317.5959	10.367867	-1318.9456	-1314.4382	-1308.5469
328	328	-1668.7813	-1664.6695	-1670.75	4.1117112	-1665.9261	-1667.6298	-1661.7361
329	329	-1112.0184	-1102.9088	-1108.6165	9.1096017	-1108.8425	-1105.3524	-1099.4615
330	330	-1558.6658	-1544.5706	-1550.4862	14.095252	-1555.7494	-1547.5688	-1541.6732
331	331	-1100.627	-1090.4712	-1096.4864	10.155752	-1097.3999	-1093.1197	-1087.2275
332	332	-1623.5615	-1619.7863	-1625.8449	3.7751022	-1620.6917	-1622.3429	-1616.0321
333	333	-1040.814	-1006.0337	-1011.9812	34.780328	-1037.5746	-1009.3587	-1003.4656
334	334	-1445.5152	-1443.8779	-1449.6161	1.6373317	-1442.5317	-1446.0289	-1440.1117
335	335	-1932.9296	-1932.4209	-1936.7898	0.50862303	-1930.1881	-1934.4672	-1929.3402
336	336	-1321.5805	-1320.0239	-1325.6692	1.5565959	-1318.5723	-1322.7336	-1316.9297
337	337	-850.05774	-847.07822	-852.89662	2.9795228	-846.62115	-849.3042	-843.66493
338	338	-1328.3897	-1322.1456	-1328.179	6.2441057	-1325.3508	-1324.7347	-1318.8425
339	339	-993.31148	-986.32152	-991.77966	6.9899647	-990.01745	-988.57124	-982.67853
340	340	-876.8768	-867.54844	-873.49648	9.328351	-873.46867	-870.07734	-864.1847
341	341	-1500.9639	-1499.8063	-1505.7637	1.1575952	-1498.0368	-1502.1885	-1496.2374
342	342	-1165.3644	-1155.0584	-1160.7522	10.305932	-1162.2333	-1157.5811	-1151.688
343	343	-1045.467	-1005.4021	-1011.3695	40.064981	-1042.1972	-1008.1946	-1002.3017
344	344	-1433.4154	-1410.4211	-1416.3561	22.994303	-1430.4187	-1413.6283	-1407.734
345	345	-916.84132	-837.10696	-842.97356	79.734359	-913.26964	-839.4725	-833.58004
346	346	-1136.0458	-1122.6186	-1128.3214	13.427201	-1132.8864	-1125.3788	-1119.485
347	347	-1036.4277	-1025.702	-1031.7692	10.725723	-1033.175	-1028.0722	-1022.1792
348	348	-1072.5126	-1070.3899	-1076.318	2.1227624	-1069.3134	-1072.2019	-1066.7318
349	349	-1286.2399	-1273.5726	-1279.5172	12.667297	-1283.181	-1276.5423	-1270.6491
350	350	-1419.5158	-1407.2868	-1413.2949	12.228913	-1416.5636	-1410.4306	-1404.539
351	351	-1409.552	-1394.4302	-1400.3358	15.121833	-1406.5448	-1397.3549	-1391.4637
352	352	-911.73525	-897.96215	-903.90098	13.773104	-908.37315	-900.41768	-894.52381
353	353	-731.13332	-706.46363	-712.37017	24.669686	-727.56893	-708.48264	-702.59209
354	354	-1356.9829	-1355.5562	-1361.9068	1.426705	-1353.9309	-1358.0897	-1352.0754
355	355	-520.03917	-513.79798	-519.75931	6.2411966	-516.13908	-515.29434	-509.40195
356	356	-801.53728	-774.26142	-780.2719	27.275859	-798.09907	-776.48879	-770.5949
357	357	-759.78113	-750.91806	-756.94874	8.8630762	-756.26391	-752.9259	-747.03343
358	358	-1374.099	-1354.9205	-1360.8871	19.178505	-1371.0742	-1357.81	-1351.9171
359	359	-847.01527	-818.54181	-824.47277	28.473459	-843.60049	-820.79747	-814.90466
360	360	-1105.0687	-1090.5251	-1096.5313	14.543592	-1101.8602	-1093.1602	-1087.2702
361	361	-1385.1159	-1359.0811	-1365.0037	26.034766	-1382.0988	-1361.8815	-1355.9881
362	362	-979.27072	-957.15263	-963.07314	22.118092	-975.94983	-959.71259	-953.8193
363	363	-917.05074	-908.42156	-914.351	8.6291774	-913.70296	-910.99392	-905.1012
364	364	-842.62473	-830.18292	-836.11516	12.441807	-839.18641	-832.31379	-826.42181
365	365	-959.46276	-925.17348	-931.07045	34.289285	-956.129	-927.5622	-921.66766
366	366	-818.55939	-793.87428	-799.82492	24.685104	-815.08989	-796.47801	-790.58234
367	367	-890.91542	-879.5937	-885.54591	11.321719	-887.53491	-881.80151	-875.90693
368	368	-1246.2239	-1223.9528	-1229.8733	22.271184	-1243.1348	-1226.6146	-1220.722
369	369	-1329.9727	-1324.6878	-1330.6709	5.2849611	-1326.9306	-1327.3573	-1321.4648
370	370	-699.53199	-691.89162	-697.72266	7.6403702	-695.93883	-693.77866	-687.88662
371	371	-1203.958	-1204.1947	-1210.1013	-0.23670042	-1200.8628	-1206.5532	-1200.7563
372	372	-1024.1721	-1007.518	-1013.4379	16.654159	-1020.8958	-1010.3351	-1004.4425
373	373	-1079.1618	-1059.1495	-1065.0732	20.012371	-1075.9371	-1061.6308	-1055.7388
374	374	-998.33579	-981.91876	-987.83322	16.417024	-995.02618	-984.2343	-978.34071
375	375	-1003.6546	-992.12188	-997.75296	11.532762	-1000.3783	-994.44924	-988.55514
376	376	-1321.1797	-1304.8097	-1310.7726	16.370019	-1318.1351	-1307.6417	-1301.7479
377	377	-714.89923	-696.95344	-702.96278	17.945791	-711.35434	-698.97584	-693.08651
378	378	-1042.0793	-1017.0319	-1022.934	25.047489	-1038.83	-1019.6809	-1013.7883
379	379	-1130.9279	-1127.0589	-1133.5494	3.8689781	-1127.7836	-1129.5572	-1123.665
380	380	-1495.9916	-1490.4339	-1496.1848	5.5576884	-1493.0201	-1493.102	-1487.2042
381	381	-856.37336	-827.66561	-833.59783	28.707743	-852.96121	-829.93439	-824.04198
382	382	-1213.4164	-1198.6803	-1204.6193	14.736118	-1210.2761	-1201.5631	-1195.6704
383	383	-894.41117	-894.72085	-899.39751	-0.30968347	-891.03929	-895.44072	-891.60543
384	384	-1276.1977	-1258.2821	-1264.1976	17.915594	-1273.1037	-1261.3924	-1255.5029
385	385	-1110.5185	-1101.0579	-1107.0344	9.4606529	-1107.3415	-1103.6996	-1097.8072
386	386	-1242.4996	-1218.5139	-1224.4298	23.985746	-1239.382	-1221.8226	-1215.9306
387	387	-854.74086	-834.70921	-840.64297	20.031658	-851.31977	-836.9161	-831.02531
388	388	-1431.6155	-1431.0372	-1437.1203	0.57835771	-1428.6398	-1433.5067	-1427.3927
389	389	-1256.0944	-1245.3311	-1251.3491	10.763346	-1253.0071	-1247.9075	-1242.0178
390	390	-1067.2336	-1054.5014	-1060.4967	12.732206	-1063.9979	-1057.1224	-1051.2298
391	391	-1230.7207	-1228.9651	-1235.1178	1.7555911	-1227.6437	-1231.3321	-1225.0617
392	392	-834.99673	-804.79416	-810.71186	30.202569	-831.51516	-806.95914	-801.06754
393	393	-831.86665	-782.09295	-787.95502	49.773693	-828.38966	-784.29032	-778.3978
394	394	-1224.5538	-1223.66	-1228.2619	0.89378232	-1221.4411	-1224.0001	-1219.7541
395	395	-1294.8526	-1272.9086	-1278.8546	21.944041	-1291.7691	-1276.0518	-1270.1582
396	396	-948.60784	-938.56207	-944.57118	10.045771	-945.27682	-940.79533	-934.90143
397	397	-1149.4957	-1132.6242	-1138.2955	16.871544	-1146.3606	-1135.1918	-1129.2989
398	398	-792.03621	-791.48492	-797.40835	0.55128899	-788.57161	-793.58198	-787.70306
399	399	-1262.8538	-1253.6341	-1259.5172	9.2196943	-1259.7643	-1256.3572	-1250.466
400	400	-1857.2506	-1853.1644	-1857.3147	4.0861472	-1854.4354	-1856.3848	-1850.709
401	401	-1656.0852	-1653.6369	-1659.7092	2.4483367	-1653.2206	-1656.3857	-1650.2738
402	402	-1400.2259	-1380.6907	-1386.6088	19.535147	-1397.2092	-1383.8481	-1377.9518
403	403	-1363.1861	-1359.1521	-1365.3079	4.0340062	-1360.1729	-1361.9442	-1356.0534
404	404	-1097.0997	-1054.6286	-1060.5283	42.47109	-1093.8899	-1057.2491	-1051.3563
405	405	-1553.5982	-1553.0469	-1559.1465	0.55125215	-1550.7162	-1555.6903	-1549.7253
406	406	-1031.0813	-1020.2486	-1026.2573	10.832706	-1027.8309	-1022.6064	-1016.7136
407	407	-1159.4933	-1139.9525	-1145.8775	19.540785	-1156.3198	-1142.4886	-1136.5961
408	408	-1383.0596	-1376.9369	-1382.9269	6.1227215	-1380.0501	-1379.8506	-1373.9576
409	409	-1679.3214	-1651.4616	-1657.413	27.859743	-1676.4659	-1655.3133	-1649.4197
410	410	-1131.6904	-1127.1496	-1133.0691	4.5407709	-1128.5326	-1129.5961	-1123.7029
411	411	-1135.3285	-1127.9417	-1133.867	7.3868141	-1132.1623	-1130.9045	-1125.009
412	412	-1632.2608	-1617.4153	-1623.3975	14.845505	-1629.3921	-1620.8057	-1614.9195
413	413	-1477.4213	-1477.3158	-1483.4536	0.10557432	-1474.467	-1479.5981	-1473.6455
414	414	-1405.6013	-1380.9032	-1386.8608	24.69806	-1402.6173	-1383.7401	-1377.8478
415	415	-1282.8997	-1269.9316	-1275.8731	12.968116	-1279.8193	-1272.6988	-1266.8059
416	416	-1354.4764	-1334.717	-1340.619	19.759473	-1351.4376	-1337.4348	-1331.542
417	417	-1771.5698	-1770.8651	-1776.7236	0.70465981	-1768.7265	-1773.4599	-1767.5049
418	418	-931.80154	-921.29911	-927.2793	10.50243	-928.46611	-923.89178	-918.00003
419	419	-1921.1682	-1916.8078	-1920.4409	4.3604221	-1918.3747	-1919.1645	-1914.166
420	420	-848.90552	-834.39856	-839.9031	14.506962	-845.49518	-836.59951	-830.70377
421	421	-1209.4928	-1200.6857	-1206.712	8.8071904	-1206.3538	-1203.5768	-1197.6859
422	422	-1140.4798	-1107.7678	-1113.708	32.712005	-1137.2948	-1110.3697	-1104.4712
423	423	-894.40048	-854.62315	-860.55087	39.777338	-891.0199	-856.99029	-851.09531
424	424	-783.82276	-772.59643	-778.54476	11.22633	-780.32306	-774.66983	-768.775
425	425	-1321.8599	-1297.146	-1303.0776	24.713962	-1318.8135	-1300.0525	-1294.1591
426	426	-1177.988	-1153.5087	-1159.5974	24.479296	-1174.8358	-1156.4805	-1150.5865
427	427	-966.80424	-954.34474	-960.312	12.459497	-963.49907	-956.89433	-951.00178
428	428	-1415.2693	-1408.1949	-1414.2811	7.0744855	-1412.2805	-1411.0132	-1405.122
429	429	-1262.3559	-1253.2259	-1259.1815	9.1299691	-1259.2735	-1255.7794	-1249.8871
430	430	-1600.2679	-1591.8657	-1597.4797	8.4022371	-1597.3746	-1594.8071	-1588.9166
431	431	-1307.1656	-1295.8677	-1301.8303	11.297965	-1304.0985	-1298.9046	-1293.0134
432	432	-868.45202	-868.42825	-874.34194	0.023767448	-865.06124	-871.36238	-865.47639
433	433	-1089.6592	-1075.1378	-1081.1228	14.52143	-1086.435	-1077.5809	-1071.6837
434	434	-1270.8313	-1253.8056	-1259.7466	17.025745	-1267.7594	-1256.5967	-1250.7035
435	435	-1317.1378	-1296.6714	-1302.6489	20.466406	-1314.1111	-1299.8452	-1293.952
436	436	-896.90657	-880.53273	-886.5015	16.373849	-893.53123	-882.78118	-876.88805
437	437	-1254.7087	-1251.1861	-1257.0878	3.5225965	-1251.6032	-1253.7513	-1247.8589
438	438	-1721.3906	-1719.1885	-1724.0535	2.2020715	-1718.564	-1721.1248	-1715.8543
439	439	-1433.5925	-1432.6534	-1439.4395	0.93905315	-1430.6324	-1435.6083	-1429.6084
440	440	-626.11232	-609.10315	-615.06907	17.009174	-622.37269	-611.40367	-605.51195
441	441	-997.74376	-978.75199	-984.70276	18.991771	-994.46117	-981.34931	-975.45714
442	442	-1877.7679	-1856.3589	-1862.3118	21.409037	-1875.005	-1859.4782	-1853.5867
443	443	-911.8148	-881.94702	-887.85889	29.867781	-908.43409	-884.25724	-878.36478
444	444	-1072.1328	-1047.6872	-1053.591	24.44555	-1068.9169	-1050.207	-1044.3129
445	445	-964.4753	-957.44055	-962.84422	7.0347463	-961.18652	-959.70528	-953.81191
446	446	-705.55779	-682.2338	-688.18974	23.323989	-701.94037	-684.60461	-678.71338
447	447	-1093.6148	-1075.3051	-1081.2232	18.309621	-1090.3896	-1078.1233	-1072.2334
448	448	-891.93721	-875.29561	-881.22609	16.641604	-888.52965	-877.48841	-871.59614
449	449	-1892.6307	-1868.538	-1874.6085	24.092701	-1889.8604	-1872.1839	-1866.2905
450	450	-877.85297	-863.96222	-869.95158	13.890758	-874.46747	-866.17667	-860.28452
451	451	-1028.933	-1013.5017	-1019.4497	15.431315	-1025.6759	-1015.8888	-1009.9969
452	452	-983.4243	-974.29878	-980.3011	9.1255237	-980.15059	-976.84885	-970.95729
453	453	-1022.6903	-1003.5426	-1009.4771	19.147671	-1019.4154	-1005.9355	-1000.0428
454	454	-934.13314	-893.4509	-899.34961	40.682244	-930.76636	-895.81584	-889.92561
455	455	-1549.0421	-1536.6056	-1542.5247	12.436451	-1546.1318	-1539.4263	-1533.5328
456	456	-874.93738	-872.73799	-878.7569	2.1993821	-871.56563	-874.53557	-868.53671
457	457	-1291.6949	-1283.0963	-1288.8123	8.5985994	-1288.6259	-1285.8405	-1279.9454
458	458	-1095.9452	-1082.3815	-1088.2987	13.563667	-1092.7492	-1084.8402	-1078.9475
459	459	-1132.9919	-1081.5183	-1087.3571	51.473602	-1129.8236	-1084.1725	-1078.2805
460	460	-1168.4414	-1156.066	-1162.0273	12.375412	-1165.2996	-1158.748	-1152.8578
461	461	-798.49953	-797.04838	-803.06958	1.4511437	-795.03774	-798.19741	-793.26803
462	462	-1392.6225	-1383.0323	-1389.0502	9.5901088	-1389.5944	-1385.6876	-1379.7958
463	463	-1138.3816	-1135.1053	-1141.2857	3.2762945	-1135.2479	-1137.475	-1131.6174
464	464	-1227.45	-1217.7628	-1223.5027	9.6872256	-1224.3335	-1220.2807	-1214.3882
465	465	-1268.9789	-1263.3382	-1269.4366	5.6406871	-1265.8688	-1266.2036	-1260.31
466	466	-1547.5236	-1547.8114	-1551.4393	-0.28786087	-1544.5925	-1550.082	-1545.4456
467	467	-931.16103	-896.55767	-902.44728	34.603356	-927.79621	-898.91838	-893.02684
468	468	-1486.0322	-1456.2344	-1462.1242	29.797816	-1483.0704	-1459.113	-1453.2208
469	469	-794.92778	-769.87176	-775.81095	25.056021	-791.44482	-772.03237	-766.14008
470	470	-1129.0425	-1095.6811	-1101.5907	33.361381	-1125.8462	-1098.4551	-1092.5636
471	471	-1253.1853	-1240.3867	-1246.381	12.798545	-1250.1035	-1242.974	-1237.0834
472	472	-872.94184	-847.16467	-853.09086	25.777171	-869.53514	-849.74154	-843.85146
473	473	-1153.3153	-1109.9742	-1115.783	43.341043	-1150.1346	-1112.6351	-1106.7427
474	474	-1086.6633	-1052.607	-1058.5166	34.05625	-1083.4591	-1055.1881	-1049.2942
475	475	-1693.5923	-1692.0976	-1696.9484	1.4947202	-1690.7587	-1695.5619	-1688.6466
476	476	-1050.1434	-1048.1531	-1054.0532	1.9902373	-1046.921	-1049.7107	-1043.979
477	477	-1874.4754	-1868.9556	-1872.265	5.5197572	-1871.7282	-1871.5146	-1866.4942
478	478	-713.92656	-706.52341	-712.58113	7.4031476	-710.35141	-708.43309	-702.54221
479	479	-1736.2707	-1730.451	-1734.4938	5.8196312	-1733.4231	-1730.9501	-1727.6934
480	480	-1398.8854	-1388.4046	-1394.2991	10.48074	-1395.886	-1391.086	-1385.1939
481	481	-1062.1378	-1044.4356	-1048.8576	17.702235	-1058.9047	-1045.847	-1041.5466
482	482	-1060.295	-1045.6148	-1051.3395	14.680239	-1057.0666	-1048.0304	-1042.1382
483	483	-1940.2674	-1933.0685	-1938.6394	7.1989094	-1937.5342	-1936.0864	-1930.1921
484	484	-1907.7802	-1906.9675	-1912.0889	0.81270256	-1905.041	-1909.1935	-1904.1309
485	485	-1574.1158	-1568.6622	-1573.2791	5.4535987	-1571.1894	-1570.0505	-1565.5173
486	486	-1411.5603	-1413.0933	-1418.9959	-1.5329411	-1408.56	-1416.0934	-1409.0373
487	487	-1156.4866	-1122.1915	-1128.0861	34.295079	-1153.3236	-1124.8322	-1118.9398
488	488	-802.98574	-761.169	-767.11246	41.816735	-799.4648	-763.32837	-757.43613
489	489	-1505.4633	-1504.7668	-1508.8267	0.69651339	-1502.5215	-1507.6253	-1501.6885
490	490	-826.57534	-783.30647	-789.21253	43.268864	-823.09874	-785.51837	-779.62523
491	491	-1280.6061	-1257.2015	-1263.1118	23.404585	-1277.5361	-1259.8945	-1254.0017
492	492	-1342.8373	-1332.8058	-1338.6999	10.031569	-1339.7905	-1335.6144	-1329.7162
493	493	-1832.4031	-1829.4251	-1834.2852	2.9779698	-1829.6471	-1832.9154	-1827.0701
494	494	-988.05607	-975.7445	-981.92647	12.311574	-984.76212	-978.58683	-972.69709
495	495	-1402.3409	-1385.362	-1391.2683	16.978914	-1399.3349	-1388.2861	-1382.3937
496	496	-1307.7546	-1302.9852	-1308.1573	4.7693914	-1304.6712	-1305.0676	-1299.7912
497	497	-709.31548	-669.91621	-675.87124	39.399275	-705.70846	-672.29331	-666.40075
498	498	-905.45859	-902.65591	-909.185	2.8026776	-902.10203	-904.72063	-898.98098
499	499	-526.42786	-509.55097	-515.51179	16.87689	-522.52373	-511.08484	-505.19217
