No.	ID	loglik_NUll	loglik_RES	loglik_all	log_ratio	loglik_Max1	loglik_Max2	loglik_Max3
0	0	-1123.0753	-1053.8163	-1059.7493	69.259053	-1120.245	-1055.7103	-1049.8186
1	1	-1606.0012	-1536.3528	-1539.8795	69.648415	-1602.9484	-1536.3939	-1532.9418
2	2	-1848.8237	-1831.9282	-1837.7552	16.895472	-1846.0411	-1834.3336	-1828.4411
3	3	-1440.3665	-1372.8877	-1378.7902	67.478793	-1437.8674	-1375.0599	-1369.1676
4	4	-970.41454	-889.22345	-895.15681	81.191089	-967.46445	-890.95812	-885.06576
5	5	-1412.0452	-1390.6111	-1396.6481	21.434099	-1409.0589	-1392.7336	-1386.8386
6	6	-1289.9448	-1257.6996	-1263.8283	32.245232	-1286.879	-1260.0634	-1254.1706
7	7	-1028.0546	-987.66308	-993.69637	40.391562	-1024.799	-989.54013	-983.64857
8	8	-928.081	-908.66328	-912.77469	19.417724	-924.74712	-908.42104	-904.36998
9	9	-1430.3902	-1410.5353	-1416.5744	19.854987	-1427.4075	-1412.7423	-1406.8528
10	10	-1308.5685	-1285.422	-1291.5959	23.146552	-1305.5067	-1287.5432	-1281.6522
11	11	-1555.5313	-1530.2325	-1536.257	25.298756	-1552.6133	-1532.4391	-1526.5461
12	12	-1523.1161	-1472.4444	-1478.3963	50.671718	-1520.4148	-1474.7365	-1468.8441
13	13	-1377.6033	-1334.5208	-1340.496	43.082462	-1374.5651	-1336.6327	-1330.7395
14	14	-1207.5084	-1121.9171	-1127.8191	85.59133	-1204.4284	-1123.9541	-1118.062
15	15	-1257.1337	-1181.3571	-1187.2851	75.776547	-1253.9822	-1183.5426	-1177.6506
16	16	-1336.3227	-1278.4185	-1284.157	57.904153	-1333.2452	-1280.4801	-1274.5866
17	17	-1474.744	-1407.3211	-1413.2639	67.422893	-1472.2541	-1409.5975	-1403.7058
18	18	-1142.6111	-1101.5539	-1106.1638	41.057249	-1139.407	-1102.7063	-1097.4751
19	19	-1541.8606	-1495.7617	-1501.6909	46.098921	-1538.8921	-1497.9892	-1492.0975
20	20	-1157.4228	-1105.9734	-1111.9311	51.449416	-1154.2202	-1107.9769	-1102.0845
21	21	-1736.7194	-1668.6856	-1674.7018	68.033802	-1734.1622	-1671.1186	-1665.2304
22	22	-1477.792	-1390.2945	-1396.2	87.49751	-1474.7779	-1392.6984	-1386.8061
23	23	-1477.838	-1444.001	-1449.9354	33.836987	-1474.8459	-1446.1698	-1440.279
24	24	-1318.8451	-1257.5245	-1263.458	61.320567	-1315.7851	-1259.6538	-1253.7585
25	25	-930.51795	-851.34743	-857.26674	79.170518	-926.79031	-852.97644	-847.08496
26	26	-1569.2399	-1560.4147	-1566.0214	8.8251496	-1566.3021	-1562.6111	-1556.7156
27	27	-701.16398	-614.86139	-620.78363	86.302593	-697.52957	-616.04733	-610.15522
28	28	-1162.3373	-1073.9258	-1079.8357	88.411503	-1159.8473	-1075.8962	-1070.0023
29	29	-921.74057	-906.35506	-912.05815	15.385516	-918.36961	-908.07616	-902.18277
30	30	-1703.1936	-1670.8199	-1676.3506	32.373677	-1700.321	-1673.214	-1667.3214
31	31	-1319.4672	-1266.9492	-1272.8704	52.51792	-1316.4132	-1269.0445	-1263.1522
32	32	-1516.9377	-1483.2363	-1489.1904	33.701369	-1514.0235	-1485.6418	-1479.7491
33	33	-1440.9716	-1421.2331	-1427.0231	19.738497	-1437.9644	-1423.806	-1417.9128
34	34	-1442.6664	-1384.6226	-1390.559	58.043796	-1440.6078	-1387.0487	-1381.1554
35	35	-1461.7219	-1449.5141	-1455.6025	12.207814	-1458.7681	-1451.9017	-1446.0101
36	36	-1424.4788	-1381.9101	-1387.8731	42.568701	-1421.4801	-1384.1518	-1378.2625
37	37	-1156.2505	-1107.3389	-1112.9368	48.911614	-1153.059	-1109.363	-1103.4702
38	38	-1504.8887	-1463.2018	-1469.1297	41.68692	-1501.9228	-1465.5307	-1459.6391
39	39	-1201.9688	-1144.9394	-1150.8558	57.02937	-1198.8269	-1147.0702	-1141.1778
40	40	-1360.1533	-1329.4599	-1335.5325	30.693422	-1357.1122	-1331.6349	-1325.7424
41	41	-1368.5473	-1321.5757	-1325.9167	46.971553	-1365.5124	-1322.1998	-1317.9622
42	42	-1588.0822	-1549.5679	-1555.5436	38.514313	-1585.5038	-1551.9671	-1546.0741
43	43	-1184.0001	-1125.1927	-1131.147	58.807383	-1180.8318	-1127.2661	-1121.3736
44	44	-1512.6829	-1454.8093	-1460.7498	57.873589	-1510.2636	-1457.1017	-1451.209
45	45	-1417.2453	-1382.7793	-1388.7527	34.465977	-1414.2448	-1384.9271	-1379.0337
46	46	-1512.4385	-1458.0044	-1463.9064	54.434034	-1510.4448	-1460.4487	-1454.5565
47	47	-1507.1084	-1441.0827	-1447.0063	66.025694	-1504.8144	-1443.6086	-1437.7163
48	48	-1204.5147	-1171.9442	-1177.9256	32.570512	-1201.3716	-1173.9735	-1168.0803
49	49	-1174.1707	-1129.6004	-1134.6588	44.570312	-1170.9969	-1131.1087	-1125.7242
50	50	-1614.4592	-1576.269	-1581.8146	38.190156	-1611.5315	-1578.94	-1573.0515
51	51	-1205.3833	-1158.5882	-1164.4085	46.795172	-1202.2391	-1160.6593	-1154.7676
52	52	-1174.9958	-1098.8169	-1104.7401	76.178894	-1172.6274	-1100.9337	-1095.0413
53	53	-1117.4108	-1034.2793	-1040.183	83.131531	-1114.143	-1036.2841	-1030.3942
54	54	-1392.774	-1304.0897	-1309.9136	88.68433	-1390.7506	-1306.308	-1300.4171
55	55	-1343.741	-1311.8418	-1317.8296	31.899162	-1340.7272	-1314.0535	-1308.1611
56	56	-1507.4061	-1446.7621	-1452.6955	60.643931	-1504.8161	-1449.3565	-1443.4621
57	57	-1249.0537	-1174.7718	-1180.3675	74.281869	-1246.0078	-1176.9327	-1171.0403
58	58	-1095.6061	-1052.3946	-1058.1387	43.21148	-1092.3929	-1054.3576	-1048.464
59	59	-922.53344	-897.93134	-904.00053	24.602108	-919.16129	-899.54066	-893.64836
60	60	-1953.5596	-1918.9711	-1923.6549	34.588476	-1951.3147	-1921.0281	-1916.3216
61	61	-875.65938	-853.79577	-859.80478	21.863615	-872.26287	-855.26542	-849.37361
62	62	-1153.7017	-1087.373	-1093.3293	66.328739	-1151.2918	-1089.3144	-1083.4222
63	63	-1085.707	-1060.9137	-1066.9535	24.793283	-1082.4619	-1062.655	-1056.7625
64	64	-1865.0345	-1850.1777	-1856.1165	14.856777	-1862.2655	-1852.5623	-1846.6652
65	65	-1320.1455	-1308.8081	-1314.8381	11.337408	-1317.1008	-1310.7625	-1304.8692
66	66	-1343.9508	-1276.1047	-1281.8778	67.846106	-1340.8814	-1278.2327	-1272.3395
67	67	-1347.9072	-1294.9425	-1300.854	52.964699	-1344.8501	-1297.1738	-1291.2815
68	68	-1335.9939	-1275.7216	-1281.6626	60.272269	-1333.2664	-1278.0233	-1272.1294
69	69	-1640.524	-1585.7742	-1591.6741	54.74986	-1639.9873	-1588.4119	-1582.5196
70	70	-1484.1217	-1456.8453	-1462.6882	27.276364	-1481.1348	-1459.0822	-1453.1893
71	71	-1122.7625	-1075.922	-1081.9042	46.840529	-1119.5445	-1077.9104	-1072.0183
72	72	-1184.4613	-1149.0083	-1154.3138	35.453006	-1181.3145	-1150.9223	-1145.031
73	73	-1143.4648	-1130.9605	-1136.8036	12.504255	-1140.2924	-1133.0354	-1127.1432
74	74	-1159.8887	-1097.4747	-1103.3808	62.413959	-1156.7016	-1099.5462	-1093.6541
75	75	-1228.7586	-1168.9038	-1174.641	59.854826	-1225.6021	-1171.0045	-1165.1124
76	76	-1339.9456	-1292.0081	-1297.97	47.937449	-1336.8945	-1294.1135	-1288.2196
77	77	-1231.0037	-1132.7769	-1138.7146	98.226794	-1228.8385	-1135.0246	-1129.1325
78	78	-1214.2203	-1177.7592	-1183.7361	36.461117	-1211.0736	-1179.6793	-1173.7855
79	79	-954.4179	-887.05457	-892.8217	67.363329	-951.06543	-888.69082	-882.79864
80	80	-1542.6441	-1538.9677	-1545.7026	3.6764672	-1539.7246	-1542.4234	-1534.7305
81	81	-1036.556	-990.92886	-996.87537	45.627157	-1033.2854	-992.78443	-986.89235
82	82	-1299.8677	-1258.9166	-1264.5561	40.951085	-1297.2548	-1260.967	-1255.0745
83	83	-1839.3993	-1801.5749	-1807.5491	37.824358	-1836.611	-1804.7602	-1798.868
84	84	-1572.5752	-1535.0145	-1541.0054	37.560661	-1569.6388	-1537.3942	-1531.4992
85	85	-1353.6636	-1316.8463	-1322.7569	36.81728	-1350.6134	-1319.0566	-1313.1637
86	86	-1003.3809	-968.76171	-974.75087	34.619159	-1000.0891	-970.57926	-964.6864
87	87	-1481.7874	-1462.8957	-1468.9798	18.891739	-1478.828	-1465.0874	-1459.1939
88	88	-1108.6579	-1064.2319	-1068.2262	44.426067	-1105.436	-1064.0991	-1060.2939
89	89	-936.23207	-874.17087	-879.99142	62.061208	-932.86737	-875.81034	-869.91658
90	90	-1162.6132	-1148.7953	-1154.4601	13.817978	-1159.4785	-1151.059	-1145.1676
91	91	-1474.4501	-1409.1363	-1415.0562	65.313801	-1471.2494	-1411.3744	-1405.4817
92	92	-1133.1448	-1093.4998	-1099.5073	39.645048	-1129.9622	-1095.5048	-1089.6099
93	93	-1710.3907	-1686.6514	-1692.6139	23.739248	-1707.5252	-1688.9335	-1683.0409
94	94	-937.84851	-849.08702	-854.99906	88.76149	-934.81309	-850.82224	-844.93019
95	95	-1892.8668	-1850.2984	-1856.2879	42.568383	-1890.051	-1852.9768	-1847.0841
96	96	-1167.969	-1144.5586	-1150.5158	23.410391	-1164.8021	-1146.4071	-1140.5125
97	97	-942.17018	-912.65502	-918.51382	29.515161	-938.82368	-914.36822	-908.4765
98	98	-1056.5229	-1006.5616	-1012.5557	49.961273	-1053.2951	-1008.5337	-1002.6416
99	99	-1321.2866	-1275.7975	-1281.792	45.489151	-1318.205	-1277.8459	-1271.953
100	100	-1173.7409	-1135.7058	-1141.7613	38.035049	-1170.5653	-1137.7253	-1131.831
101	101	-1302.7493	-1276.8052	-1282.6905	25.944155	-1299.6613	-1278.9198	-1273.0268
102	102	-1133.2225	-1083.7127	-1089.6827	49.509844	-1130.023	-1085.5881	-1079.697
103	103	-1381.8941	-1323.7796	-1329.6998	58.114523	-1379.1732	-1325.9748	-1320.0815
104	104	-1425.2913	-1413.3558	-1418.1672	11.935552	-1422.3018	-1413.9398	-1409.52
105	105	-1481.1243	-1481.4848	-1487.414	-0.36050657	-1478.1877	-1485.7575	-1479.6365
106	106	-1308.5836	-1261.7198	-1267.6049	46.863785	-1305.4996	-1263.7651	-1257.8714
107	107	-1596.3114	-1588.8136	-1594.936	7.4977602	-1593.405	-1590.925	-1585.032
108	108	-1144.7771	-1061.1392	-1067.064	83.637905	-1141.3812	-1063.2186	-1057.3267
109	109	-1003.2604	-954.95602	-960.94239	48.304414	-999.96319	-956.78714	-950.8949
110	110	-1327.1608	-1297.3957	-1303.3623	29.765153	-1324.1117	-1299.5719	-1293.6801
111	111	-1545.8669	-1525.3133	-1531.1419	20.553604	-1542.9585	-1527.5019	-1521.6094
112	112	-1517.1979	-1430.7778	-1436.6687	86.42009	-1514.5385	-1433.3583	-1427.4659
113	113	-1416.5136	-1360.9869	-1366.9162	55.526698	-1414.7965	-1363.3148	-1357.4223
114	114	-1497.4633	-1453.5577	-1459.2627	43.905562	-1494.4867	-1455.7791	-1449.8854
115	115	-1038.7551	-1003.3077	-1009.3369	35.447371	-1035.4522	-1005.0769	-999.18131
116	116	-1403.2517	-1384.7041	-1390.7993	18.547635	-1400.238	-1386.7132	-1380.8175
117	117	-1827.5734	-1787.2188	-1793.1233	40.354562	-1824.7449	-1789.6398	-1783.7478
118	118	-1284.9574	-1249.0434	-1254.9996	35.914007	-1281.8643	-1251.015	-1245.1235
119	119	-1401.4466	-1377.2888	-1383.4273	24.157747	-1398.4389	-1379.4892	-1373.5966
120	120	-918.24164	-843.32743	-849.25957	74.914216	-914.87316	-844.95145	-839.05846
121	121	-1344.3013	-1339.7936	-1345.2149	4.5076614	-1341.2605	-1341.7087	-1335.8206
122	122	-1627.5811	-1527.4486	-1533.3343	100.13255	-1625.7866	-1529.8986	-1524.0073
123	123	-2152.2941	-2120.3529	-2126.1039	31.941205	-2149.6225	-2123.0741	-2117.1828
124	124	-2149.8251	-2124.7145	-2130.7653	25.110547	-2147.069	-2127.4336	-2121.541
125	125	-1362.5774	-1354.1724	-1360.1785	8.4050709	-1359.5675	-1356.1467	-1350.2537
126	126	-1099.5589	-1056.3021	-1062.3299	43.256805	-1096.3569	-1058.3161	-1052.4244
127	127	-1634.1417	-1582.4084	-1587.8179	51.733261	-1631.2365	-1584.7696	-1578.8771
128	128	-1395.6846	-1342.7707	-1348.7257	52.91394	-1392.6591	-1345.0748	-1339.1814
129	129	-1198.9172	-1142.8517	-1148.7965	56.065508	-1195.7641	-1144.9425	-1139.0527
130	130	-1546.9398	-1496.1747	-1502.0893	50.765135	-1543.9929	-1498.588	-1492.6955
131	131	-1471.428	-1378.9551	-1384.8871	92.47282	-1468.8188	-1381.5156	-1375.623
132	132	-895.11986	-850.3694	-856.36843	44.750458	-891.71859	-852.02414	-846.13245
133	133	-1626.3114	-1587.0315	-1592.2301	39.279887	-1624.0928	-1589.2172	-1583.4591
134	134	-1229.6492	-1170.8356	-1176.7431	58.813662	-1226.5142	-1172.8144	-1166.9232
135	135	-927.11088	-853.41302	-858.20259	73.697856	-924.17131	-854.17122	-849.07942
136	136	-1266.3369	-1190.2572	-1196.168	76.079662	-1263.134	-1192.5114	-1186.6221
137	137	-1186.2592	-1145.0781	-1151.097	41.181041	-1183.112	-1146.9788	-1141.0867
138	138	-1601.8563	-1574.8549	-1580.6901	27.001436	-1598.9417	-1577.0985	-1571.2061
139	139	-1010.2999	-959.09609	-964.98703	51.203815	-1007.0118	-960.96441	-955.07073
140	140	-969.71957	-950.3885	-956.38637	19.331068	-966.41313	-952.07047	-946.1776
141	141	-1178.3261	-1086.7193	-1092.658	91.606798	-1175.9257	-1088.8879	-1082.9972
142	142	-1054.7952	-1001.3898	-1007.3302	53.405399	-1051.5252	-1003.1473	-997.25424
143	143	-1255.3894	-1211.3554	-1216.994	44.034044	-1252.2786	-1213.3673	-1207.4768
144	144	-1423.0159	-1392.5232	-1398.476	30.492782	-1420.0073	-1395.4033	-1389.513
145	145	-1111.7392	-1075.6047	-1081.5289	36.13448	-1108.5346	-1077.5384	-1071.643
146	146	-1358.4321	-1304.8439	-1310.8586	53.588216	-1355.3601	-1306.956	-1301.0631
147	147	-905.88345	-832.85552	-838.8051	73.027929	-902.47856	-834.39615	-828.50414
148	148	-1200.4509	-1126.5028	-1132.3937	73.948084	-1198.1728	-1128.4825	-1122.5895
149	149	-1195.3777	-1127.6548	-1133.5964	67.722969	-1192.2058	-1129.6987	-1123.8053
150	150	-1310.4099	-1230.2377	-1236.1662	80.172191	-1308.277	-1232.4327	-1226.54
151	151	-1231.9003	-1196.288	-1202.2132	35.612318	-1228.775	-1198.3628	-1192.4733
152	152	-1322.5936	-1253.8312	-1259.7804	68.76239	-1319.5401	-1255.9891	-1250.0964
153	153	-1426.7252	-1396.2339	-1401.5463	30.491316	-1423.7327	-1398.0553	-1392.4915
154	154	-1303.7949	-1242.7181	-1248.5943	61.076839	-1303.3617	-1244.781	-1238.888
155	155	-1577.6981	-1537.7506	-1543.7106	39.947554	-1574.7964	-1540.0571	-1534.1643
156	156	-1440.0793	-1415.4434	-1421.2471	24.635925	-1437.0978	-1417.5743	-1411.6858
157	157	-1229.2143	-1148.2014	-1154.1027	81.012865	-1227.309	-1150.4203	-1144.5289
158	158	-1501.4829	-1489.579	-1494.9961	11.903815	-1498.5478	-1492.0239	-1486.1245
159	159	-1939.251	-1901.9838	-1907.916	37.267176	-1936.4927	-1904.6475	-1898.7558
160	160	-1292.8529	-1240.3759	-1246.3262	52.47702	-1289.7514	-1242.4317	-1236.5405
161	161	-1291.4775	-1211.3502	-1217.2763	80.127229	-1289.3674	-1213.5992	-1207.7061
162	162	-1337.2524	-1297.932	-1303.8574	39.320477	-1334.1715	-1300.1123	-1294.2196
163	163	-1265.6794	-1176.1661	-1182.0693	89.513359	-1262.8772	-1178.2347	-1172.3427
164	164	-964.20534	-893.0308	-898.93703	71.174541	-960.83406	-894.62422	-888.73299
165	165	-1569.8698	-1527.2177	-1533.1855	42.652063	-1567.2596	-1529.5305	-1523.6378
166	166	-1150.6357	-1032.7356	-1038.6389	117.90015	-1148.0258	-1034.6665	-1028.7736
167	167	-1030.2504	-955.89158	-961.81346	74.358786	-1026.9728	-957.81842	-951.92581
168	168	-928.8221	-877.79041	-883.76466	51.031688	-925.45522	-879.51541	-873.62303
169	169	-1309.5693	-1285.895	-1291.8997	23.674349	-1306.5169	-1287.8982	-1282.0087
170	170	-1303.1037	-1257.405	-1263.3741	45.698767	-1300.0251	-1259.4654	-1253.5723
171	171	-1525.7752	-1512.2621	-1515.6553	13.51312	-1522.8249	-1511.5937	-1508.5778
172	172	-1404.2015	-1394.6768	-1399.4086	9.5247223	-1401.1605	-1395.9775	-1390.7167
173	173	-1562.2086	-1520.9073	-1526.8922	41.301323	-1559.2781	-1523.1936	-1517.3014
174	174	-1237.3457	-1192.0968	-1198.0715	45.248917	-1234.2014	-1194.0555	-1188.1625
175	175	-1377.873	-1345.0019	-1350.4944	32.871081	-1374.8384	-1347.1978	-1341.3054
176	176	-1225.8307	-1208.0278	-1213.6629	17.802944	-1222.7067	-1209.8893	-1203.9935
177	177	-1272.703	-1201.8249	-1207.7427	70.878119	-1269.5857	-1204.0244	-1198.1337
178	178	-1283.2945	-1224.247	-1230.2058	59.04755	-1280.3376	-1226.3414	-1220.4488
179	179	-1006.3343	-924.85038	-930.06596	81.483946	-1003.6023	-926.39259	-920.83354
180	180	-1476.378	-1412.1383	-1418.0805	64.239689	-1473.4097	-1414.5588	-1408.6666
181	181	-1343.0013	-1308.0948	-1310.3762	34.906492	-1339.9433	-1306.3054	-1304.252
182	182	-1345.8332	-1290.8901	-1293.6079	54.943103	-1342.7719	-1289.6284	-1287.106
183	183	-1408.8427	-1367.561	-1373.5483	41.281647	-1405.8284	-1369.8423	-1363.9495
184	184	-1698.8735	-1661.5822	-1667.5727	37.291288	-1695.9778	-1663.9481	-1658.0566
185	185	-926.03058	-845.91138	-851.87572	80.119197	-922.82021	-847.62631	-841.73413
186	186	-1380.1068	-1323.9898	-1329.9571	56.116972	-1377.0635	-1326.2835	-1320.3901
187	187	-1035.275	-996.64973	-1002.6728	38.625301	-1031.9994	-998.51367	-992.6225
188	188	-1402.58	-1348.6934	-1354.649	53.886592	-1399.5577	-1350.8678	-1344.9755
189	189	-1248.7971	-1181.1798	-1187.1265	67.617242	-1245.6734	-1183.2096	-1177.3163
190	190	-1585	-1554.252	-1560.3621	30.748049	-1582.1011	-1556.909	-1551.0157
191	191	-1923.9695	-1916.2379	-1922.1768	7.7316803	-1921.148	-1918.5571	-1912.664
192	192	-1098.674	-1015.7816	-1021.7023	82.892355	-1095.8938	-1017.7016	-1011.809
193	193	-1261.9794	-1220.0483	-1226.004	41.931112	-1258.8884	-1222.1798	-1216.2874
194	194	-1364.79	-1312.1328	-1318.0513	52.657195	-1361.7605	-1314.4065	-1308.5141
195	195	-1388.2716	-1365.6191	-1370.914	22.652461	-1385.245	-1367.4947	-1361.8913
196	196	-1786.7621	-1773.552	-1779.7292	13.210079	-1783.9567	-1775.9139	-1770.0232
197	197	-1329.0809	-1246.3271	-1252.2442	82.753806	-1328.7449	-1248.4715	-1242.5782
198	198	-1694.141	-1653.851	-1659.7848	40.290004	-1692.005	-1656.2767	-1650.3829
199	199	-1601.7976	-1568.3477	-1574.3158	33.449939	-1598.8704	-1570.5818	-1564.6894
200	200	-1214.6256	-1143.0876	-1149.02	71.537954	-1211.2694	-1145.2429	-1139.3509
201	201	-1037.2667	-974.13436	-979.74517	63.132375	-1033.9937	-976.04588	-970.15487
202	202	-1596.1628	-1561.2836	-1567.2417	34.879211	-1593.2704	-1563.7429	-1557.8509
203	203	-1084.5967	-1049.3575	-1055.3893	35.239125	-1081.3817	-1051.2811	-1045.3876
204	204	-1161.3619	-1127.3594	-1133.3285	34.002465	-1158.2074	-1129.3716	-1123.4845
205	205	-1338.3181	-1313.8728	-1319.8932	24.44528	-1335.282	-1316.0276	-1310.1353
206	206	-1052.5588	-949.68445	-955.58747	102.87435	-1050.1091	-951.48146	-945.5895
207	207	-1085.5615	-1030.2452	-1036.0471	55.316348	-1082.3191	-1032.2029	-1026.3095
208	208	-1051.7557	-980.40397	-986.35109	71.35168	-1048.4572	-982.15631	-976.26412
209	209	-1532.5785	-1476.7682	-1482.6511	55.810296	-1530.5616	-1479.0192	-1473.1286
210	210	-1374.0473	-1320.5935	-1326.5111	53.453821	-1371.532	-1322.9351	-1317.044
211	211	-1962.1025	-1922.7792	-1928.779	39.323293	-1961.5245	-1926.3496	-1920.4527
212	212	-1031.0413	-960.51869	-966.40819	70.522593	-1027.7357	-962.23509	-956.34207
213	213	-1316.1141	-1285.3771	-1290.2506	30.736969	-1313.067	-1287.1755	-1281.5541
214	214	-1564.9943	-1520.7508	-1525.1531	44.243475	-1562.0513	-1522.5611	-1517.1339
215	215	-1345.0775	-1322.7909	-1328.4651	22.286518	-1342.0209	-1324.7898	-1318.8979
216	216	-1269.702	-1227.0279	-1232.3756	42.674113	-1266.5742	-1228.5554	-1223.2237
217	217	-1599.2163	-1558.9877	-1565.0224	40.228602	-1596.3032	-1561.3142	-1555.4207
218	218	-1601.0971	-1554.3831	-1560.4294	46.713989	-1598.1865	-1556.8103	-1550.9161
219	219	-2074.2868	-2051.0579	-2056.3757	23.228921	-2071.5304	-2053.5729	-2047.7001
220	220	-1043.3347	-994.71862	-1000.5126	48.616084	-1040.083	-996.6095	-990.71673
221	221	-1169.7495	-1147.4318	-1151.8018	22.31764	-1166.5836	-1147.7991	-1143.3824
222	222	-895.84767	-874.67843	-879.82591	21.169236	-892.46487	-875.88723	-870.41195
223	223	-1195.6366	-1124.007	-1129.9296	71.629616	-1192.3202	-1126.2162	-1120.3236
224	224	-1640.2774	-1626.3493	-1632.4566	13.928194	-1637.419	-1628.5851	-1622.6935
225	225	-1375.4974	-1356.8308	-1362.9175	18.666599	-1372.4986	-1358.9841	-1353.0914
226	226	-846.79386	-795.3589	-801.25971	51.434959	-843.32527	-796.89966	-791.00816
227	227	-1062.5605	-1047.9638	-1053.9483	14.596653	-1059.3061	-1049.6416	-1043.7486
228	228	-1186.5303	-1145.9735	-1151.9538	40.556731	-1183.3678	-1147.9843	-1142.0903
229	229	-1604.6979	-1565.7167	-1571.3215	38.981169	-1601.7908	-1568.1697	-1562.2772
230	230	-1360.5812	-1335.1438	-1341.1	25.437386	-1357.5453	-1337.1778	-1331.2853
231	231	-1573.618	-1537.2823	-1543.2757	36.335652	-1570.6884	-1539.5468	-1533.6536
232	232	-1630.7352	-1592.4504	-1598.3353	38.284755	-1627.7608	-1594.9007	-1589.004
233	233	-1112.0757	-1028.6462	-1034.5775	83.429554	-1108.767	-1030.5033	-1024.6114
234	234	-1209.4198	-1150.6805	-1156.4804	58.739294	-1206.2563	-1152.788	-1146.8949
235	235	-972.29325	-897.48467	-903.40922	74.808583	-968.96296	-899.17402	-893.28197
236	236	-1175.7804	-1119.1888	-1125.1635	56.59164	-1172.636	-1121.3176	-1115.4258
237	237	-1252.2004	-1190.5699	-1196.5266	61.630582	-1249.8446	-1192.6176	-1186.7261
238	238	-1391.045	-1354.9437	-1360.873	36.101279	-1388.0271	-1357.1674	-1351.2756
239	239	-1436.1645	-1387.6972	-1393.6229	48.467348	-1433.1427	-1389.8552	-1383.9625
240	240	-1684.9456	-1674.6378	-1680.5628	10.30782	-1682.0786	-1677.2396	-1671.347
241	241	-1276.8334	-1204.8906	-1210.8131	71.942891	-1274.0434	-1207.0798	-1201.1871
242	242	-1498.9667	-1471.3938	-1476.9234	27.572938	-1496.0144	-1473.5726	-1467.6804
243	243	-1289.8266	-1269.582	-1275.7583	20.244532	-1286.7584	-1271.6389	-1265.7448
244	244	-1312.3885	-1280.5679	-1286.5641	31.820662	-1309.2983	-1282.6775	-1276.7852
245	245	-2017.8671	-2007.7782	-2013.962	10.088971	-2015.1512	-2010.3208	-2004.4277
246	246	-1065.2044	-964.77187	-970.66661	100.43253	-1061.7562	-966.54298	-960.65027
247	247	-1364.5992	-1329.2589	-1335.2345	35.340309	-1361.5686	-1331.481	-1325.5881
248	248	-1341.8846	-1297.1496	-1303.0515	44.734975	-1339.2806	-1299.2687	-1293.3777
249	249	-1425.838	-1413.3015	-1419.1873	12.536498	-1422.8363	-1415.4195	-1409.5282
250	250	-1255.7561	-1230.1749	-1236.191	25.581241	-1252.6774	-1232.27	-1226.3743
251	251	-1298.3209	-1252.9793	-1258.7259	45.341583	-1295.2298	-1255.1896	-1249.2988
252	252	-844.62027	-777.8741	-783.6691	66.746174	-841.12919	-779.29193	-773.4002
253	253	-702.68097	-651.55349	-657.48284	51.127482	-699.06426	-652.84861	-646.95626
254	254	-1127.0399	-1070.5043	-1076.445	56.535539	-1123.8133	-1072.3677	-1066.4746
255	255	-969.48555	-892.78006	-898.70593	76.705495	-966.16835	-894.48142	-888.59038
256	256	-1489.0849	-1444.3899	-1450.3715	44.694941	-1486.0931	-1446.7214	-1440.8295
257	257	-1310.3557	-1279.7534	-1285.7344	30.6023	-1307.286	-1281.8704	-1275.979
258	258	-1356.1057	-1296.8517	-1302.7832	59.253953	-1353.0705	-1298.993	-1293.1002
259	259	-1296.2153	-1264.6289	-1270.6616	31.586439	-1293.1544	-1266.6722	-1260.7783
260	260	-1199.3297	-1154.6171	-1160.6328	44.712617	-1196.1608	-1156.6492	-1150.7586
261	261	-1520.0395	-1489.7941	-1495.8275	30.245402	-1517.087	-1492.0987	-1486.2068
262	262	-1127.7142	-1090.8522	-1096.8561	36.862005	-1124.5125	-1092.9203	-1087.0271
263	263	-1135.2322	-1028.4925	-1034.391	106.73968	-1131.6739	-1030.5612	-1024.6688
264	264	-1396.0035	-1370.8233	-1376.5964	25.180218	-1392.9993	-1373.0045	-1367.1121
265	265	-947.02535	-881.05327	-887.04481	65.97208	-943.66242	-882.6759	-876.782
266	266	-2098.4649	-2042.2026	-2048.0995	56.262228	-2099.0336	-2045.0132	-2039.1215
267	267	-1179.5343	-1101.8214	-1107.7292	77.712894	-1178.6085	-1103.9185	-1098.026
268	268	-1455.1781	-1400.4856	-1406.4302	54.692422	-1452.6062	-1402.9116	-1397.0176
269	269	-1070.032	-1023.6715	-1029.7081	46.360522	-1066.7849	-1025.5831	-1019.691
270	270	-1394.1569	-1381.1757	-1387.2132	12.98119	-1391.1544	-1383.1684	-1377.2774
271	271	-1606.8398	-1562.7938	-1568.7445	44.045959	-1603.9306	-1565.2425	-1559.3513
272	272	-1350.3756	-1303.9445	-1309.5483	46.431073	-1347.8635	-1306.0382	-1300.146
273	273	-1161.6491	-1094.8828	-1100.8407	66.766249	-1158.4504	-1096.9689	-1091.0775
274	274	-1405.0381	-1352.307	-1358.2946	52.731124	-1402.0336	-1354.6442	-1348.7506
275	275	-1302.8587	-1268.3115	-1274.3368	34.547198	-1299.8033	-1270.3753	-1264.4824
276	276	-995.26964	-945.06813	-951.04854	50.201512	-991.98651	-946.9296	-941.03737
277	277	-1275.0121	-1217.1846	-1223.1257	57.82748	-1271.9167	-1219.258	-1213.368
278	278	-985.3068	-911.6416	-917.57744	73.665199	-981.96516	-913.30357	-907.41083
279	279	-1104.4349	-1055.6303	-1061.1654	48.804614	-1101.2133	-1057.6093	-1051.7161
280	280	-1397.6337	-1342.271	-1348.1729	55.362652	-1394.6157	-1344.4396	-1338.5477
281	281	-1166.1439	-1142.3614	-1148.3941	23.78253	-1162.9682	-1144.2066	-1138.3152
282	282	-1339.1567	-1275.9134	-1281.9198	63.243326	-1336.11	-1278.2279	-1272.333
283	283	-1047.913	-976.12725	-982.03579	71.785755	-1046.751	-977.98329	-972.09073
284	284	-1387.6549	-1340.0917	-1346.0452	47.563236	-1384.61	-1342.3436	-1336.4524
285	285	-1534.4021	-1480.2581	-1485.6226	54.143941	-1531.4321	-1482.5129	-1476.6202
286	286	-1151.0268	-1072.6774	-1078.5896	78.349371	-1147.8199	-1074.7348	-1068.8423
287	287	-1338.565	-1299.8847	-1305.9108	38.680275	-1335.5085	-1302.0795	-1296.1854
288	288	-1348.5529	-1308.7212	-1314.1805	39.831738	-1345.4995	-1310.765	-1305.0422
289	289	-2111.8106	-2055.8431	-2061.7472	55.967555	-2109.1129	-2058.693	-2052.8007
290	290	-1320.348	-1298.5628	-1304.5898	21.785122	-1317.2808	-1300.6837	-1294.7918
291	291	-1238.4467	-1210.7113	-1216.5775	27.735442	-1235.3518	-1212.6893	-1206.7995
292	292	-1122.9122	-1120.2732	-1126.6705	2.6390266	-1119.7444	-1123.0732	-1114.5143
293	293	-1213.44	-1186.3635	-1192.3124	27.076501	-1210.3119	-1188.2717	-1182.3795
294	294	-1152.0064	-1114.7083	-1120.5798	37.29811	-1148.8223	-1116.6735	-1110.7799
295	295	-1177.5662	-1124.4163	-1130.423	53.14993	-1174.3931	-1126.4645	-1120.5718
296	296	-1410.7643	-1371.3587	-1377.1712	39.405683	-1407.744	-1373.5968	-1367.7046
297	297	-1047.5605	-1038.2533	-1044.1792	9.3071476	-1044.2806	-1039.8332	-1033.9408
298	298	-1795.3264	-1787.3511	-1793.0847	7.9753164	-1792.51	-1788.9788	-1783.8258
299	299	-1886.6934	-1867.5701	-1873.3433	19.123276	-1883.8997	-1870.0697	-1864.1772
300	300	-1194.6132	-1140.3243	-1146.2883	54.288917	-1191.4575	-1142.4275	-1136.535
301	301	-1637.1022	-1608.9635	-1614.8728	28.138726	-1634.1965	-1611.3371	-1605.4445
302	302	-1051.4829	-992.20667	-998.19399	59.276206	-1048.1971	-994.07774	-988.18775
303	303	-1385.097	-1305.305	-1311.1476	79.79203	-1382.4886	-1307.5015	-1301.6079
304	304	-1142.3308	-1072.8653	-1078.8207	69.465548	-1139.1501	-1074.9413	-1069.0478
305	305	-1349.3012	-1287.3832	-1293.2878	61.91806	-1349.249	-1289.6526	-1283.7614
306	306	-1595.387	-1541.5018	-1547.4639	53.885202	-1592.4535	-1543.926	-1538.0351
307	307	-1030.9449	-948.86085	-954.13002	82.084012	-1027.6401	-950.49021	-944.83726
308	308	-1347.7014	-1300.0049	-1305.9897	47.696479	-1345.5509	-1302.1435	-1296.2502
309	309	-1398.8003	-1357.4267	-1363.4011	41.373615	-1395.7957	-1359.9877	-1354.0969
310	310	-1226.9311	-1174.6971	-1179.2574	52.234089	-1223.7939	-1175.5686	-1170.7997
311	311	-1312.0172	-1266.6902	-1272.555	45.327038	-1309.2461	-1268.8989	-1263.0066
312	312	-752.00377	-725.16555	-731.22991	26.83822	-748.44559	-726.53124	-720.63879
313	313	-1227.5299	-1187.5746	-1193.4317	39.955305	-1224.3921	-1189.6421	-1183.7498
314	314	-1271.0366	-1210.3255	-1216.2403	60.711117	-1267.9217	-1212.3366	-1206.4444
315	315	-1290.679	-1227.4905	-1233.4012	63.188542	-1287.582	-1229.563	-1223.6711
316	316	-1661.5818	-1596.1018	-1602.0066	65.480043	-1659.3234	-1598.6535	-1592.7613
317	317	-1291.1588	-1208.9097	-1214.532	82.249103	-1288.4307	-1211.0176	-1205.126
318	318	-1289.8279	-1245.6118	-1251.6125	44.216138	-1289.4847	-1247.6459	-1241.7532
319	319	-1148.6345	-1072.8003	-1078.7234	75.834116	-1146.5724	-1074.8877	-1068.9942
320	320	-1593.5225	-1573.066	-1579.0691	20.456506	-1590.6092	-1575.3804	-1569.4879
321	321	-1544.4525	-1540.1965	-1546.3033	4.2559306	-1541.4911	-1542.9934	-1537.0723
322	322	-981.59315	-922.88202	-928.84609	58.711129	-978.25055	-924.6626	-918.77076
323	323	-1739.1857	-1704.9018	-1710.6375	34.283824	-1736.3287	-1707.2829	-1701.387
324	324	-1437.9922	-1386.5567	-1392.4908	51.435515	-1437.2577	-1388.8278	-1382.935
325	325	-1511.143	-1468.3769	-1474.3324	42.766117	-1508.1679	-1470.5905	-1464.6979
326	326	-1427.6977	-1365.1569	-1371.0865	62.540804	-1424.5881	-1367.5345	-1361.6408
327	327	-1446.2093	-1428.3245	-1434.4427	17.884809	-1443.2416	-1430.5521	-1424.6621
328	328	-878.32963	-808.13832	-814.08846	70.191316	-874.90413	-809.78411	-803.89225
329	329	-1179.2332	-1124.9254	-1130.87	54.307814	-1176.0992	-1127.0408	-1121.1479
330	330	-1355.0954	-1319.4911	-1325.4753	35.604338	-1352.0549	-1321.7071	-1315.8159
331	331	-1437.3587	-1372.1862	-1378.1125	65.172537	-1434.7912	-1374.4944	-1368.6028
332	332	-1458.9761	-1383.473	-1389.4125	75.503119	-1456.3868	-1385.6695	-1379.7765
333	333	-1005.9596	-966.03224	-971.97747	39.927333	-1002.6941	-967.92375	-962.03228
334	334	-1485.0175	-1456.8816	-1462.8866	28.135905	-1482.0465	-1459.0387	-1453.1434
335	335	-1150.244	-1140.762	-1145.9943	9.4820011	-1147.1031	-1142.5566	-1136.6625
336	336	-2243.2902	-2226.8478	-2232.7213	16.442379	-2240.6785	-2229.6706	-2223.7788
337	337	-1211.6433	-1158.1051	-1164.0397	53.53816	-1208.5018	-1160.0933	-1154.2007
338	338	-1327.5193	-1292.6319	-1298.5877	34.887393	-1324.4645	-1294.791	-1288.8982
339	339	-1582.1067	-1556.4838	-1562.2332	25.622869	-1579.1782	-1558.7111	-1552.8195
340	340	-1562.1452	-1556.189	-1562.1537	5.9561237	-1559.2005	-1558.24	-1552.3436
341	341	-1035.3294	-965.09029	-970.98177	70.239115	-1032.7319	-966.83173	-960.94138
342	342	-1456.7804	-1393.6784	-1399.5881	63.10208	-1454.0514	-1396.1571	-1390.2646
343	343	-1354.039	-1344.8553	-1349.7468	9.1837162	-1350.9873	-1346.5582	-1340.9033
344	344	-977.80579	-906.48933	-912.41535	71.31646	-974.56758	-908.32289	-902.43039
345	345	-1770.194	-1770.0711	-1776.0025	0.12290168	-1767.3439	-1773.8239	-1767.9101
346	346	-1401.5905	-1329.8397	-1335.7479	71.750813	-1399.0847	-1332.0157	-1326.1246
347	347	-1123.1652	-1072.1822	-1077.9892	50.983066	-1119.9534	-1074.0465	-1068.1541
348	348	-1481.6211	-1405.4257	-1411.3567	76.195414	-1479.2024	-1407.8314	-1401.9392
349	349	-1197.7951	-1124.8585	-1130.7771	72.936574	-1197.6178	-1126.9802	-1121.0878
350	350	-1716.3126	-1708.6798	-1714.7655	7.6328148	-1713.4806	-1710.9148	-1705.0222
351	351	-1614.6118	-1552.2858	-1558.2451	62.326013	-1611.5853	-1554.687	-1548.7935
352	352	-1037.4419	-1001.4435	-1007.4777	35.998348	-1034.2075	-1003.3551	-997.46287
353	353	-1263.2694	-1215.9891	-1221.8344	47.280283	-1260.1686	-1218.0246	-1212.1339
354	354	-1002.4234	-977.89919	-983.8801	24.524235	-999.11895	-979.70737	-973.81458
355	355	-1319.243	-1274.8722	-1280.7952	44.370711	-1317.2462	-1277.1482	-1271.2555
356	356	-1399.0143	-1362.9148	-1368.8871	36.099428	-1395.9926	-1365.0396	-1359.1473
357	357	-1328.1905	-1270.2571	-1276.2069	57.933354	-1325.6009	-1272.5316	-1266.6386
358	358	-1055.7918	-999.00187	-1004.9847	56.789917	-1052.5175	-1000.8957	-995.00348
359	359	-1031.9268	-1015.343	-1021.4099	16.583772	-1028.6657	-1016.9802	-1011.0877
360	360	-1067.4127	-1022.6038	-1028.5884	44.808931	-1064.1933	-1024.4567	-1018.564
361	361	-1712.2345	-1668.4181	-1674.351	43.816399	-1709.3833	-1670.9494	-1665.057
362	362	-1272.0909	-1231.6324	-1237.5542	40.458562	-1270.0525	-1233.8272	-1227.9333
363	363	-1518.7089	-1489.208	-1493.4773	29.500915	-1515.7722	-1489.7354	-1485.6825
364	364	-1150.3396	-1085.4954	-1091.0459	64.844131	-1147.6012	-1087.534	-1081.6418
365	365	-1992.7084	-1949.9645	-1955.5446	42.743894	-1989.9762	-1952.6718	-1946.7794
366	366	-1570.2485	-1512.114	-1518.0911	58.134529	-1567.2168	-1514.5968	-1508.7045
367	367	-1621.9333	-1590.7408	-1596.6404	31.19241	-1619.0283	-1593.1375	-1587.2449
368	368	-1426.1205	-1417.6665	-1423.4445	8.454052	-1423.1213	-1419.6488	-1413.7555
369	369	-1676.8212	-1616.8924	-1622.8243	59.928811	-1673.9414	-1619.4496	-1613.5581
370	370	-1506.997	-1487.4485	-1493.2455	19.548487	-1504.052	-1489.606	-1483.7123
371	371	-1481.2834	-1456.3925	-1462.2543	24.890859	-1478.3341	-1458.8275	-1452.9351
372	372	-1752.8696	-1710.8435	-1716.7468	42.026075	-1750.0344	-1713.2368	-1707.3469
373	373	-1315.2175	-1283.1574	-1289.1462	32.060061	-1312.1527	-1285.3106	-1279.4174
374	374	-1401.9107	-1344.7312	-1350.7193	57.179512	-1398.9025	-1346.9324	-1341.0392
375	375	-1255.071	-1185.8507	-1191.7442	69.220253	-1252.4906	-1187.9144	-1182.0214
376	376	-1503.5802	-1486.7408	-1491.8284	16.839396	-1500.6301	-1488.2539	-1482.9436
377	377	-1803.124	-1793.111	-1798.9248	10.013034	-1800.2591	-1795.5125	-1789.6187
378	378	-909.25736	-871.97937	-877.94571	37.277991	-905.88564	-873.51552	-867.62337
379	379	-1289.8071	-1286.9307	-1291.8771	2.8763962	-1286.6984	-1288.4518	-1282.6856
380	380	-1278.6576	-1210.178	-1216.1117	68.479642	-1275.5628	-1212.4083	-1206.5164
381	381	-1118.4063	-1052.7037	-1058.6545	65.702635	-1115.1766	-1054.6989	-1048.8055
382	382	-1139.8635	-1100.5684	-1106.5716	39.295078	-1136.6857	-1102.4227	-1096.5307
383	383	-1133.0421	-1118.5319	-1123.2155	14.510279	-1129.8404	-1119.3047	-1114.98
384	384	-1348.9729	-1288.3176	-1294.2683	60.655322	-1345.9167	-1290.5981	-1284.7054
385	385	-1392.3538	-1360.5824	-1366.6366	31.771399	-1389.3197	-1362.7839	-1356.8876
386	386	-1278.0911	-1262.7497	-1268.8834	15.341442	-1275.0192	-1264.7833	-1258.8898
387	387	-1274.7632	-1184.7319	-1190.6278	90.031259	-1273.8377	-1187.0358	-1181.143
388	388	-1123.8762	-1094.2084	-1100.2372	29.667836	-1120.683	-1096.1648	-1090.2749
389	389	-1800.518	-1775.6322	-1780.3844	24.885847	-1797.6876	-1776.9634	-1772.223
390	390	-1000.9375	-935.36532	-941.26347	65.572178	-998.03468	-937.06586	-931.17417
391	391	-1342.759	-1298.5321	-1304.0059	44.226858	-1339.6971	-1300.6038	-1294.7141
392	392	-1206.2002	-1121.5223	-1127.4571	84.677907	-1203.6145	-1123.5145	-1117.622
393	393	-897.33933	-840.71525	-846.76041	56.624078	-893.94584	-842.28108	-836.38851
394	394	-1202.4982	-1167.0519	-1173.0374	35.446383	-1199.3293	-1168.9385	-1163.0479
395	395	-1504.1638	-1479.5896	-1485.3323	24.574216	-1501.1853	-1481.7223	-1475.8313
396	396	-1578.1444	-1548.4685	-1554.2907	29.675851	-1575.2302	-1550.8275	-1544.935
397	397	-1226.4873	-1193.3574	-1199.2219	33.129857	-1223.3616	-1195.4379	-1189.5438
398	398	-1419.4503	-1407.4329	-1413.5971	12.0174	-1416.4449	-1409.5079	-1403.6137
399	399	-1959.0731	-1935.3406	-1941.0696	23.732472	-1956.3276	-1937.9255	-1932.0346
400	400	-922.74693	-842.0208	-847.93541	80.726129	-920.25277	-843.64107	-837.74878
401	401	-1007.615	-979.22094	-985.26185	28.394058	-1004.327	-981.012	-975.1201
402	402	-1224.1268	-1132.5068	-1138.4644	91.620052	-1221.3157	-1134.6247	-1128.7324
403	403	-1020.0812	-950.36116	-956.27167	69.720012	-1016.7993	-952.14372	-946.25211
404	404	-915.39652	-865.6904	-871.70751	49.706115	-912.03527	-867.29786	-861.40596
405	405	-1691.0311	-1660.9287	-1666.9414	30.102383	-1688.1824	-1663.4065	-1657.517
406	406	-1446.382	-1389.7352	-1395.4501	56.646769	-1443.9601	-1391.9905	-1386.0981
407	407	-1574.6138	-1551.2299	-1555.2656	23.383903	-1571.6835	-1552.068	-1547.5386
408	408	-1247.3918	-1182.0314	-1187.9834	65.360383	-1244.2276	-1184.1332	-1178.242
409	409	-1551.3435	-1516.5615	-1522.4621	34.782007	-1548.4016	-1518.9291	-1513.0361
410	410	-1726.6157	-1703.4628	-1709.4769	23.152947	-1723.7719	-1705.7959	-1699.9033
411	411	-1470.9377	-1446.3059	-1452.416	24.631866	-1467.9785	-1448.5757	-1442.683
412	412	-1341.5265	-1311.4709	-1317.2856	30.055596	-1338.4841	-1313.6213	-1307.7283
413	413	-992.3144	-963.88284	-969.86581	28.431562	-989.00157	-965.62014	-959.72548
414	414	-1437.4694	-1433.1535	-1440.126	4.3159344	-1434.4855	-1436.4384	-1430.5425
415	415	-1108.651	-1026.8122	-1032.7172	81.838739	-1105.2088	-1028.8904	-1022.996
416	416	-1413.8005	-1348.2309	-1354.1308	65.569593	-1411.4803	-1350.4438	-1344.5508
417	417	-1168.8519	-1134.7666	-1140.7759	34.085333	-1165.6789	-1136.7783	-1130.8866
418	418	-1630.7512	-1597.439	-1603.0429	33.312126	-1627.8674	-1599.8764	-1593.9833
419	419	-1015.5203	-931.70035	-937.6214	83.819915	-1012.2349	-933.56951	-927.6781
420	420	-1592.5965	-1555.2078	-1561.1554	37.388671	-1589.6964	-1557.6264	-1551.7345
421	421	-1023.2173	-937.44841	-943.35946	85.768909	-1019.8354	-939.36747	-933.47442
422	422	-1259.1412	-1164.0367	-1169.9608	95.104448	-1256.3963	-1166.1174	-1160.2244
423	423	-1420.735	-1403.8241	-1409.8217	16.910905	-1417.7398	-1405.8934	-1399.9998
424	424	-1258.4694	-1247.201	-1253.1524	11.26838	-1255.3609	-1249.0534	-1243.1619
425	425	-1275.4435	-1208.7451	-1214.4678	66.698339	-1272.7126	-1210.8006	-1204.9073
426	426	-1339.305	-1301.9434	-1307.7074	37.361634	-1336.2578	-1304.1339	-1298.2407
427	427	-1338.7991	-1284.178	-1290.1658	54.621052	-1335.7377	-1286.4212	-1280.5291
428	428	-1177.361	-1110.6407	-1115.9247	66.72032	-1174.2042	-1112.6255	-1106.7327
429	429	-1393.7375	-1369.2677	-1375.3845	24.469825	-1390.7285	-1371.4613	-1365.5702
430	430	-1400.2803	-1367.6254	-1372.2869	32.654907	-1397.2725	-1368.8963	-1363.8456
431	431	-1580.0582	-1569.3146	-1575.137	10.743651	-1577.1393	-1571.4624	-1565.5692
432	432	-1514.2205	-1490.7441	-1496.7942	23.47642	-1511.2388	-1492.9412	-1487.0471
433	433	-1106.8987	-1086.8147	-1092.9137	20.083996	-1103.6939	-1088.714	-1082.8221
434	434	-1269.0876	-1200.1527	-1205.9229	68.934921	-1266.366	-1202.3725	-1196.4806
435	435	-1517.1336	-1416.6472	-1422.5717	100.48646	-1514.6436	-1418.9976	-1413.1037
436	436	-1338.0837	-1265.7892	-1271.7591	72.294465	-1335.7942	-1268.1014	-1262.2077
437	437	-985.11545	-904.01454	-909.94296	81.10091	-981.7642	-905.83592	-899.94486
438	438	-1008.7289	-949.34076	-955.35213	59.388185	-1005.4237	-951.19019	-945.29656
439	439	-1253.2701	-1212.658	-1218.6482	40.612068	-1250.1497	-1214.7298	-1208.8376
440	440	-1273.005	-1224.5916	-1230.2795	48.413429	-1269.8978	-1226.6098	-1220.7181
441	441	-1520.0933	-1474.2096	-1480.2044	45.883704	-1517.1444	-1476.5908	-1470.6957
442	442	-1330.182	-1285.923	-1291.8833	44.259045	-1327.1131	-1288.1266	-1282.2336
443	443	-1116.7602	-1072.8733	-1078.85	43.886893	-1113.5507	-1074.7219	-1068.8287
444	444	-1365.9221	-1315.1732	-1321.0841	50.748906	-1362.8851	-1317.3081	-1311.4155
445	445	-1301.462	-1208.9246	-1214.8242	92.537325	-1298.0042	-1211.2228	-1205.3295
446	446	-1447.7333	-1395.4338	-1401.1185	52.299567	-1444.7242	-1397.747	-1391.8547
447	447	-1508.5043	-1451.421	-1457.317	57.083319	-1506.1469	-1453.7352	-1447.8424
448	448	-1759.6894	-1716.7018	-1722.3227	42.987655	-1756.8325	-1719.1303	-1713.2419
449	449	-1238.9226	-1180.8391	-1186.8361	58.083535	-1235.8128	-1182.902	-1177.0051
450	450	-1482.261	-1443.3622	-1449.344	38.898797	-1479.2672	-1445.6328	-1439.7409
451	451	-1256.2223	-1194.5334	-1200.477	61.688907	-1253.0841	-1196.6755	-1190.782
452	452	-1249.8467	-1244.5324	-1250.3866	5.3142717	-1246.7565	-1246.3404	-1240.4491
453	453	-1416.7087	-1361.3199	-1367.1198	55.388884	-1413.6963	-1363.6583	-1357.7667
454	454	-1662.0381	-1612.5153	-1618.4416	49.522719	-1659.1258	-1614.988	-1609.094
455	455	-1347.0182	-1279.5727	-1285.4752	67.4455	-1344.918	-1281.7249	-1275.8326
456	456	-1968.1131	-1934.4463	-1940.4001	33.666785	-1965.3733	-1937.831	-1931.9234
457	457	-1623.1976	-1623.5747	-1626.9867	-0.37705485	-1620.3248	-1625.8976	-1620.4539
458	458	-926.15908	-848.59683	-854.54469	77.562255	-922.78939	-850.37943	-844.4872
459	459	-1464.2072	-1424.5972	-1430.5466	39.609925	-1461.2081	-1426.7651	-1420.873
460	460	-1287.0455	-1246.0369	-1252.0982	41.008543	-1283.9517	-1248.1559	-1242.264
461	461	-1413.5422	-1360.5873	-1366.4947	52.954914	-1410.5295	-1362.766	-1356.8736
462	462	-1525.695	-1473.4517	-1479.3982	52.243355	-1522.645	-1475.927	-1470.0363
463	463	-970.46494	-936.80893	-942.77169	33.656006	-967.11881	-938.52419	-932.63108
464	464	-1420.4224	-1358.3303	-1364.2639	62.092048	-1417.4126	-1360.6607	-1354.7674
465	465	-1177.192	-1119.9844	-1125.9219	57.207604	-1174.0333	-1122.0858	-1116.193
466	466	-2158.7478	-2132.3172	-2138.3847	26.430602	-2156.0588	-2135.0617	-2129.1701
467	467	-1767.1998	-1746.8641	-1752.6043	20.335678	-1764.3957	-1749.3459	-1743.457
468	468	-1538.716	-1503.6258	-1509.6643	35.090265	-1535.7816	-1506.0042	-1500.1141
469	469	-1549.2146	-1540.3787	-1546.3353	8.8358256	-1546.252	-1543.2881	-1537.3947
470	470	-1222.1316	-1197.774	-1203.7024	24.357635	-1218.9873	-1199.6405	-1193.7481
471	471	-1697.1402	-1680.8725	-1686.6651	16.267622	-1694.293	-1683.1654	-1677.2709
472	472	-1558.2301	-1543.0913	-1549.0824	15.138757	-1555.2992	-1545.5256	-1539.6321
473	473	-1112.3803	-1070.5336	-1076.5213	41.846778	-1109.1508	-1072.3546	-1066.4633
474	474	-1267.9859	-1244.9061	-1250.9642	23.079765	-1264.8907	-1246.9479	-1241.0554
475	475	-1233.3875	-1221.1664	-1226.7397	12.221121	-1230.2828	-1223.0425	-1217.1495
476	476	-1112.5181	-998.44147	-1004.3828	114.07663	-1109.7452	-1000.4175	-994.52471
477	477	-1142.0285	-1134.3859	-1140.1252	7.6426391	-1138.8609	-1136.1292	-1130.2405
478	478	-1317.7162	-1255.0362	-1261.0399	62.680072	-1315.5427	-1257.1247	-1251.2317
479	479	-1480.4172	-1459.4746	-1465.5056	20.942657	-1477.4688	-1461.7553	-1455.8629
480	480	-1599.2082	-1564.9903	-1570.4389	34.217904	-1596.2907	-1567.268	-1561.3741
481	481	-1303.1239	-1251.5554	-1257.4973	51.5685	-1300.0477	-1253.7709	-1247.8778
482	482	-1348.937	-1292.805	-1298.7281	56.131943	-1348.2575	-1294.9149	-1289.0223
483	483	-1205.8911	-1155.3323	-1161.1427	50.55873	-1202.7468	-1157.4113	-1151.5183
484	484	-1790.9715	-1755.1654	-1761.1994	35.806132	-1788.1717	-1757.5981	-1751.7063
485	485	-1113.1962	-1033.9468	-1039.8625	79.24934	-1112.3118	-1035.8626	-1029.9694
486	486	-1491.4541	-1451.2699	-1457.2014	40.184229	-1488.5068	-1453.6356	-1447.7423
487	487	-1312.7518	-1295.3036	-1301.3034	17.448217	-1309.7124	-1297.8465	-1291.9541
488	488	-1274.8542	-1178.2441	-1184.1482	96.610075	-1272.4722	-1180.3422	-1174.4511
489	489	-1622.3168	-1585.7841	-1591.7583	36.532668	-1619.4358	-1588.262	-1582.3698
490	490	-1835.5311	-1802.0066	-1807.9413	33.524503	-1832.7384	-1804.5995	-1798.7071
491	491	-949.23633	-925.2534	-930.82491	23.982932	-945.90923	-926.95246	-921.05976
492	492	-1240.186	-1168.4522	-1174.4061	71.733764	-1237.0463	-1170.6237	-1164.7309
493	493	-726.06838	-694.45945	-700.20584	31.608934	-722.48286	-695.68963	-689.79729
494	494	-1516.2889	-1461.2134	-1467.1437	55.075479	-1513.7968	-1463.4716	-1457.5772
495	495	-1587.6807	-1567.2574	-1573.2499	20.42324	-1584.7671	-1569.6381	-1563.7452
496	496	-1789.4032	-1755.5324	-1761.5621	33.870757	-1786.6105	-1758.1325	-1752.2403
497	497	-981.40813	-891.40125	-897.29089	90.006873	-978.61806	-893.30989	-887.41591
498	498	-1145.3975	-1104.3372	-1110.3094	41.060306	-1142.2216	-1106.3616	-1100.4661
499	499	-1349.7473	-1269.5986	-1275.5039	80.148726	-1347.0419	-1271.7853	-1265.8912
