No.	ID	loglik_NUll	loglik_RES	loglik_all	log_ratio	loglik_Max1	loglik_Max2	loglik_Max3
0	0	-962.04138	-956.25907	-962.20437	5.7823033	-958.73276	-958.58708	-952.94994
1	1	-809.54211	-793.44932	-799.00173	16.09279	-806.07234	-795.85721	-789.96499
2	2	-1621.762	-1608.268	-1614.2476	13.493945	-1618.8965	-1611.5578	-1605.6652
3	3	-1683.0642	-1682.7069	-1688.5838	0.35729552	-1680.1864	-1685.3224	-1679.4434
4	4	-1792.8191	-1792.3745	-1798.3796	0.44462164	-1789.9966	-1795.2261	-1789.3115
5	5	-948.99856	-915.66703	-921.57638	33.331527	-945.67058	-918.29624	-912.4036
6	6	-1409.1529	-1394.0323	-1399.9397	15.120617	-1406.1645	-1396.8382	-1390.9462
7	7	-1634.4309	-1613.2019	-1619.1305	21.229009	-1631.5051	-1616.5512	-1610.658
8	8	-1248.2787	-1248.7008	-1254.7938	-0.42205232	-1245.1972	-1251.1646	-1245.2185
9	9	-887.80486	-867.59304	-873.46451	20.211821	-884.41345	-870.69488	-864.80006
10	10	-1202.2547	-1192.945	-1198.8724	9.3096928	-1199.1631	-1195.5428	-1189.6507
11	11	-664.75766	-658.5207	-664.15306	6.2369609	-661.14984	-660.04307	-654.65993
12	12	-1148.5861	-1131.0712	-1137.0073	17.514977	-1145.4296	-1133.8346	-1127.9416
13	13	-962.34484	-934.41294	-940.32658	27.931905	-959.03501	-936.85577	-930.96428
14	14	-1467.3226	-1462.0685	-1466.4055	5.2541082	-1464.3689	-1463.8045	-1459.6501
15	15	-1520.6066	-1519.6567	-1524.3609	0.94990191	-1517.6924	-1520.8425	-1516.216
16	16	-1125.2356	-1107.5293	-1113.4892	17.706293	-1122.0696	-1110.1204	-1104.2284
17	17	-1361.1091	-1349.5912	-1355.6527	11.51784	-1358.0702	-1352.4806	-1346.5877
18	18	-1293.0463	-1282.2529	-1287.773	10.793389	-1289.9878	-1285.0245	-1279.1537
19	19	-1339.1372	-1325.2083	-1331.3503	13.928862	-1336.0956	-1328.0538	-1322.16
20	20	-1944.7781	-1944.1006	-1948.5999	0.67745386	-1942.258	-1945.6928	-1941.2307
21	21	-799.61936	-754.53964	-760.39739	45.079723	-796.15204	-757.64124	-751.75086
22	22	-1064.7713	-1020.7023	-1026.5532	44.068958	-1061.5697	-1024.0078	-1018.1152
23	23	-1163.0058	-1142.4698	-1148.4301	20.536042	-1159.8734	-1145.631	-1139.7407
24	24	-1361.8012	-1349.8593	-1355.0618	11.941875	-1358.7672	-1352.1057	-1346.6256
25	25	-855.43306	-835.97918	-841.94452	19.453881	-852.01689	-838.2891	-832.39638
26	26	-1638.9635	-1628.5826	-1634.5537	10.380912	-1636.0978	-1632.1569	-1626.2639
27	27	-1614.6512	-1604.1833	-1610.174	10.467918	-1611.7718	-1607.7796	-1601.8862
28	28	-824.15782	-811.48872	-817.39443	12.669097	-820.74835	-813.94688	-808.05562
29	29	-920.16362	-910.30346	-916.28871	9.8601579	-916.83915	-913.34238	-907.4446
30	30	-1206.6568	-1178.0695	-1183.9714	28.587273	-1203.5183	-1180.9176	-1175.0249
31	31	-958.62707	-943.27345	-949.17825	15.353626	-955.31451	-945.83861	-939.94665
32	32	-817.23971	-804.46542	-810.4201	12.77429	-813.78048	-806.54804	-800.65731
33	33	-1270.9155	-1253.7014	-1259.681	17.214164	-1267.8522	-1256.8536	-1250.9604
34	34	-1182.0613	-1166.3777	-1172.3197	15.683634	-1178.9159	-1169.1525	-1163.2593
35	35	-1120.6071	-1108.9933	-1114.9315	11.61377	-1117.4273	-1111.4975	-1105.6058
36	36	-1123.0152	-1096.7399	-1102.5557	26.275239	-1119.8271	-1099.5511	-1093.654
37	37	-1174.8199	-1164.1521	-1170.1363	10.667873	-1171.6949	-1167.1081	-1161.2141
38	38	-1211.3673	-1205.5654	-1211.5306	5.801907	-1208.2753	-1208.1254	-1202.2334
39	39	-1254.8625	-1248.4629	-1254.3405	6.399604	-1251.7971	-1251.0441	-1245.1493
40	40	-1381.0922	-1371.5191	-1377.5019	9.5730872	-1378.0904	-1374.2644	-1368.372
41	41	-843.13538	-825.93919	-831.90686	17.19619	-839.71476	-828.18094	-822.28732
42	42	-1334.3578	-1335.5494	-1341.474	-1.1915943	-1331.3525	-1337.9472	-1333.2255
43	43	-1156.8097	-1139.0875	-1145.0262	17.722177	-1153.6695	-1142.158	-1136.2645
44	44	-1069.5444	-1065.829	-1071.7549	3.7153934	-1066.3342	-1068.5125	-1062.6213
45	45	-1383.6886	-1381.5551	-1387.1887	2.1334987	-1380.7042	-1384.0271	-1377.9521
46	46	-855.05457	-827.02212	-832.92575	28.032451	-851.66215	-829.34969	-823.45489
47	47	-1435.1026	-1405.7873	-1411.6819	29.315291	-1432.1148	-1408.6647	-1402.7726
48	48	-1186.039	-1156.916	-1161.8796	29.12302	-1182.8938	-1158.6877	-1153.6842
49	49	-815.22121	-802.33234	-808.24475	12.88887	-811.79546	-804.4654	-798.57014
50	50	-1478.8705	-1478.7667	-1484.9109	0.10386991	-1475.9058	-1481.9929	-1476.0836
51	51	-985.7757	-981.62236	-987.07145	4.1533393	-982.49455	-984.15597	-978.20567
52	52	-891.30872	-874.08165	-879.97784	17.227071	-887.93671	-876.69683	-870.80374
53	53	-1142.0671	-1137.3877	-1143.3244	4.6793941	-1138.9284	-1139.8502	-1133.9609
54	54	-1453.8748	-1433.3103	-1439.4395	20.564557	-1450.9012	-1436.3374	-1430.4459
55	55	-1005.8214	-982.32278	-988.27258	23.498661	-1002.5375	-985.10813	-979.21516
56	56	-722.61004	-701.40683	-707.33762	21.203209	-719.08567	-703.49576	-697.60302
57	57	-1615.4128	-1603.4435	-1609.3766	11.96936	-1612.537	-1606.3982	-1600.5071
58	58	-1003.6086	-999.15451	-1005.2501	4.4540716	-1000.3533	-1001.47	-995.57663
59	59	-1545.2411	-1525.0274	-1530.9837	20.213677	-1542.3325	-1528.3166	-1522.4242
60	60	-956.78911	-925.05498	-930.9603	31.73413	-953.46547	-927.49193	-921.59976
61	61	-1271.8139	-1272.2715	-1278.2969	-0.45755089	-1268.7302	-1274.3949	-1268.9645
62	62	-950.6249	-948.69972	-954.77917	1.9251803	-947.3195	-950.66923	-944.74585
63	63	-1394.7421	-1381.2738	-1387.3753	13.468333	-1391.7577	-1384.2425	-1378.3493
64	64	-1454.2318	-1443.8395	-1450.0028	10.392241	-1451.2887	-1446.8244	-1440.9287
65	65	-1412.8744	-1396.3206	-1402.216	16.553847	-1409.8733	-1399.0968	-1393.2066
66	66	-1535.9722	-1536.6918	-1542.4876	-0.71966565	-1533.0468	-1538.6168	-1533.7965
67	67	-781.89777	-759.35476	-765.32106	22.543006	-778.41428	-761.81951	-755.92791
68	68	-795.56643	-785.00864	-790.99108	10.557781	-792.10098	-787.09933	-781.20742
69	69	-1328.1583	-1312.208	-1318.1511	15.95023	-1325.1188	-1315.1131	-1309.2196
70	70	-1039.3839	-989.56664	-995.46819	49.81728	-1036.2552	-992.17005	-986.27804
71	71	-1076.6035	-1075.8049	-1082.446	0.79860422	-1073.3825	-1076.8534	-1071.7193
72	72	-671.55931	-648.04625	-653.9649	23.513061	-667.93745	-650.00244	-644.10935
73	73	-1104.6087	-1099.0637	-1104.9939	5.5450545	-1101.4162	-1101.3385	-1095.8584
74	74	-682.70429	-648.36144	-654.30127	34.342853	-679.05946	-650.35256	-644.45724
75	75	-1403.3795	-1404.7959	-1410.8102	-1.4163953	-1400.3851	-1408.2769	-1402.3827
76	76	-813.15443	-799.36701	-805.2582	13.787424	-809.68955	-802.05092	-796.1604
77	77	-1160.889	-1157.9848	-1163.6066	2.9042541	-1157.7318	-1160.0223	-1154.2156
78	78	-1234.449	-1222.6919	-1228.3808	11.757079	-1231.3344	-1225.2708	-1219.3776
79	79	-1032.3435	-1033.8983	-1039.4944	-1.554707	-1029.064	-1035.7638	-1029.9605
80	80	-1159.6672	-1146.6918	-1152.686	12.97545	-1156.5284	-1149.4507	-1143.5588
81	81	-1407.2728	-1383.3951	-1389.3647	23.877719	-1404.2962	-1386.8239	-1380.9302
82	82	-1817.2357	-1798.576	-1804.5065	18.659684	-1814.4263	-1802.2325	-1796.3402
83	83	-1248.2305	-1240.8395	-1246.7194	7.3910286	-1245.1445	-1243.378	-1237.4852
84	84	-1342.6013	-1320.8154	-1326.7985	21.78591	-1339.5744	-1323.6142	-1317.7194
85	85	-974.03122	-954.28911	-960.2351	19.742108	-970.71331	-956.65247	-950.76042
86	86	-1097.7183	-1074.6799	-1080.5974	23.038415	-1094.5123	-1077.7507	-1071.8557
87	87	-995.05967	-955.81148	-961.7379	39.248191	-991.75158	-958.9751	-953.08261
88	88	-980.67247	-956.73657	-962.68315	23.935895	-977.4058	-959.4876	-953.5952
89	89	-792.74637	-784.63579	-790.58	8.1105845	-789.29633	-786.72353	-780.83215
90	90	-987.60004	-986.13625	-992.13342	1.4637956	-984.30037	-988.13289	-982.15541
91	91	-1063.2722	-1057.0199	-1062.8905	6.2523373	-1060.0595	-1059.6552	-1053.5694
92	92	-1006.5642	-989.86062	-995.44909	16.703566	-1003.2902	-992.52991	-986.63571
93	93	-907.84345	-880.33944	-886.23637	27.504005	-904.47845	-882.9275	-877.03954
94	94	-710.25671	-688.36276	-694.31853	21.893948	-706.7008	-690.41384	-684.5238
95	95	-1052.6689	-1016.0781	-1022.0083	36.590787	-1049.6588	-1018.9178	-1013.0232
96	96	-1189.2032	-1179.2286	-1184.5524	9.9745524	-1186.1013	-1181.7085	-1176.1441
97	97	-1164.9813	-1161.9105	-1167.9402	3.0708415	-1161.8234	-1164.0228	-1158.1591
98	98	-1258.7064	-1241.0688	-1247.028	17.637561	-1255.6317	-1243.9203	-1238.028
99	99	-1033.4099	-1005.171	-1011.0946	28.238874	-1030.1572	-1007.7448	-1001.8523
100	100	-1214.8149	-1215.1503	-1216.7837	-0.33534542	-1211.7141	-1214.9679	-1211.4458
101	101	-930.87394	-916.10884	-922.09194	14.765102	-927.54235	-918.39802	-912.5051
102	102	-663.54091	-636.60404	-642.50894	26.936865	-659.91557	-638.5613	-632.66845
103	103	-1409.7939	-1395.6803	-1401.6681	14.11364	-1406.8119	-1398.4835	-1392.5914
104	104	-796.09975	-778.95487	-784.88698	17.144882	-792.65089	-782.05507	-776.15772
105	105	-1195.3902	-1193.2523	-1199.2139	2.1379015	-1192.2613	-1195.0362	-1189.3615
106	106	-1248.0177	-1243.9885	-1249.9837	4.0292654	-1244.9131	-1247.0546	-1241.1207
107	107	-1407.8926	-1408.8051	-1414.8093	-0.91248918	-1404.8933	-1411.683	-1405.9165
108	108	-777.32013	-771.43613	-776.84221	5.8839974	-773.83405	-773.09683	-767.58987
109	109	-1352.8458	-1328.1801	-1334.0861	24.665705	-1349.989	-1331.0156	-1325.1221
110	110	-1216.9894	-1216.0392	-1222.55	0.95015564	-1213.889	-1218.6959	-1212.5338
111	111	-1610.1469	-1609.6671	-1615.5738	0.47987396	-1607.2504	-1612.1825	-1606.2883
112	112	-1177.0781	-1162.9097	-1168.8678	14.168379	-1173.9647	-1165.5019	-1159.6067
113	113	-1554.3306	-1540.264	-1545.9631	14.06655	-1551.386	-1543.1002	-1537.2073
114	114	-981.15804	-964.47621	-970.3863	16.681826	-977.87641	-966.87761	-960.98613
115	115	-1023.803	-1018.6022	-1024.5255	5.2007902	-1020.5751	-1021.2712	-1015.2414
116	116	-1068.127	-1057.7142	-1063.6217	10.412805	-1064.9021	-1060.1218	-1054.2283
117	117	-1099.2672	-1070.2598	-1076.2096	29.007375	-1096.0628	-1072.8474	-1066.9565
118	118	-719.37803	-714.45138	-720.46227	4.9266469	-715.81894	-716.86608	-710.97373
119	119	-1007.9772	-996.46699	-1002.4934	11.51019	-1004.7203	-998.86772	-992.97484
120	120	-1198.8276	-1197.8174	-1200.5738	1.0102445	-1195.6927	-1198.7318	-1193.9204
121	121	-965.08412	-947.76919	-953.72004	17.314935	-961.79868	-950.15554	-944.26323
122	122	-1449.1863	-1439.0166	-1444.6584	10.169707	-1446.2248	-1441.9532	-1436.0606
123	123	-832.70656	-819.76106	-825.73595	12.945497	-829.27131	-822.30102	-816.40918
124	124	-1282.1077	-1275.1937	-1281.1712	6.9140166	-1279.0468	-1277.764	-1271.8689
125	125	-1014.0634	-995.98278	-1001.9232	18.080572	-1010.8038	-998.41715	-992.52548
126	126	-1211.5144	-1193.2724	-1199.3606	18.241918	-1208.3916	-1196.0586	-1190.1657
127	127	-1245.4912	-1234.9301	-1240.9386	10.561065	-1242.4053	-1238.2573	-1232.3609
128	128	-1238.7553	-1239.0206	-1244.202	-0.26533857	-1235.6243	-1239.5803	-1235.4237
129	129	-951.2064	-946.16213	-952.11992	5.0442741	-947.88529	-948.39303	-942.50049
130	130	-647.07463	-628.6615	-634.5945	18.413125	-643.4148	-630.53599	-624.64421
131	131	-1157.7068	-1153.0953	-1159.0685	4.6115835	-1154.5459	-1155.8323	-1149.9403
132	132	-1040.7992	-1025.8065	-1031.6332	14.992669	-1037.5694	-1028.4507	-1022.5611
133	133	-1099.6566	-1090.4234	-1096.412	9.2331813	-1096.4972	-1092.8908	-1086.9975
134	134	-1458.3926	-1447.8764	-1453.8347	10.516206	-1455.4291	-1450.6567	-1444.7653
135	135	-1287.3568	-1286.9723	-1292.961	0.38446779	-1284.2795	-1289.3446	-1283.4161
136	136	-1300.5674	-1291.8949	-1297.8684	8.6725272	-1297.5116	-1294.5016	-1288.6092
137	137	-867.85569	-850.92637	-856.87777	16.929319	-864.44812	-853.15007	-847.2552
138	138	-1071.4107	-1059.2565	-1065.0305	12.154185	-1068.2206	-1061.7312	-1055.8382
139	139	-1422.8641	-1413.0961	-1419.0931	9.7680012	-1419.8772	-1416.4101	-1410.5137
140	140	-847.38046	-802.30125	-808.18216	45.079207	-843.97424	-804.85963	-798.96632
141	141	-1332.0235	-1311.5341	-1317.4962	20.489406	-1329.0128	-1314.6855	-1308.7909
142	142	-966.84475	-959.70802	-965.67832	7.136727	-963.56461	-961.99604	-956.10343
143	143	-1216.7353	-1217.9016	-1223.5168	-1.1663037	-1213.6435	-1219.6885	-1214.7971
144	144	-981.78712	-976.93708	-982.9061	4.8500395	-978.49764	-979.20292	-973.17805
145	145	-1161.055	-1154.2823	-1160.2253	6.7726539	-1157.9212	-1157.629	-1151.7359
146	146	-942.77683	-932.42631	-938.37629	10.350514	-939.46978	-934.76194	-928.86841
147	147	-861.39086	-856.71588	-862.70755	4.6749755	-857.98403	-858.00306	-852.99624
148	148	-815.40741	-787.85739	-793.75093	27.550018	-811.93317	-790.0415	-784.14877
149	149	-659.32531	-660.352	-666.18858	-1.026686	-655.70454	-661.73934	-655.77932
150	150	-937.00068	-926.65278	-932.7097	10.347902	-933.68156	-929.16001	-923.26776
151	151	-1541.9902	-1527.6951	-1533.6822	14.295078	-1539.0712	-1531.5492	-1525.6534
152	152	-1530.6725	-1531.2353	-1537.3288	-0.562777	-1527.727	-1534.4672	-1528.3893
153	153	-899.61261	-897.63923	-903.288	1.9733798	-896.27388	-899.01012	-893.69004
154	154	-1593.8877	-1590.4277	-1595.9269	3.4599459	-1591.0089	-1593.1697	-1587.263
155	155	-1028.4107	-1005.215	-1011.0998	23.195638	-1025.148	-1007.6682	-1001.7739
156	156	-2132.7738	-2117.7142	-2123.6483	15.059531	-2131.0166	-2121.4405	-2115.5483
157	157	-1364.4532	-1363.2949	-1369.5036	1.1583157	-1361.4433	-1365.7705	-1359.8538
158	158	-1428.5672	-1429.9717	-1436.0108	-1.4044611	-1425.5935	-1433.4847	-1427.5909
159	159	-899.2469	-897.00353	-903.20899	2.2433653	-895.89087	-898.87108	-892.796
160	160	-1550.3731	-1546.014	-1552.0291	4.3591047	-1547.4067	-1549.0193	-1543.1272
161	161	-1053.3978	-1035.5	-1041.4496	17.897774	-1050.1715	-1038.4957	-1032.6055
162	162	-1127.3568	-1128.1068	-1134.8236	-0.75002676	-1124.195	-1130.4458	-1124.6233
163	163	-1217.9961	-1213.949	-1219.9224	4.0471274	-1214.8915	-1216.4706	-1210.5752
164	164	-1045.0104	-1024.0053	-1029.9422	21.005136	-1041.7737	-1026.5053	-1020.6136
165	165	-1338.4424	-1321.5319	-1327.4955	16.910561	-1335.3874	-1324.4439	-1318.5509
166	166	-1109.3467	-1108.821	-1114.8511	0.52567746	-1106.1533	-1111.0612	-1104.9572
167	167	-1000.3697	-990.83819	-996.68165	9.5314984	-997.1166	-993.20942	-987.31652
168	168	-1026.1163	-1000.3705	-1006.2891	25.745806	-1022.8695	-1003.1784	-997.28586
169	169	-655.54531	-628.19764	-634.10454	27.347666	-651.91218	-630.17114	-624.27844
170	170	-1125.5507	-1110.8426	-1116.816	14.708128	-1122.3558	-1113.8753	-1107.9839
171	171	-965.49863	-934.43219	-940.3694	31.06644	-962.19581	-937.22648	-931.33546
172	172	-602.98762	-595.91005	-601.88365	7.0775763	-599.27408	-597.63962	-591.74747
173	173	-857.47314	-835.2725	-841.21872	22.200643	-854.12558	-837.95227	-832.05975
174	174	-1025.2129	-1016.5758	-1022.5771	8.6371011	-1021.9487	-1018.8876	-1012.9941
175	175	-1608.2576	-1599.0082	-1604.907	9.249442	-1605.3976	-1602.0721	-1596.18
176	176	-1038.5096	-1029.0687	-1034.9884	9.4408803	-1035.2766	-1031.9639	-1026.0719
177	177	-979.21628	-977.84885	-983.40938	1.3674304	-975.92981	-979.73415	-973.43904
178	178	-1043.6461	-1035.2188	-1041.173	8.4273406	-1040.409	-1037.5969	-1031.7052
179	179	-809.84554	-772.57173	-778.50356	37.273814	-806.36976	-775.11521	-769.22188
180	180	-1123.4884	-1095.1604	-1101.1017	28.327964	-1120.3059	-1097.7731	-1091.88
181	181	-961.00791	-928.01371	-933.95122	32.994201	-957.68651	-930.91723	-925.0255
182	182	-1343.5699	-1340.9323	-1346.9388	2.6375786	-1340.5349	-1343.4052	-1337.6755
183	183	-773.2181	-773.14256	-778.83587	0.075540673	-769.72588	-774.43977	-768.56478
184	184	-1638.6337	-1629.054	-1634.6348	9.5797544	-1635.767	-1631.971	-1626.0798
185	185	-1055.1834	-1051.1278	-1057.0967	4.0556884	-1051.9707	-1053.4395	-1047.59
186	186	-1125.8478	-1095.1897	-1101.1054	30.658097	-1122.6752	-1097.8213	-1091.9284
187	187	-1536.4914	-1523.2164	-1529.159	13.275008	-1533.5549	-1526.0478	-1520.1526
188	188	-793.57491	-762.13217	-768.05159	31.442744	-790.08682	-764.33471	-758.44243
189	189	-931.67973	-920.43446	-926.41877	11.24527	-928.34655	-923.11832	-917.22644
190	190	-881.36247	-880.60408	-886.02432	0.75838823	-877.96029	-882.03863	-876.193
191	191	-1332.1737	-1329.2599	-1335.09	2.9138201	-1329.1233	-1332.032	-1325.864
192	192	-1018.4014	-1009.1879	-1015.2522	9.2135227	-1015.1294	-1011.5254	-1005.6319
193	193	-1553.0763	-1549.0274	-1555.0098	4.0489265	-1550.1333	-1551.7484	-1545.8543
194	194	-1576.4121	-1556.9203	-1562.8509	19.49176	-1573.5129	-1559.8656	-1553.975
195	195	-1376.123	-1368.3966	-1372.9149	7.7264379	-1373.0994	-1369.7982	-1365.1666
196	196	-1317.0825	-1293.9137	-1299.8684	23.168746	-1314.037	-1296.8626	-1290.9695
197	197	-1079.778	-1075.2155	-1081.2716	4.5624568	-1076.5451	-1077.9346	-1072.043
198	198	-1139.4838	-1128.2413	-1134.17	11.242514	-1136.3468	-1130.8065	-1124.9156
199	199	-1462.8446	-1464.4352	-1469.1813	-1.5906071	-1459.8797	-1466.6976	-1461.8777
200	200	-1210.807	-1205.0087	-1210.9212	5.7983535	-1207.6816	-1207.4887	-1201.5909
201	201	-1526.3927	-1501.6948	-1507.5145	24.697953	-1523.4111	-1504.6984	-1498.8074
202	202	-990.12333	-977.64016	-983.61762	12.483164	-986.84135	-980.70005	-974.80889
203	203	-943.31237	-912.83188	-918.72509	30.480488	-940.00139	-915.28174	-909.384
204	204	-527.22291	-514.31817	-520.31776	12.904749	-523.34382	-515.85472	-509.9639
205	205	-1323.7564	-1290.6106	-1296.535	33.145785	-1320.7008	-1293.894	-1288.0009
206	206	-1368.9811	-1359.5331	-1365.5198	9.4480155	-1365.9809	-1362.4366	-1356.5412
207	207	-1485.6178	-1474.6633	-1480.1857	10.954468	-1482.6525	-1477.6307	-1471.7391
208	208	-1004.7369	-986.92943	-993.1082	17.807485	-1001.4704	-989.55427	-983.66363
209	209	-1650.7256	-1651.947	-1657.8378	-1.2213991	-1647.8495	-1655.7395	-1649.848
210	210	-1688.2159	-1681.4005	-1687.429	6.8153899	-1685.392	-1684.3084	-1678.4163
211	211	-1551.6833	-1552.9731	-1559.1667	-1.2898185	-1548.749	-1556.3419	-1550.6845
212	212	-958.9361	-942.2883	-948.21129	16.647802	-955.64108	-944.63598	-938.74294
213	213	-1285.5708	-1269.7519	-1275.6977	15.818847	-1282.5085	-1272.8361	-1266.9448
214	214	-1412.7492	-1401.0363	-1406.9803	11.712898	-1409.7649	-1403.8169	-1397.9248
215	215	-1313.7472	-1312.52	-1318.4459	1.2271676	-1310.6933	-1314.6122	-1308.9632
216	216	-940.69863	-881.6566	-887.55557	59.042033	-937.37248	-884.18052	-878.28689
217	217	-755.62941	-740.81194	-746.71977	14.817472	-752.13456	-742.93024	-737.03845
218	218	-1508.0594	-1490.5305	-1496.4758	17.528884	-1505.0987	-1493.5316	-1487.6391
219	219	-901.82892	-869.69289	-875.59845	32.136037	-898.45567	-872.05108	-866.15834
220	220	-1115.7752	-1097.5564	-1103.5006	18.218879	-1112.6034	-1100.3014	-1094.4101
221	221	-1611.6229	-1600.2324	-1605.7227	11.390552	-1608.736	-1603.0911	-1597.1939
222	222	-907.40132	-908.9745	-914.38446	-1.5731841	-904.05027	-910.67714	-906.0478
223	223	-750.95217	-752.18848	-758.12452	-1.2363106	-747.44425	-755.33416	-749.44224
224	224	-975.30489	-941.97896	-947.86503	33.325923	-971.99891	-944.45278	-938.56014
225	225	-1496.298	-1487.847	-1493.9067	8.4510057	-1493.3431	-1491.5449	-1485.6525
226	226	-1398.7673	-1379.3486	-1385.1992	19.418726	-1395.749	-1382.078	-1376.1862
227	227	-1468.319	-1440.1701	-1446.1081	28.148898	-1465.3579	-1443.0742	-1437.1813
228	228	-1018.9263	-1015.851	-1021.8265	3.0753485	-1015.6503	-1017.6011	-1011.9034
229	229	-916.62216	-905.60317	-911.58563	11.018989	-913.28403	-907.91713	-902.02488
230	230	-918.64857	-914.94908	-920.96562	3.6994851	-915.32209	-917.19984	-910.66032
231	231	-1182.6911	-1163.8119	-1169.7833	18.879216	-1179.568	-1166.4395	-1160.5475
232	232	-1168.6325	-1168.9605	-1176.1054	-0.32802559	-1165.4542	-1170.7259	-1164.7505
233	233	-1035.7639	-1028.9806	-1034.9073	6.7833506	-1032.5121	-1031.5466	-1025.6533
234	234	-1121.985	-1091.5359	-1097.4508	30.449071	-1118.7935	-1094.1522	-1088.2604
235	235	-1150.6785	-1140.0259	-1146.0096	10.652589	-1147.547	-1142.5609	-1136.6701
236	236	-934.6196	-924.35988	-930.36965	10.259727	-931.30035	-926.67331	-920.78175
237	237	-1389.6596	-1388.5377	-1394.457	1.1218612	-1386.6724	-1390.887	-1384.8309
238	238	-1705.2313	-1704.676	-1709.1141	0.5552718	-1702.4084	-1705.2494	-1701.3789
239	239	-1242.9225	-1240.2901	-1246.5333	2.6324625	-1239.8161	-1243.4028	-1237.1159
240	240	-1084.9638	-1084.0497	-1090.3579	0.91412214	-1081.7615	-1086.3665	-1080.3555
241	241	-1515.6561	-1495.4643	-1501.4245	20.191847	-1512.732	-1498.5074	-1492.6144
242	242	-775.73287	-734.05198	-740.00288	41.680889	-772.24409	-736.29834	-730.40572
243	243	-1110.5101	-1081.9872	-1086.7962	28.522861	-1107.3156	-1083.5857	-1078.8871
244	244	-1079.788	-1057.6902	-1063.6262	22.097838	-1076.585	-1060.7817	-1054.8878
245	245	-1117.224	-1099.1788	-1103.444	18.04516	-1114.042	-1100.0414	-1096.1009
246	246	-1667.8896	-1645.5289	-1651.4698	22.36074	-1665.0132	-1648.5503	-1642.6539
247	247	-1013.3234	-997.10932	-1002.989	16.214038	-1010.0641	-999.55305	-993.6606
248	248	-1192.1631	-1190.362	-1195.8497	1.8011304	-1189.0462	-1192.3058	-1186.4558
249	249	-945.22768	-913.12855	-919.18855	32.099126	-941.89744	-916.55457	-910.66127
250	250	-1443.1705	-1442.8458	-1448.9097	0.32471192	-1440.1923	-1445.2384	-1439.303
251	251	-903.00694	-883.90358	-889.60512	19.10336	-899.64509	-886.43039	-880.53681
252	252	-1080.4261	-1067.9566	-1073.8846	12.469491	-1077.2157	-1070.4242	-1064.5322
253	253	-1010.8684	-1011.1198	-1015.9504	-0.25135373	-1007.588	-1011.827	-1006.9579
254	254	-696.25719	-688.19249	-694.53672	8.0646954	-692.65537	-690.49837	-684.33773
255	255	-1281.386	-1275.1432	-1280.8139	6.2427863	-1278.3533	-1278.1138	-1272.2208
256	256	-1273.1925	-1244.7673	-1250.7226	28.425197	-1270.1266	-1247.7229	-1241.8313
257	257	-825.30569	-802.54324	-808.46084	22.762457	-821.84762	-804.81612	-798.92323
258	258	-1504.4065	-1496.9305	-1502.9004	7.4760402	-1501.4664	-1499.8328	-1493.9414
259	259	-1180.8954	-1176.4251	-1182.4751	4.4702231	-1177.771	-1179.3129	-1173.4298
260	260	-1037.2622	-1017.0425	-1022.9178	20.21963	-1034.0329	-1019.9251	-1014.0301
261	261	-1159.5898	-1153.0087	-1159.0633	6.5811652	-1156.4456	-1155.4663	-1149.5736
262	262	-1470.3107	-1465.3074	-1471.2408	5.0032254	-1467.3915	-1468.6492	-1462.751
263	263	-1527.4219	-1526.9865	-1532.9251	0.43534059	-1524.517	-1529.6395	-1523.7634
264	264	-1036.9814	-1028.416	-1034.1173	8.5653534	-1033.7385	-1031.0135	-1025.1206
265	265	-1493.6816	-1487.8822	-1493.8263	5.7993946	-1490.7182	-1491.1666	-1485.2743
266	266	-1004.5381	-993.76192	-999.88434	10.776224	-1001.2761	-996.72053	-990.8281
267	267	-1046.3933	-1045.3505	-1051.4956	1.0427778	-1043.1773	-1047.4753	-1041.4809
268	268	-1128.2813	-1123.1099	-1129.1263	5.1714301	-1125.0934	-1125.5357	-1119.6421
269	269	-1325.2342	-1314.4947	-1319.7374	10.739558	-1322.1875	-1317.0755	-1311.4219
270	270	-1379.9984	-1368.0622	-1372.1188	11.936188	-1376.9923	-1368.4859	-1365.2219
271	271	-726.30399	-725.38905	-731.34529	0.91494622	-722.75117	-727.04718	-720.78651
272	272	-1140.6746	-1115.7516	-1121.6808	24.923061	-1137.5276	-1118.5406	-1112.6477
273	273	-1781.7497	-1775.0435	-1780.3753	6.7061334	-1778.9286	-1777.7731	-1772.3241
274	274	-1393.0627	-1389.3886	-1395.2294	3.67409	-1390.0657	-1391.9206	-1386.2416
275	275	-1132.7007	-1125.3432	-1131.292	7.3574853	-1129.5304	-1128.0055	-1122.1157
276	276	-781.27137	-762.91375	-768.8673	18.357619	-777.82798	-765.10588	-759.2131
277	277	-1201.4473	-1195.3239	-1201.2808	6.1234017	-1198.3341	-1198.0104	-1192.1172
278	278	-1358.2254	-1353.9461	-1360.1057	4.2792726	-1355.2046	-1356.7336	-1350.8363
279	279	-1248.8557	-1246.5192	-1252.766	2.3365771	-1245.7774	-1248.2593	-1243.3624
280	280	-923.9387	-894.50792	-900.42835	29.430786	-920.57833	-897.00636	-891.11621
281	281	-1257.5739	-1251.3201	-1254.8088	6.2538479	-1254.4602	-1253.5408	-1248.074
282	282	-1355.7496	-1336.2358	-1342.1665	19.513826	-1352.7334	-1339.1712	-1333.2772
283	283	-1013.9024	-981.79455	-987.71106	32.107832	-1010.6426	-984.51485	-978.6218
284	284	-1509.525	-1498.196	-1503.8931	11.328998	-1506.5957	-1501.0242	-1495.132
285	285	-896.54532	-890.31969	-896.37597	6.2256333	-893.19823	-892.49815	-886.60611
286	286	-1304.2166	-1299.3899	-1304.4403	4.8266719	-1301.1618	-1301.1658	-1296.0094
287	287	-743.00885	-719.24472	-725.21314	23.764127	-739.46289	-721.30234	-715.41017
288	288	-934.02473	-916.35851	-922.31759	17.666223	-930.70844	-918.93691	-913.0429
289	289	-1182.1254	-1174.2727	-1180.2914	7.8527494	-1178.9937	-1176.7514	-1170.8592
290	290	-1266.8919	-1242.732	-1248.3691	24.159912	-1263.8147	-1245.454	-1239.563
291	291	-1178.8429	-1168.2548	-1174.1256	10.588052	-1175.6879	-1170.7026	-1164.8112
292	292	-1487.1805	-1487.9996	-1491.1741	-0.81909562	-1484.2448	-1488.4434	-1485.3275
293	293	-743.64496	-720.45237	-726.4029	23.192591	-740.11858	-722.51227	-716.62197
294	294	-1020.7271	-1009.0321	-1015.0523	11.694924	-1017.4734	-1011.9635	-1006.0717
295	295	-1606.9603	-1605.7836	-1611.0753	1.1766542	-1604.052	-1607.0462	-1603.1121
296	296	-1322.8389	-1304.3976	-1310.2991	18.441322	-1319.8002	-1307.1578	-1301.2608
297	297	-1446.8494	-1437.2825	-1443.2461	9.5669	-1443.9121	-1440.0913	-1434.1961
298	298	-1458.0714	-1458.6479	-1462.4714	-0.57647966	-1455.1086	-1459.4653	-1457.1062
299	299	-1272.391	-1250.5131	-1256.4558	21.877965	-1269.3209	-1253.405	-1247.5126
300	300	-623.01248	-562.49745	-568.38999	60.51503	-619.30344	-564.37683	-558.48403
301	301	-1154.086	-1136.0116	-1141.975	18.074392	-1150.927	-1138.7313	-1132.8401
302	302	-1276.8261	-1277.2641	-1283.3228	-0.43804718	-1273.7411	-1279.6462	-1273.7612
303	303	-1078.5392	-1070.8402	-1076.6376	7.6989598	-1075.3185	-1073.2413	-1067.3488
304	304	-1199.6214	-1180.7808	-1186.6764	18.840551	-1196.5182	-1183.4338	-1177.5415
305	305	-1123.8152	-1109.5031	-1114.7126	14.312089	-1120.6491	-1110.9438	-1106.1822
306	306	-1271.5019	-1264.3549	-1270.3052	7.1470711	-1268.4351	-1267.6758	-1261.784
307	307	-1090.7051	-1091.3953	-1097.3657	-0.69017926	-1087.4954	-1093.6366	-1087.7206
308	308	-1249.818	-1250.4087	-1256.2482	-0.59068521	-1246.7397	-1252.9718	-1246.9663
309	309	-1667.8361	-1660.4284	-1666.3931	7.4077715	-1664.9984	-1663.3398	-1657.4473
310	310	-1323.1572	-1293.6575	-1299.5946	29.499701	-1320.1309	-1296.4886	-1290.5919
311	311	-1149.7204	-1136.9966	-1142.1946	12.723855	-1146.5639	-1139.4958	-1133.6447
312	312	-1672.5496	-1648.0298	-1654.0739	24.519767	-1669.9382	-1651.2135	-1645.3216
313	313	-1645.5362	-1631.8713	-1637.7359	13.664908	-1642.6568	-1635.0746	-1629.1818
314	314	-990.17987	-991.27374	-997.28703	-1.0938724	-986.89348	-993.54053	-987.55983
315	315	-1172.0809	-1162.9187	-1168.7586	9.1622421	-1168.9367	-1165.6609	-1159.7686
316	316	-1191.3549	-1181.0581	-1187.0716	10.29681	-1188.2156	-1183.5971	-1177.7048
317	317	-1214.0175	-1195.4328	-1201.379	18.584718	-1210.9282	-1198.276	-1192.3816
318	318	-1162.1664	-1162.166	-1167.1351	0.00041223598	-1159.036	-1162.1823	-1158.5016
319	319	-1726.3224	-1714.8937	-1720.793	11.428668	-1723.4897	-1718.4075	-1712.5136
320	320	-710.96166	-708.81984	-714.05055	2.1418243	-707.41734	-710.64702	-704.09103
321	321	-1727.2731	-1727.2182	-1733.5729	0.054981344	-1724.4607	-1730.9301	-1724.9769
322	322	-996.98041	-971.96517	-977.87907	25.015249	-993.69989	-974.4612	-968.56663
323	323	-1445.508	-1439.0949	-1444.5427	6.4130996	-1442.5278	-1441.8143	-1435.9208
324	324	-750.44418	-744.04114	-749.97201	6.4030427	-746.93655	-746.03911	-740.14737
325	325	-1245.799	-1243.2571	-1249.417	2.5418957	-1242.7041	-1245.5822	-1239.6814
326	326	-919.78801	-905.74455	-911.64704	14.043455	-916.45433	-908.79808	-902.90703
327	327	-1100.4643	-1067.3421	-1073.2569	33.122146	-1097.2789	-1070.1092	-1064.2176
328	328	-1124.7398	-1101.3008	-1107.014	23.438993	-1121.5556	-1103.8966	-1098.0024
329	329	-922.60826	-904.61529	-910.54318	17.992967	-919.28502	-906.98748	-901.0949
330	330	-958.86886	-958.68495	-964.68532	0.18390623	-955.56556	-960.675	-954.64197
331	331	-1082.5171	-1078.1496	-1080.8765	4.3675239	-1079.3132	-1077.7445	-1075.2275
332	332	-650.40744	-651.97073	-657.91168	-1.5632953	-646.74397	-653.9926	-648.21414
333	333	-1600.7782	-1592.6142	-1598.6419	8.1639259	-1597.9034	-1595.7297	-1589.8357
334	334	-842.47609	-814.71028	-820.59985	27.765805	-839.04942	-817.06266	-811.17007
335	335	-783.54122	-757.37529	-763.27207	26.165935	-780.03662	-759.84413	-753.95243
336	336	-1002.7589	-991.11801	-997.0984	11.640896	-999.49108	-993.4988	-987.60442
337	337	-832.70444	-822.68016	-828.66041	10.024274	-829.28354	-824.8177	-818.92054
338	338	-840.15462	-832.56554	-838.52145	7.5890818	-836.7218	-834.71593	-828.82469
339	339	-1022.2396	-1019.7723	-1024.9399	2.4672187	-1019.0066	-1020.8113	-1015.7384
340	340	-1034.6453	-1033.5523	-1040.2682	1.0930654	-1031.4074	-1035.6994	-1029.8912
341	341	-843.58928	-820.20596	-826.11333	23.383316	-840.18045	-822.73285	-816.84058
342	342	-1313.6301	-1266.3581	-1272.2531	47.272008	-1310.5624	-1269.1905	-1263.2967
343	343	-1071.4646	-1061.2431	-1067.1846	10.221504	-1068.2608	-1063.7271	-1057.8348
344	344	-1411.4321	-1398.6801	-1404.6314	12.751961	-1408.4319	-1401.4126	-1395.518
345	345	-909.50757	-889.71376	-895.53848	19.793816	-906.13545	-892.70692	-886.8131
346	346	-1516.2414	-1512.0719	-1518.0119	4.1694944	-1513.3281	-1515.1309	-1509.2368
347	347	-1700.6437	-1698.4814	-1704.4343	2.1623225	-1697.8071	-1701.3475	-1695.3202
348	348	-739.50921	-724.46974	-730.39582	15.039469	-735.98549	-726.51888	-720.62599
349	349	-956.00341	-927.30241	-933.38572	28.700996	-952.68233	-930.22478	-924.3289
350	350	-1853.0854	-1843.2777	-1849.2623	9.8077052	-1850.2571	-1846.2682	-1840.3775
351	351	-1080.603	-1044.9206	-1050.9723	35.68241	-1077.3785	-1047.7708	-1041.879
352	352	-1665.2669	-1666.2611	-1670.1629	-0.99425544	-1662.4277	-1668.6795	-1663.9312
353	353	-1249.2503	-1241.8367	-1247.7633	7.4135145	-1246.1554	-1244.3851	-1238.4957
354	354	-996.045	-982.16808	-988.12875	13.876914	-992.78608	-984.80067	-978.9106
355	355	-1673.0247	-1670.0564	-1673.4237	2.9682733	-1670.1209	-1669.7183	-1666.9339
356	356	-929.66355	-911.66553	-917.63606	17.99802	-926.3236	-914.20321	-908.3107
357	357	-1312.8444	-1313.0769	-1319.1274	-0.23241944	-1309.8159	-1317.2202	-1311.311
358	358	-1099.7386	-1083.6288	-1089.5802	16.10978	-1096.547	-1086.1464	-1080.254
359	359	-1112.4158	-1086.215	-1092.1573	26.200714	-1109.2194	-1088.8027	-1082.911
360	360	-1337.0114	-1334.1322	-1340.0583	2.879235	-1333.966	-1336.5657	-1330.8185
361	361	-983.16493	-973.44985	-979.37617	9.7150829	-979.86071	-975.79955	-969.90685
362	362	-1993.6107	-1987.0389	-1993.01	6.5718372	-1990.8827	-1990.4442	-1984.5491
363	363	-996.20449	-991.14488	-997.11735	5.0596056	-992.91465	-993.68531	-987.84863
364	364	-1255.9859	-1237.8975	-1243.8295	18.088441	-1252.8983	-1241.1588	-1235.2634
365	365	-1060.4733	-1005.105	-1010.9831	55.368232	-1057.2435	-1007.6875	-1001.797
366	366	-1010.7828	-1003.6402	-1008.2866	7.1425891	-1007.5023	-1004.515	-1000.0722
367	367	-647.46585	-626.25892	-632.20906	21.206931	-643.79982	-628.14332	-622.25262
368	368	-1122.5213	-1090.8616	-1096.8527	31.659642	-1119.3607	-1093.5397	-1087.6465
369	369	-819.47276	-798.28518	-804.23128	21.187581	-816.01106	-800.48915	-794.59597
370	370	-936.79498	-913.74921	-919.68252	23.045769	-933.46431	-916.11791	-910.22549
371	371	-1387.9865	-1378.6995	-1384.6785	9.2869728	-1384.999	-1381.7972	-1375.9029
372	372	-1076.2558	-1051.8653	-1057.842	24.390566	-1073.0368	-1054.7719	-1048.8793
373	373	-981.69854	-969.85317	-975.77173	11.845365	-978.44627	-972.56891	-966.6713
374	374	-1535.1574	-1533.9561	-1540.4864	1.201315	-1532.2713	-1536.3742	-1530.2785
375	375	-1057.9794	-1055.7762	-1061.9548	2.2031849	-1054.7827	-1057.6934	-1051.8037
376	376	-689.29726	-659.92903	-665.84623	29.368225	-685.69888	-661.93985	-656.04716
377	377	-1938.1728	-1939.7389	-1943.8412	-1.5660457	-1935.4369	-1943.1318	-1937.4345
378	378	-1077.5415	-1062.4034	-1068.5193	15.138122	-1074.3351	-1065.0909	-1059.1974
379	379	-864.87687	-863.652	-869.70459	1.224862	-861.48573	-865.40352	-859.7032
380	380	-1013.4597	-1013.4567	-1019.7187	0.0029974647	-1010.2079	-1015.6857	-1009.6165
381	381	-1271.3369	-1267.9765	-1274.1372	3.3604218	-1268.2668	-1270.7031	-1264.3004
382	382	-1111.6695	-1101.7195	-1107.8172	9.9500039	-1108.4866	-1104.8147	-1098.9197
383	383	-754.63656	-754.48259	-760.40926	0.15397684	-751.11746	-755.68814	-749.57015
384	384	-1183.0928	-1161.5144	-1167.4773	21.578398	-1179.9737	-1164.3697	-1158.4771
385	385	-890.82604	-868.63941	-874.61536	22.186625	-887.42244	-870.93253	-865.03914
386	386	-883.97562	-862.34951	-868.28609	21.626107	-880.61104	-864.66404	-858.77089
387	387	-1411.6591	-1406.0938	-1412.2333	5.5653062	-1408.6905	-1409.0151	-1403.1232
388	388	-1071.6913	-1055.861	-1060.7066	15.830324	-1068.4676	-1057.0893	-1053.0052
389	389	-1107.308	-1076.206	-1082.1174	31.102022	-1104.1233	-1078.988	-1073.0968
390	390	-976.47309	-960.23164	-966.16546	16.241448	-973.18956	-962.60649	-956.71372
391	391	-1307.5298	-1275.8776	-1281.8265	31.652247	-1304.4482	-1278.9429	-1273.0507
392	392	-1345.3743	-1344.8865	-1350.7654	0.4877818	-1342.3395	-1347.8147	-1341.9487
393	393	-1350.4926	-1344.6847	-1350.6183	5.8079115	-1347.4523	-1348.0604	-1342.1694
394	394	-1394.2034	-1394.4537	-1398.3077	-0.25024502	-1391.1849	-1396.5076	-1392.9951
395	395	-1120.6453	-1095.0752	-1101.0681	25.570088	-1117.482	-1098.0855	-1092.1933
396	396	-1036.3059	-1003.3678	-1009.3369	32.938033	-1033.057	-1006.0793	-1000.1876
397	397	-675.60722	-667.49729	-673.48587	8.1099337	-671.98497	-669.36776	-663.47427
398	398	-778.11332	-766.7596	-772.76153	11.353713	-774.62523	-768.83633	-762.9424
399	399	-1166.7855	-1144.7081	-1150.657	22.07738	-1163.6209	-1147.4482	-1141.553
400	400	-1292.2222	-1283.9548	-1289.3679	8.2673797	-1289.1764	-1286.5187	-1280.7009
401	401	-1413.2132	-1410.9747	-1416.8214	2.2384971	-1410.2288	-1413.2852	-1407.3892
402	402	-1614.8205	-1603.9548	-1609.8869	10.865766	-1611.9465	-1606.8879	-1600.9967
403	403	-743.98862	-742.15221	-747.8107	1.8364121	-740.45599	-743.30328	-737.64806
404	404	-1392.8767	-1383.2869	-1389.2644	9.5897548	-1389.8637	-1386.3699	-1380.4771
405	405	-622.95276	-621.1457	-627.34673	1.807062	-619.25506	-621.87977	-615.87925
406	406	-1039.5127	-1005.0338	-1010.951	34.478912	-1036.26	-1008.0338	-1002.1397
407	407	-1214.3821	-1206.0756	-1210.4229	8.3065192	-1211.2605	-1207.2093	-1202.8576
408	408	-867.83213	-821.61839	-827.58053	46.213733	-864.46073	-824.06064	-818.16927
409	409	-1032.8055	-1020.5316	-1026.4957	12.273922	-1029.5618	-1023.1912	-1017.2995
410	410	-1891.6981	-1882.9564	-1884.7814	8.7416874	-1889.2566	-1881.6024	-1880.1404
411	411	-647.63154	-641.7726	-647.70777	5.8589482	-643.97383	-643.56365	-637.67148
412	412	-1077.0443	-1064.7989	-1070.0322	12.24541	-1073.8341	-1067.388	-1061.8019
413	413	-1351.2761	-1336.2987	-1342.2337	14.977349	-1348.2811	-1339.2822	-1333.389
414	414	-1126.0183	-1124.2965	-1130.3087	1.7218594	-1122.8483	-1126.3169	-1120.455
415	415	-1589.1416	-1570.142	-1576.0066	18.999549	-1586.2283	-1573.0277	-1567.1354
416	416	-1181.1452	-1174.3587	-1180.1229	6.7865293	-1178.0076	-1176.875	-1170.9827
417	417	-1003.0073	-951.57782	-957.47392	51.429431	-999.71702	-954.90519	-949.01309
418	418	-893.48846	-854.19032	-860.10222	39.298143	-890.10273	-856.56478	-850.67156
419	419	-861.07829	-812.97574	-818.8765	48.102554	-857.64923	-815.55459	-809.6615
420	420	-986.97711	-983.69437	-989.7961	3.2827411	-983.71261	-985.87684	-979.90034
421	421	-1551.5304	-1553.0825	-1556.0568	-1.5520907	-1548.6049	-1554.408	-1550.6028
422	422	-998.98103	-949.13223	-955.05566	49.848794	-995.69668	-952.28918	-946.39779
423	423	-1470.0872	-1459.7681	-1465.6695	10.319126	-1467.4753	-1462.5599	-1456.667
424	424	-1315.5351	-1294.1795	-1300.1128	21.355622	-1312.492	-1297.1355	-1291.2432
425	425	-996.18588	-989.39248	-995.31401	6.7934063	-992.90825	-991.64648	-985.75239
426	426	-1292.2114	-1265.3206	-1271.2577	26.890856	-1289.1515	-1268.8371	-1262.9448
427	427	-1384.6624	-1371.025	-1376.9311	13.637402	-1381.6612	-1374.1698	-1368.2771
428	428	-1087.3699	-1066.8372	-1072.781	20.532734	-1084.1362	-1069.9169	-1064.0221
429	429	-1022.0641	-1023.6176	-1029.5216	-1.5534976	-1018.7916	-1025.8856	-1019.6649
430	430	-1138.9098	-1120.8018	-1126.9747	18.107974	-1135.7626	-1123.6842	-1117.7794
431	431	-948.19904	-929.75741	-935.82079	18.441638	-944.86662	-932.85787	-926.97209
432	432	-1103.7621	-1095.0011	-1100.9745	8.7610267	-1100.6105	-1097.5916	-1091.6986
433	433	-803.97316	-763.2338	-769.14877	40.73936	-800.4907	-765.48907	-759.59514
434	434	-1536.9845	-1535.2312	-1540.9928	1.7532836	-1534.0446	-1538.2104	-1532.6175
435	435	-1371.9921	-1371.9262	-1377.3942	0.065877402	-1368.9591	-1373.8392	-1368.5136
436	436	-1255.9831	-1243.4473	-1249.4151	12.535777	-1252.9013	-1246.4544	-1240.563
437	437	-1445.5536	-1442.9577	-1447.5969	2.5958967	-1442.5773	-1446.3317	-1440.1242
438	438	-2317.0743	-2300.796	-2306.7947	16.278328	-2314.4625	-2304.1671	-2298.2728
439	439	-1252.8952	-1250.6928	-1256.7005	2.2024726	-1249.7868	-1252.8648	-1246.8987
440	440	-1199.8249	-1178.3302	-1184.2599	21.494711	-1196.6951	-1181.162	-1175.2686
441	441	-1075.9983	-1063.8884	-1069.8921	12.10983	-1072.7849	-1066.6028	-1060.7113
442	442	-947.08534	-931.24862	-937.18567	15.836724	-943.76766	-933.83907	-927.94636
443	443	-1256.1553	-1238.4203	-1244.3612	17.734986	-1253.0914	-1241.3325	-1235.4398
444	444	-1066.7867	-1058.1944	-1064.3421	8.5922766	-1063.5689	-1060.9728	-1055.0805
445	445	-1096.2942	-1095.6843	-1099.3765	0.60987511	-1093.1195	-1095.5067	-1091.6435
446	446	-1187.2121	-1180.1268	-1186.3107	7.0853125	-1184.0836	-1183.2297	-1177.3379
447	447	-890.46526	-874.37444	-880.38918	16.090818	-887.1015	-876.90988	-871.01599
448	448	-1317.5661	-1300.9142	-1306.859	16.651906	-1314.5022	-1303.6362	-1297.7438
449	449	-1461.8307	-1462.8328	-1468.7665	-1.0020718	-1458.859	-1466.7499	-1460.8572
450	450	-1673.1456	-1672.3783	-1678.5871	0.76730403	-1670.2731	-1675.2755	-1669.3177
451	451	-729.93446	-731.51891	-737.44535	-1.5844463	-726.39871	-734.28853	-728.39667
452	452	-1081.9925	-1041.8625	-1047.8098	40.130033	-1078.7852	-1044.5172	-1038.6237
453	453	-1179.1517	-1172.4837	-1178.5068	6.6680557	-1176.0209	-1175.2116	-1169.3226
454	454	-1588.7554	-1586.3138	-1591.9204	2.4415801	-1585.8594	-1589.275	-1583.1431
455	455	-934.82637	-928.92519	-934.8566	5.9011786	-931.51995	-931.66118	-925.76833
456	456	-1034.6693	-1034.7972	-1040.8994	-0.12791677	-1031.4117	-1036.9061	-1030.7336
457	457	-1383.7239	-1367.4064	-1373.3729	16.31751	-1380.7433	-1370.1694	-1364.278
458	458	-1350.0909	-1320.4792	-1326.3747	29.611676	-1347.0518	-1323.4445	-1317.5514
459	459	-992.59831	-991.51435	-997.45957	1.0839584	-989.3263	-992.99872	-987.11774
460	460	-914.91361	-915.50497	-921.41274	-0.59136315	-911.53872	-917.35783	-911.5723
461	461	-1278.1728	-1273.1659	-1279.0893	5.0068672	-1275.0933	-1275.7267	-1269.8335
462	462	-1185.8239	-1157.0477	-1162.9686	28.776197	-1182.6998	-1159.9043	-1154.013
463	463	-1143.7898	-1128.2794	-1134.2791	15.510371	-1140.6253	-1130.8365	-1124.9428
464	464	-1453.5894	-1449.9612	-1455.9913	3.6281797	-1450.5968	-1452.9085	-1447.0159
465	465	-1578.9636	-1569.8032	-1575.7967	9.1604434	-1576.0551	-1572.6227	-1566.7299
466	466	-1079.7467	-1067.3128	-1073.2378	12.433938	-1076.5231	-1069.9688	-1064.0739
467	467	-1191.7279	-1193.294	-1199.2546	-1.566118	-1188.6242	-1196.5147	-1190.6222
468	468	-1105.1256	-1090.8758	-1096.8886	14.249765	-1101.9519	-1093.7591	-1087.8668
469	469	-1042.7391	-1041.3448	-1047.4225	1.3943107	-1039.4958	-1043.5669	-1037.6353
470	470	-899.6817	-859.27498	-865.18136	40.406718	-896.29	-861.94898	-856.05496
471	471	-815.90289	-762.26391	-768.13278	53.638975	-812.45314	-765.03582	-759.14214
472	472	-1025.4425	-1021.1867	-1027.2701	4.2558603	-1022.1864	-1023.4916	-1017.5991
473	473	-1237.4285	-1216.7435	-1222.6792	20.68504	-1234.3275	-1219.4131	-1213.521
474	474	-1308.2336	-1306.8185	-1312.7431	1.4151062	-1305.2029	-1308.9175	-1302.9863
475	475	-1170.7888	-1153.3754	-1159.3063	17.413401	-1167.6515	-1156.2179	-1150.3254
476	476	-899.54065	-877.4234	-883.35019	22.117241	-896.16335	-879.73846	-873.84694
477	477	-895.02708	-884.23832	-890.15266	10.788757	-891.64391	-886.416	-880.52225
478	478	-1001.1632	-985.46921	-991.38455	15.694028	-997.91277	-988.1094	-982.21859
479	479	-1334.5465	-1330.3367	-1336.4349	4.2097969	-1331.5309	-1332.998	-1327.234
480	480	-1432.0533	-1428.4398	-1434.5046	3.6135272	-1429.0806	-1431.4732	-1425.5697
481	481	-767.67465	-753.9863	-759.89559	13.68835	-764.189	-756.05297	-750.16121
482	482	-1442.8555	-1435.0915	-1441.0392	7.7640063	-1439.9047	-1437.8439	-1431.9518
483	483	-1524.0063	-1511.5186	-1516.8726	12.487739	-1521.0692	-1514.3257	-1508.4333
484	484	-1129.0368	-1106.8563	-1112.7895	22.180437	-1125.8471	-1109.424	-1103.5314
485	485	-994.75323	-965.22127	-971.12624	29.531958	-991.47116	-967.66529	-961.77284
486	486	-1129.5781	-1124.7613	-1130.6953	4.8167037	-1126.4121	-1127.2185	-1121.3263
487	487	-1782.317	-1781.7701	-1788.105	0.54691243	-1779.5112	-1784.908	-1778.9501
488	488	-908.32558	-874.72435	-880.61392	33.601231	-904.95255	-877.44726	-871.55643
489	489	-1097.3395	-1098.8854	-1101.9562	-1.5458768	-1094.1268	-1096.9774	-1095.4318
490	490	-1018.632	-1019.1024	-1024.9762	-0.47038394	-1015.386	-1021.1136	-1015.2521
491	491	-998.94741	-980.73652	-986.28598	18.210883	-995.68796	-983.17632	-977.28378
492	492	-1186.9349	-1188.0241	-1193.9433	-1.0892068	-1183.7985	-1189.2162	-1184.566
493	493	-830.06011	-817.51672	-823.52408	12.543385	-826.64988	-819.72839	-813.83671
494	494	-1106.9037	-1082.34	-1087.6203	24.563754	-1103.7026	-1084.388	-1079.1979
495	495	-1051.8642	-1034.2189	-1040.1596	17.645288	-1048.6309	-1036.7054	-1030.8091
496	496	-1675.3007	-1672.4275	-1678.4537	2.8732637	-1672.4536	-1675.8032	-1669.8191
497	497	-1008.3492	-1006.635	-1012.6319	1.7141554	-1005.0964	-1008.7686	-1002.3041
498	498	-1600.0017	-1582.6198	-1588.6164	17.38187	-1597.1288	-1585.6005	-1579.7078
499	499	-1131.4201	-1130.0962	-1136.0019	1.3239189	-1128.2655	-1131.9303	-1126.1715
