No.	ID	loglik_NUll	loglik_RES	loglik_all	log_ratio	loglik_Max1	loglik_Max2	loglik_Max3
0	0	-1406.5281	-1405.1568	-1411.1233	1.371319	-1403.544	-1407.2284	-1401.4457
1	1	-833.81423	-805.70268	-811.63871	28.111546	-830.39341	-807.82092	-801.92907
2	2	-967.22642	-941.55134	-947.51147	25.675085	-963.91506	-943.80206	-937.90938
3	3	-824.53521	-807.43716	-812.69904	17.098048	-821.07138	-809.07612	-803.52152
4	4	-1824.7899	-1817.7879	-1822.8631	7.001976	-1821.9936	-1819.7408	-1815.0002
5	5	-1815.5027	-1816.3487	-1821.7536	-0.84600459	-1812.655	-1818.9591	-1814.6528
6	6	-1248.0183	-1227.6486	-1233.635	20.369749	-1244.9371	-1230.2003	-1224.3073
7	7	-1716.7661	-1708.562	-1712.1384	8.204107	-1713.932	-1711.0594	-1705.6303
8	8	-1045.4275	-1011.4465	-1017.3358	33.981085	-1042.171	-1014.1288	-1008.2372
9	9	-1543.2795	-1519.3679	-1525.2936	23.911682	-1540.385	-1522.9891	-1517.0952
10	10	-1056.8938	-1047.0671	-1053.0421	9.8266513	-1053.6447	-1049.6352	-1043.7417
11	11	-1013.8692	-985.79741	-991.74462	28.071759	-1010.6301	-988.18009	-982.28806
12	12	-1232.1106	-1196.8867	-1202.7966	35.223916	-1228.9881	-1199.7125	-1193.8198
13	13	-1244.5002	-1244.8252	-1251.1411	-0.32507495	-1241.391	-1247.2285	-1241.2852
14	14	-1280.1297	-1252.6189	-1258.56	27.510765	-1277.0624	-1255.2325	-1249.3385
15	15	-969.36177	-943.91991	-949.88044	25.441859	-966.06089	-946.20698	-940.31295
16	16	-1194.5795	-1173.0552	-1178.9528	21.524295	-1191.4351	-1175.7772	-1169.8842
17	17	-984.90993	-966.57732	-972.53275	18.332612	-981.60865	-969.50287	-963.60481
18	18	-928.9091	-895.6628	-901.57389	33.246299	-925.55437	-898.49694	-892.60709
19	19	-1424.7008	-1424.2181	-1430.7743	0.48263855	-1421.717	-1426.8617	-1420.8697
20	20	-808.49397	-761.4272	-767.33774	47.066769	-805.05047	-763.56107	-757.67186
21	21	-1474.0079	-1473.4834	-1479.5594	0.52443675	-1471.0695	-1476.6044	-1470.7835
22	22	-832.59151	-804.67108	-810.61514	27.920426	-829.15873	-806.77524	-800.88387
23	23	-723.28457	-701.42269	-707.39876	21.861881	-719.6941	-703.7472	-697.8544
24	24	-1124.2194	-1107.9988	-1114.0359	16.22061	-1121.0318	-1110.3579	-1104.4674
25	25	-1284.5458	-1278.7722	-1284.6766	5.7736376	-1281.4591	-1282.3896	-1276.4919
26	26	-1227.5015	-1211.7045	-1217.7164	15.797009	-1224.4017	-1214.1929	-1208.3006
27	27	-1229.0261	-1181.841	-1187.7882	47.185077	-1225.9031	-1185.028	-1179.1374
28	28	-1228.9256	-1209.4819	-1215.4565	19.443743	-1225.8395	-1212.0103	-1206.1214
29	29	-1543.5338	-1517.1527	-1523.1823	26.38108	-1540.6062	-1519.9653	-1514.0732
30	30	-1256.5176	-1245.3832	-1251.3329	11.134386	-1253.4346	-1247.795	-1241.9024
31	31	-1187.8402	-1152.0131	-1157.915	35.827079	-1184.7188	-1154.7841	-1148.8912
32	32	-1121.2466	-1119.9508	-1125.4846	1.2957736	-1118.0802	-1121.6625	-1115.8071
33	33	-1051.9126	-1040.4641	-1046.493	11.448467	-1048.6786	-1042.9912	-1037.0966
34	34	-1356.3627	-1326.5595	-1332.4847	29.803228	-1353.3157	-1330.0297	-1324.1372
35	35	-1420.5835	-1419.4036	-1425.3539	1.179882	-1417.6224	-1421.7259	-1415.8059
36	36	-1654.8044	-1644.3879	-1650.5146	10.416485	-1651.9507	-1647.3281	-1641.4361
37	37	-886.78085	-879.31461	-885.22581	7.4662426	-883.35027	-881.30312	-875.41003
38	38	-1289.3982	-1288.2018	-1293.9867	1.1964779	-1286.3155	-1289.9894	-1284.8619
39	39	-963.37241	-930.67227	-936.58532	32.700141	-960.08311	-932.979	-927.08646
40	40	-1259.2216	-1237.5413	-1243.4758	21.680351	-1256.1393	-1240.3105	-1234.4165
41	41	-968.66636	-957.92921	-959.26803	10.73715	-965.35875	-955.79884	-954.27064
42	42	-1022.2024	-1010.0749	-1016.0274	12.12744	-1018.9596	-1012.6462	-1006.7528
43	43	-1300.2833	-1267.4562	-1273.2089	32.827097	-1297.2089	-1270.0744	-1264.1822
44	44	-1147.4597	-1124.8436	-1130.7521	22.616098	-1144.2946	-1127.2834	-1121.3911
45	45	-909.20277	-872.36754	-878.41814	36.83523	-905.84247	-875.40213	-869.50894
46	46	-1345.1351	-1335.357	-1341.407	9.7781279	-1342.1227	-1337.8869	-1331.9939
47	47	-963.44472	-958.9558	-964.73859	4.4889208	-960.18655	-961.50279	-955.61003
48	48	-1337.6774	-1322.6148	-1328.5184	15.062569	-1334.6531	-1325.16	-1319.265
49	49	-1684.1486	-1682.1715	-1686.7914	1.9771379	-1681.2879	-1685.6744	-1679.5503
50	50	-985.74227	-952.50498	-958.44883	33.237289	-982.4497	-955.04893	-949.15722
51	51	-1452.087	-1422.756	-1428.6825	29.330963	-1449.0933	-1425.4804	-1419.5895
52	52	-975.19555	-964.40418	-970.3402	10.791364	-971.90546	-966.56033	-960.66747
53	53	-876.02548	-831.60868	-837.50339	44.416802	-872.62398	-834.20215	-828.31229
54	54	-1222.1668	-1208.7439	-1214.6852	13.422941	-1219.0784	-1211.2609	-1205.3682
55	55	-1059.4654	-1043.8489	-1049.8632	15.616503	-1056.2413	-1046.3631	-1040.4696
56	56	-945.6482	-916.87837	-922.28905	28.769834	-942.32659	-919.12529	-913.23228
57	57	-1036.7431	-1001.5457	-1007.4318	35.197438	-1033.5173	-1003.9784	-998.08654
58	58	-1221.5065	-1203.9071	-1209.8648	17.599391	-1218.3919	-1207.3548	-1201.4567
59	59	-1196.2717	-1179.3609	-1185.2776	16.910735	-1193.1464	-1181.8226	-1175.9287
60	60	-1701.3106	-1691.0109	-1697.0137	10.299719	-1698.4656	-1694.388	-1688.4955
61	61	-1022.0628	-1014.3303	-1020.194	7.7325231	-1018.7745	-1016.4162	-1010.5221
62	62	-1086.8182	-1084.0511	-1089.9732	2.7670782	-1083.6117	-1085.7984	-1079.8916
63	63	-1665.1644	-1640.8197	-1646.8071	24.344658	-1662.2698	-1643.882	-1637.9895
64	64	-1243.8934	-1220.7358	-1226.4298	23.157582	-1240.7882	-1223.8733	-1217.9803
65	65	-826.61934	-779.37433	-785.2782	47.245014	-823.15955	-781.92212	-776.03048
66	66	-1073.7762	-1046.099	-1052.0264	27.677254	-1070.5504	-1048.6894	-1042.7957
67	67	-1228.9103	-1222.4578	-1228.3711	6.4525198	-1225.8103	-1225.097	-1219.2046
68	68	-1538.2935	-1533.1105	-1537.7922	5.1829622	-1535.3711	-1534.5273	-1529.6022
69	69	-1396.9242	-1386.2848	-1392.2102	10.639445	-1393.9363	-1389.0399	-1383.1473
70	70	-1369.3988	-1359.7314	-1365.7582	9.6673524	-1366.367	-1362.2514	-1356.361
71	71	-1283.7394	-1272.8662	-1278.9133	10.873215	-1280.693	-1275.5788	-1269.6855
72	72	-793.82772	-763.10972	-769.13789	30.717993	-790.31989	-765.09888	-759.20659
73	73	-1345.4865	-1343.0146	-1349.1564	2.4718422	-1342.4672	-1344.5665	-1338.533
74	74	-833.60504	-770.34954	-776.2437	63.255505	-830.15416	-772.52671	-766.63458
75	75	-998.07386	-948.55082	-954.44214	49.523039	-994.79862	-950.97697	-945.08345
76	76	-818.4422	-791.09344	-797.00289	27.348757	-814.97771	-793.87885	-787.98614
77	77	-975.36463	-962.56622	-968.20495	12.798412	-972.07306	-964.99538	-959.10634
78	78	-1328.165	-1300.1984	-1306.1253	27.966578	-1325.1432	-1303.2851	-1297.3919
79	79	-1514.3045	-1482.1271	-1488.033	32.177429	-1511.3822	-1484.9696	-1479.075
80	80	-1217.3623	-1171.3444	-1177.2764	46.017891	-1214.2416	-1174.4934	-1168.5997
81	81	-1335.0871	-1315.5336	-1321.5286	19.553541	-1332.0744	-1318.173	-1312.2811
82	82	-967.31879	-958.29315	-964.25969	9.0256395	-963.99699	-960.42126	-954.52931
83	83	-828.42433	-781.81483	-787.74207	46.6095	-824.97094	-784.37148	-778.479
84	84	-1850.4762	-1845.842	-1851.9625	4.6341724	-1847.6362	-1848.7003	-1842.8089
85	85	-1039.2596	-1025.4101	-1031.4284	13.849445	-1036.0051	-1027.9192	-1022.0261
86	86	-812.50207	-750.05974	-755.97453	62.442325	-809.03891	-752.47775	-746.58592
87	87	-1495.9897	-1470.074	-1475.9935	25.915727	-1493.0134	-1472.9614	-1467.0695
88	88	-826.26229	-765.50642	-771.42737	60.755873	-822.80456	-767.704	-761.81249
89	89	-1309.7176	-1304.5503	-1310.4321	5.1672896	-1306.654	-1306.9652	-1301.0717
90	90	-1255.9996	-1256.0603	-1259.6614	-0.060778751	-1252.9241	-1258.1507	-1252.2703
91	91	-1082.2314	-1083.0618	-1089.1087	-0.83037589	-1079.0185	-1085.012	-1078.9815
92	92	-1578.0946	-1558.7236	-1564.7756	19.371045	-1576.0751	-1562.0346	-1556.1392
93	93	-2029.9128	-2015.883	-2021.9227	14.029866	-2027.1971	-2019.0955	-2013.2047
94	94	-775.07115	-766.69032	-770.73542	8.3808279	-771.56107	-767.03114	-762.63562
95	95	-1294.0651	-1283.6465	-1289.4306	10.418642	-1291.0027	-1286.0732	-1280.1795
96	96	-1132.6543	-1122.151	-1128.1207	10.503281	-1129.4553	-1124.4724	-1118.5808
97	97	-1230.2227	-1214.0209	-1219.9709	16.201877	-1227.1057	-1216.7458	-1210.8555
98	98	-879.71369	-838.43856	-844.34325	41.275133	-876.31036	-840.62953	-834.73599
99	99	-1184.7711	-1163.3557	-1169.2993	21.415402	-1181.6464	-1165.8495	-1159.9542
100	100	-1737.1396	-1726.5245	-1732.4812	10.615085	-1734.3155	-1729.576	-1723.6856
101	101	-1771.5211	-1771.3807	-1777.3816	0.14039285	-1768.7317	-1775.1067	-1769.2106
102	102	-1072.6066	-1059.3807	-1065.3441	13.22583	-1069.3829	-1062.2428	-1056.3514
103	103	-1387.5239	-1333.3071	-1339.21	54.21678	-1384.4891	-1336.157	-1330.2608
104	104	-1231.7071	-1219.7668	-1225.7539	11.940263	-1228.6055	-1222.4237	-1216.5309
105	105	-1198.3302	-1171.3936	-1177.3196	26.936553	-1195.225	-1173.9542	-1168.0617
106	106	-1089.5239	-1086.5087	-1091.9352	3.0151976	-1086.3104	-1088.2323	-1082.1852
107	107	-1247.1982	-1239.5079	-1245.4548	7.6903538	-1244.1027	-1241.8548	-1235.9605
108	108	-1550.0946	-1541.0267	-1546.9785	9.0679081	-1547.1585	-1543.8609	-1537.9691
109	109	-1209.1697	-1194.7868	-1200.7295	14.382955	-1206.0329	-1197.2049	-1191.3122
110	110	-1412.2707	-1411.0334	-1417.2948	1.2373177	-1409.3066	-1413.2587	-1407.4123
111	111	-1016.6436	-996.38431	-1002.2819	20.259323	-1013.3857	-998.88652	-992.99239
112	112	-1195.7769	-1154.2569	-1160.186	41.520059	-1193.1551	-1156.8541	-1150.9592
113	113	-965.12453	-950.92072	-956.92646	14.203808	-961.79342	-953.37051	-947.47773
114	114	-1079.4207	-1066.4261	-1072.1588	12.994613	-1076.1881	-1068.6851	-1062.7925
115	115	-1005.8612	-991.3783	-997.33721	14.482916	-1002.6104	-993.62572	-987.73058
116	116	-1086.5544	-1087.9724	-1093.8918	-1.4179851	-1083.3486	-1090.9442	-1084.731
117	117	-755.82086	-735.86697	-741.82123	19.95389	-752.30113	-737.78159	-731.88895
118	118	-1697.5294	-1689.2149	-1695.297	8.3145635	-1694.6828	-1692.1323	-1686.2411
119	119	-1393.3772	-1372.8577	-1378.6801	20.519464	-1390.3908	-1375.5432	-1369.6509
120	120	-1251.4725	-1231.1683	-1237.1496	20.304232	-1248.3745	-1233.9043	-1228.0119
121	121	-1517.3478	-1514.4636	-1518.3037	2.8842192	-1514.3842	-1516.7926	-1511.4678
122	122	-1294.3006	-1295.0384	-1300.9452	-0.73774707	-1291.2301	-1297.8069	-1291.5972
123	123	-978.43752	nan	-976.28313	nan	-975.16404	-972.53108	-968.48707
124	124	-1162.1208	-1132.7364	-1138.643	29.384393	-1158.964	-1135.2109	-1129.3156
125	125	-1212.4351	-1134.8515	-1140.7231	77.583587	-1209.4411	-1138.2614	-1132.3698
126	126	-1175.6706	-1139.8768	-1145.7794	35.793811	-1172.5284	-1142.4377	-1136.545
127	127	-1391.482	-1383.4553	-1389.422	8.0266332	-1388.4735	-1386.8615	-1380.9697
128	128	-1641.6942	-1624.0129	-1629.9676	17.68134	-1638.848	-1627.2368	-1621.3451
129	129	-932.24711	-912.63272	-918.54834	19.614392	-928.92229	-915.17522	-909.28502
130	130	-889.28193	-854.01437	-859.57137	35.267554	-885.86759	-856.1783	-850.28584
131	131	-1532.9071	-1531.8347	-1538.5971	1.0724169	-1529.9696	-1534.7148	-1528.8736
132	132	-840.36136	-813.30772	-819.27435	27.053636	-836.95847	-815.42932	-809.53797
133	133	-1155.811	-1151.9219	-1157.4537	3.8890754	-1152.6479	-1154.3744	-1147.5037
134	134	-709.32183	-671.62855	-677.50808	37.693279	-705.72649	-673.5188	-667.6252
135	135	-866.91106	-868.24366	-874.40187	-1.3326018	-863.5301	-869.90527	-864.8046
136	136	-1007.0466	-985.18294	-991.14085	21.863616	-1003.7823	-987.85775	-981.96855
137	137	-1772.2096	-1760.9446	-1767.8639	11.265049	-1769.4114	-1764.69	-1758.7799
138	138	-1458.3824	-1459.635	-1465.8633	-1.2526144	-1455.4297	-1463.3201	-1457.4278
139	139	-1734.3125	-1731.8389	-1738.2323	2.4735985	-1731.494	-1734.8855	-1729.0048
140	140	-902.99393	-873.41069	-879.36157	29.583244	-899.59555	-876.11173	-870.21756
141	141	-1141.985	-1116.5662	-1122.5211	25.41877	-1138.8027	-1119.0119	-1113.1198
142	142	-1309.4252	-1299.2298	-1305.2322	10.195381	-1306.371	-1301.7366	-1295.85
143	143	-1135.2445	-1106.6628	-1112.5729	28.581729	-1132.0587	-1109.3814	-1103.4893
144	144	-1301.9821	-1303.102	-1309.4285	-1.1198613	-1298.9202	-1303.8455	-1299.5593
145	145	-1157.7614	-1146.3511	-1152.3576	11.410256	-1154.6085	-1148.7388	-1142.8464
146	146	-736.63115	-707.76387	-713.73845	28.867283	-733.08699	-709.69673	-703.80392
147	147	-1150.6871	-1118.477	-1124.3898	32.210072	-1147.5149	-1120.9338	-1115.0413
148	148	-1118.3865	-1104.222	-1110.2352	14.164426	-1115.2192	-1106.5932	-1100.7009
149	149	-1069.1417	-1046.7164	-1052.6673	22.425308	-1065.9047	-1049.0437	-1043.151
150	150	-1136.0141	-1121.7632	-1127.696	14.250873	-1132.831	-1124.1089	-1118.2147
151	151	-1432.0418	-1409.466	-1415.4231	22.575799	-1429.2952	-1413.0612	-1407.1691
152	152	-830.24835	-810.99281	-816.94341	19.25554	-826.83567	-813.04584	-807.15305
153	153	-956.39131	-925.4707	-931.38046	30.920608	-953.08677	-927.72947	-921.8346
154	154	-904.30765	-868.15952	-874.08573	36.148129	-900.95492	-870.41597	-864.52171
155	155	-1275.1698	-1259.7614	-1264.2009	15.408392	-1272.0887	-1261.519	-1256.3697
156	156	-954.6067	-950.21826	-956.32248	4.3884344	-951.29697	-952.36169	-945.73771
157	157	-1502.1502	-1481.5508	-1487.5094	20.599486	-1499.1946	-1484.2799	-1478.3875
158	158	-767.38562	-720.26567	-726.17857	47.119943	-763.86374	-722.28037	-716.3879
159	159	-1120.5743	-1082.1879	-1088.1172	38.386422	-1117.3769	-1084.6982	-1078.8057
160	160	-1333.0944	-1314.9525	-1320.9677	18.141933	-1330.0378	-1317.6766	-1311.7834
161	161	-1122.7121	-1112.9479	-1119.038	9.7641152	-1119.5318	-1115.7153	-1109.8224
162	162	-1540.7316	-1523.1392	-1529.0708	17.592457	-1537.806	-1526.0297	-1520.1377
163	163	-1034.0124	-1021.7805	-1027.7683	12.231932	-1030.7457	-1024.2284	-1018.3338
164	164	-1106.9735	-1076.1975	-1082.1285	30.77595	-1103.7849	-1078.6195	-1072.728
165	165	-719.80237	-701.4463	-707.35946	18.356067	-716.24749	-703.81119	-697.91639
166	166	-825.15815	-802.29935	-808.20037	22.858797	-821.70877	-804.33365	-798.44086
167	167	-1734.5507	-1715.9252	-1721.4847	18.625537	-1731.7477	-1718.7549	-1713.1215
168	168	-1073.9226	-1073.2128	-1079.3498	0.70976182	-1070.6969	-1075.5407	-1069.0416
169	169	-1266.8438	-1260.5789	-1264.8622	6.2649211	-1263.7524	-1261.0694	-1257.3656
170	170	-1142.8607	-1140.04	-1146.1781	2.8207677	-1139.7058	-1142.3438	-1136.4732
171	171	-1384.3953	-1376.7609	-1382.6118	7.6344474	-1381.397	-1379.2723	-1373.38
172	172	-803.49318	-785.6873	-791.66527	17.805875	-800.0289	-787.6627	-781.7685
173	173	-1067.4602	-1023.9329	-1029.8313	43.527371	-1064.2214	-1026.3953	-1020.5018
174	174	-1234.9295	-1226.1363	-1232.1215	8.7932467	-1231.8218	-1228.7457	-1222.8534
175	175	-1335.2856	-1330.3555	-1336.2875	4.9300211	-1332.2542	-1333.3667	-1327.4731
176	176	-942.78469	-923.01012	-928.97723	19.774569	-939.44967	-925.96353	-920.07509
177	177	-1369.0168	-1352.5854	-1358.6876	16.431479	-1366.0317	-1355.3645	-1349.4721
178	178	-1007.7036	-964.56608	-970.50403	43.137499	-1004.4096	-966.94891	-961.05427
179	179	-1288.8275	-1280.0178	-1286.0218	8.8097651	-1285.7694	-1282.4773	-1276.5857
180	180	-1130.8922	-1111.7672	-1117.7187	19.124952	-1127.7118	-1114.7015	-1108.8101
181	181	-804.24869	-792.01364	-797.93103	12.235046	-800.79759	-793.97783	-788.08637
182	182	-1080.3282	-1059.5318	-1065.2386	20.796373	-1077.1011	-1062.0591	-1056.1619
183	183	-1631.572	-1622.3532	-1624.9282	9.218734	-1628.6866	-1623.788	-1619.152
184	184	-1391.2935	-1378.4543	-1384.4694	12.839113	-1388.2964	-1381.0406	-1375.1488
185	185	-1226.4602	-1208.0541	-1214.0046	18.406096	-1223.3791	-1211.17	-1205.2772
186	186	-1026.5876	-1010.1075	-1016.1628	16.480033	-1023.339	-1012.6514	-1006.7566
187	187	-1510.0656	-1496.109	-1502.0379	13.956521	-1507.107	-1499.5737	-1493.6792
188	188	-909.01253	-876.07481	-881.99232	32.937723	-905.63387	-878.25708	-872.36507
189	189	-1039.8259	-1028.1743	-1034.0623	11.651672	-1036.5867	-1030.415	-1024.5224
190	190	-1902.0088	-1888.888	-1894.3225	13.120766	-1899.2535	-1891.8356	-1885.9449
191	191	-931.50979	-914.65026	-920.63681	16.85953	-928.14657	-916.78352	-910.89029
192	192	-1314.8413	-1296.3472	-1302.2927	18.494182	-1311.782	-1298.9267	-1293.0324
193	193	-1339.9137	-1331.4397	-1337.2223	8.4739814	-1336.8495	-1333.9112	-1328.013
194	194	-1015.8691	-982.1687	-988.0846	33.700367	-1012.6282	-984.58413	-978.69258
195	195	-1059.5131	-1043.3306	-1049.3468	16.182503	-1056.2818	-1046.181	-1040.2857
196	196	-770.22052	-743.02145	-748.97512	27.19907	-766.72217	-745.01123	-739.11874
197	197	-1147.8114	-1149.1642	-1155.1174	-1.3528026	-1144.6588	-1152.5493	-1146.4179
198	198	-1319.5351	-1317.6636	-1323.7252	1.871439	-1316.5061	-1319.8787	-1313.5085
199	199	-1031.1849	-997.95986	-1003.8675	33.225067	-1027.9417	-1000.5179	-994.6245
200	200	-1170.7071	-1155.6851	-1161.6213	15.021921	-1167.5602	-1158.0853	-1152.194
201	201	-1461.5559	-1460.8608	-1466.1064	0.69515614	-1458.6126	-1462.5344	-1457.4488
202	202	-995.40432	-973.02182	-978.98861	22.382499	-992.14997	-975.81806	-969.92228
203	203	-1289.5134	-1276.4909	-1282.4999	13.022509	-1286.4303	-1279.1493	-1273.2525
204	204	-1256.743	-1246.8219	-1252.8871	9.9211447	-1253.6893	-1249.8106	-1243.9212
205	205	-1203.6636	-1184.0763	-1190.0137	19.587218	-1200.5249	-1186.7661	-1180.8732
206	206	-918.56398	-893.50643	-899.43526	25.057549	-915.20361	-895.67753	-889.78525
207	207	-1743.335	-1729.3965	-1735.3293	13.938562	-1740.4671	-1732.4292	-1726.5369
208	208	-1342.9441	-1330.9112	-1336.8736	12.032839	-1339.8939	-1333.4235	-1327.5308
209	209	-1157.9846	-1140.199	-1146.141	17.785622	-1154.8417	-1142.7981	-1136.9068
210	210	-965.91818	-947.75474	-952.47362	18.16344	-962.58546	-948.79729	-944.02964
211	211	-687.02929	-630.42801	-636.36286	56.601276	-683.42535	-632.36685	-626.47491
212	212	-813.74696	-798.36032	-804.33008	15.386643	-810.29251	-800.30855	-794.41753
213	213	-1397.8262	-1366.7245	-1372.6557	31.101647	-1394.8356	-1369.4745	-1363.5824
214	214	-964.40468	-952.93984	-958.85635	11.464835	-961.0884	-955.59033	-949.69809
215	215	-1711.6892	-1702.2911	-1707.5555	9.3980678	-1708.8704	-1704.9016	-1699.3649
216	216	-868.98539	-865.35089	-871.00569	3.634502	-865.58923	-866.47901	-861.56191
217	217	-839.24262	-810.75378	-816.71014	28.488836	-835.79551	-812.83667	-806.94296
218	218	-1507.7848	-1497.2538	-1503.2535	10.531037	-1504.8523	-1500.2244	-1494.3342
219	219	-740.60092	-739.29405	-745.2632	1.3068754	-737.06836	-742.50957	-736.54862
220	220	-1434.2236	-1419.9648	-1425.9378	14.258865	-1431.249	-1422.8355	-1416.9451
221	221	-969.86031	-945.85421	-951.8025	24.006094	-966.56572	-948.8585	-942.96654
222	222	-1568.3311	-1541.6731	-1547.623	26.657942	-1565.4359	-1544.8677	-1538.9748
223	223	-918.54722	-871.01523	-876.92025	47.531993	-915.61527	-873.3217	-867.42914
224	224	-945.06457	-921.21163	-926.47563	23.852945	-941.73671	-923.02594	-917.52939
225	225	-1500.9099	-1500.8981	-1506.7845	0.011810095	-1497.973	-1503.7335	-1497.9808
226	226	-1629.5344	-1622.0066	-1627.9308	7.5278415	-1626.6545	-1624.6997	-1618.8072
227	227	-900.95494	-881.02877	-887.00559	19.926168	-897.58586	-883.47172	-877.57864
228	228	-1003.9341	-998.52666	-1004.1389	5.4074168	-1000.6715	-1000.6594	-994.7645
229	229	-1171.4533	-1132.0304	-1137.9477	39.422851	-1168.3021	-1134.6897	-1128.7979
230	230	-924.84018	-921.68185	-927.64947	3.1583357	-921.49841	-924.21212	-917.64952
231	231	-1265.5392	-1261.0444	-1267.1668	4.4948555	-1262.4391	-1263.9285	-1258.0362
232	232	-774.96626	-751.00735	-756.94624	23.958912	-771.49309	-753.00902	-747.11678
233	233	-991.1987	-971.19906	-975.53616	19.999637	-987.91253	-971.97179	-967.55782
234	234	-1374.4802	-1349.2427	-1355.1975	25.237536	-1371.4679	-1351.9362	-1346.0443
235	235	-909.64788	-881.55606	-887.52723	28.091822	-906.2798	-883.74598	-877.85367
236	236	-1213.2491	-1169.5594	-1175.4605	43.689666	-1210.1403	-1172.4702	-1166.5773
237	237	-1235.2741	-1232.4836	-1238.2683	2.7904495	-1232.1548	-1234.0528	-1228.2866
238	238	-703.53898	-702.2526	-693.76029	1.2863777	-699.98241	-689.88524	-686.49139
239	239	-988.74618	-965.13314	-971.08507	23.613044	-985.43515	-967.71469	-961.82169
240	240	-1555.8889	-1553.4582	nan	2.4306898	-1552.9667	-1552.6607	-1549.9467
241	241	-761.18863	-733.754	-739.70191	27.43463	-757.69323	-735.76391	-729.8704
242	242	-1183.5127	-1172.4747	-1178.4246	11.038072	-1180.3644	-1175.076	-1169.1837
243	243	-995.8292	-960.65467	-966.55491	35.174527	-992.54409	-962.99792	-957.10499
244	244	-1399.5091	-1392.1252	-1398.1437	7.3838748	-1396.5241	-1394.9067	-1389.0096
245	245	-1110.0372	-1099.1254	-1105.2058	10.911848	-1106.812	-1101.4039	-1095.5096
246	246	-1320.5813	-1316.8714	-1322.713	3.7098667	-1317.5352	-1319.6279	-1313.4738
247	247	-767.18578	-733.84025	-739.78939	33.345532	-763.6766	-735.83584	-729.94589
248	248	-904.25163	-877.18631	-882.56992	27.065319	-900.90015	-879.36517	-873.4728
249	249	-1951.129	-1950.707	-1955.7065	0.42196227	-1948.3326	-1953.1746	-1947.213
250	250	-1073.403	-1046.5024	-1052.4812	26.900659	-1070.1978	-1049.1106	-1043.2169
251	251	-1441.0641	-1438.5891	-1444.9185	2.4750069	-1438.082	-1441.6692	-1434.9083
252	252	-1039.9243	-1013.7877	-1019.7621	26.136674	-1036.6837	-1016.4332	-1010.5407
253	253	-1040.996	-1030.8158	-1036.9122	10.180195	-1037.7465	-1033.6594	-1027.7662
254	254	-1198.8234	-1163.1656	-1169.0837	35.657864	-1195.6713	-1165.708	-1159.8134
255	255	-1383.7453	-1362.1822	-1368.1147	21.563106	-1380.7384	-1364.9981	-1359.1035
256	256	-1113.6507	-1109.4033	-1115.2117	4.2474689	-1110.477	-1112.021	-1106.0165
257	257	-866.76861	-847.08051	-853.06592	19.688105	-863.3536	-850.0158	-844.1234
258	258	-1076.6682	-1076.3509	-1082.5812	0.31738442	-1073.4643	-1078.2426	-1072.2668
259	259	-830.19883	-795.52219	-801.43854	34.676634	-826.73638	-797.61093	-791.71856
260	260	-1118.2341	-1098.0957	-1103.996	20.138335	-1115.0448	-1101.0306	-1095.1383
261	261	-1166.0983	-1146.3552	-1152.1256	19.743051	-1162.951	-1148.9253	-1143.0347
262	262	-1146.1975	-1088.7171	-1094.575	57.480327	-1143.0196	-1091.2808	-1085.3866
263	263	-971.49971	-948.01871	-953.95481	23.481009	-968.17773	-950.46682	-944.57393
264	264	-809.90751	-771.38603	-777.31137	38.521485	-806.42949	-773.47576	-767.58416
265	265	-1259.306	-1239.7178	-1245.6791	19.588284	-1256.2187	-1242.2389	-1236.3474
266	266	-1305.9233	-1293.4833	-1299.4284	12.439988	-1302.8748	-1296.0139	-1290.1203
267	267	-989.47473	-970.11975	-976.12204	19.354981	-986.21012	-972.38693	-966.49566
268	268	-1170.1535	-1171.7507	-1177.6732	-1.5971331	-1167.0195	-1174.9095	-1169.0181
269	269	-1041.9197	-1032.8504	-1038.8601	9.0693664	-1038.706	-1035.3972	-1029.5058
270	270	-858.38634	-849.40694	-855.32795	8.9793957	-854.97619	-851.62879	-845.73865
271	271	-1661.7588	-1661.2415	-1666.7643	0.51722763	-1658.8929	-1662.9909	-1658.0204
272	272	-891.92495	-858.76782	-864.73015	33.157137	-888.56832	-861.02903	-855.1364
273	273	-1130.0011	-1117.934	-1123.9596	12.067013	-1126.8426	-1120.3016	-1114.4071
274	274	-1073.3611	-1040.5404	-1046.447	32.820654	-1070.1299	-1042.9627	-1037.0707
275	275	-1030.6908	-997.57458	-1003.2578	33.116246	-1027.4577	-1000.152	-994.25905
276	276	-1002.0486	-991.90824	-997.82012	10.140388	-998.78979	-994.07801	-988.18497
277	277	-1085.2324	-1065.4011	-1071.3487	19.831297	-1082.0161	-1067.7564	-1061.8635
278	278	-1600.8613	-1584.3386	-1590.3242	16.52271	-1597.9629	-1587.0921	-1581.1995
279	279	-1402.2206	-1371.0961	-1377.0832	31.124527	-1399.2428	-1374.0693	-1368.1756
280	280	-1650.6693	-1640.7577	-1647.0159	9.9115108	-1647.7893	-1644.3365	-1638.4426
281	281	-1208.0989	-1204.6557	-1211.7022	3.4431056	-1205.0188	-1207.563	-1201.4365
282	282	-1653.5776	-1620.3021	-1627.1276	33.275489	-1650.7237	-1624.1535	-1618.264
283	283	-1003.751	-987.19542	-993.07768	16.555553	-1000.464	-989.45426	-983.55985
284	284	-923.21608	-915.9657	-921.47947	7.2503776	-919.87592	-918.04242	-912.14972
285	285	-1309.695	-1304.9239	-1310.8963	4.7710804	-1306.6525	-1307.4878	-1301.7234
286	286	-1123.7063	-1121.6134	-1127.313	2.092874	-1120.5479	-1123.0956	-1116.9601
287	287	-1180.156	-1155.2045	-1161.1606	24.951553	-1176.9947	-1157.9417	-1152.0431
288	288	-1697.4014	-1677.7749	-1683.7573	19.626432	-1694.5357	-1680.6489	-1674.7573
289	289	-1071.046	-1031.4858	-1037.406	39.560274	-1067.8512	-1033.9786	-1028.0869
290	290	-1879.1073	-1860.1392	-1866.1873	18.968074	-1876.3184	-1863.2161	-1857.324
291	291	-1492.725	-1486.446	-1492.5685	6.2790681	-1489.7807	-1489.2305	-1483.3326
292	292	-1567.257	-1537.2721	-1543.2051	29.984958	-1565.0043	-1540.1179	-1534.2248
293	293	-969.44885	-969.23927	-975.79318	0.20958342	-966.14288	-971.0364	-965.29316
294	294	-987.46567	-951.99872	-957.89555	35.466956	-984.16446	-954.32539	-948.43367
295	295	-1903.733	-1901.3418	-1906.2155	2.3911374	-1900.984	-1902.7937	-1898.6505
296	296	-831.986	-829.79323	-835.98825	2.1927706	-828.56592	-831.81032	-824.5624
297	297	-1215.8722	-1204.8711	-1210.2976	11.00116	-1212.75	-1206.5105	-1201.8072
298	298	-1851.5883	-1849.1333	-1855.1264	2.455029	-1848.8288	-1852.0616	-1845.9851
299	299	-1524.4347	-1509.5145	-1515.4782	14.920116	-1521.489	-1512.5526	-1506.6605
300	300	-1893.5159	-1895.0966	-1900.9638	-1.5807047	-1890.7543	-1898.6442	-1892.7517
301	301	-1467.4517	-1435.4949	-1441.4385	31.95679	-1464.492	-1438.2979	-1432.4077
302	302	-1343.4992	-1323.6821	-1329.292	19.817099	-1340.4232	-1326.4484	-1320.5558
303	303	-1167.9601	-1150.121	-1156.035	17.839161	-1164.806	-1152.538	-1146.6457
304	304	-981.36101	-975.50168	-981.52996	5.8593255	-978.06497	-977.66592	-971.77064
305	305	-1273.5698	-1256.423	-1262.3952	17.146838	-1270.4936	-1258.9358	-1253.0448
306	306	-1191.2003	-1180.7286	-1186.5142	10.471769	-1188.0902	-1183.3868	-1177.4953
307	307	-934.57592	-857.76962	-863.66346	76.806293	-931.22047	-860.14601	-854.25888
308	308	-1262.3651	-1242.1144	-1248.0864	20.250714	-1259.2671	-1245.0197	-1239.127
309	309	-1135.5312	-1131.9385	-1137.5795	3.5926166	-1132.3733	-1133.1946	-1128.2588
310	310	-782.94634	-749.86377	-755.76525	33.082565	-779.43311	-751.84847	-745.95571
311	311	-1061.5041	-1046.6197	-1052.5878	14.884393	-1058.3163	-1048.9598	-1043.0667
312	312	-701.76277	-685.76368	-691.70847	15.999086	-698.19228	-687.99351	-682.10038
313	313	-1273.1199	-1247.5249	-1253.4485	25.595063	-1270.0405	-1250.2301	-1244.3381
314	314	-798.03823	-768.57789	-773.62549	29.460331	-794.55031	-770.1671	-764.70762
315	315	-572.03987	-563.82906	-569.54501	8.2108174	-568.24527	-565.32678	-559.43503
316	316	-936.84275	-927.50242	-933.46183	9.3403238	-933.50177	-929.60056	-923.70749
317	317	-1468.8469	-1460.4757	-1466.3028	8.3711036	-1465.8817	-1463.3419	-1457.4799
318	318	-979.66295	-981.04113	-986.97162	-1.3781759	-976.4046	-983.18503	-977.20274
319	319	-1847.7264	-1814.7847	-1820.7094	32.94169	-1845.4526	-1817.8481	-1811.9556
320	320	-696.82869	-668.56103	-674.50851	28.267662	-693.22195	-670.40474	-664.51133
321	321	-927.16558	-873.86267	-879.76638	53.302909	-923.81179	-876.18851	-870.29485
322	322	-1208.5518	-1196.7216	-1202.6784	11.830164	-1205.4577	-1199.1924	-1193.3006
323	323	-1113.8076	-1111.4198	-1117.5036	2.3877857	-1110.6359	-1113.225	-1106.8696
324	324	-1390.4835	-1385.9481	-1392.193	4.5353151	-1387.4614	-1388.5782	-1382.8878
325	325	-1577.4645	-1564.1387	-1570.1002	13.325796	-1574.5655	-1566.8742	-1560.982
326	326	-1286.3045	-1260.8585	-1266.8041	25.445964	-1283.2377	-1263.8789	-1257.9871
327	327	-877.35548	-875.3643	-881.41288	1.9911776	-873.9604	-876.44895	-869.84101
328	328	-976.88855	-955.88524	-961.82882	21.003303	-973.58738	-958.85516	-952.96343
329	329	-1232.8504	-1196.4331	-1202.3421	36.417291	-1229.742	-1199.0063	-1193.1142
330	330	-926.61562	-921.29391	-927.11303	5.3217162	-923.2708	-922.36497	-917.39393
331	331	-1239.3442	-1221.3019	-1227.3021	18.042374	-1236.2552	-1224.0419	-1218.1516
332	332	-1170.5007	-1144.2762	-1150.2191	26.224487	-1167.375	-1147.2696	-1141.3776
333	333	-1177.1121	-1160.1284	-1166.1294	16.983733	-1173.9732	-1162.5728	-1156.6795
334	334	-744.28311	-716.07402	-722.01673	28.209084	-740.78529	-718.06473	-712.17201
335	335	-1361.4849	-1354.8588	-1360.8966	6.6261234	-1358.4651	-1357.8618	-1351.9749
336	336	-1192.4469	-1152.2411	-1158.1583	40.205821	-1189.3416	-1155.1055	-1149.2129
337	337	-1302.6278	-1285.7658	-1291.6567	16.862067	-1299.5798	-1288.3306	-1282.4391
338	338	-1244.2912	-1230.7605	-1236.7028	13.530721	-1241.2214	-1233.6666	-1227.7756
339	339	-1982.7905	-1984.1626	-1988.3675	-1.372153	-1980.7957	-1987.0149	-1981.0872
340	340	-1410.4047	-1385.5968	-1391.5382	24.807934	-1407.3945	-1388.2253	-1382.3302
341	341	-1469.8101	-1421.7404	-1427.644	48.069756	-1466.8473	-1424.7485	-1418.8563
342	342	-988.26828	-962.97606	-968.94908	25.292219	-984.98701	-965.51851	-959.62672
343	343	-1382.0208	-1362.8188	-1368.6203	19.201963	-1378.9931	-1365.6198	-1359.7262
344	344	-870.55847	-862.40409	-868.38939	8.1543775	-867.15485	-864.42458	-858.53199
345	345	-1479.4996	-1481.0292	-1487.0268	-1.529595	-1476.5439	-1483.0268	-1476.9427
346	346	-790.97948	-714.10139	-720.01939	76.878085	-787.48374	-716.49039	-710.59706
347	347	-754.91547	-743.81727	-749.7271	11.098202	-751.41355	-745.70353	-739.8097
348	348	-1066.0405	-1061.2955	-1066.9517	4.7450025	-1062.8132	-1063.5279	-1057.6351
349	349	-1309.0199	-1292.653	-1298.7044	16.366922	-1305.9807	-1295.2437	-1289.3514
350	350	-1240.6883	-1217.2968	-1223.2028	23.391503	-1237.5863	-1220.1768	-1214.2859
351	351	-1011.4484	-981.93218	-987.80362	29.516265	-1008.1852	-984.26735	-978.37547
352	352	-1339.8574	-1306.699	-1311.7047	33.158451	-1336.7996	-1309.4223	-1303.9376
353	353	-1210.2626	-1188.9065	-1194.8323	21.356128	-1207.1336	-1191.3913	-1185.4988
354	354	-1256.6937	-1252.8573	-1258.807	3.836461	-1253.6163	-1255.3337	-1249.1664
355	355	-1249.2072	-1231.8692	-1234.9523	17.338015	-1246.1232	-1231.3574	-1228.4877
356	356	-982.99207	-936.63541	-942.50649	46.356657	-979.71414	-939.00318	-933.11095
357	357	-1292.0276	-1275.6595	-1281.6285	16.368074	-1288.9697	-1278.1478	-1272.2544
358	358	-1351.3698	-1335.9185	-1341.9051	15.451336	-1348.3478	-1339.0241	-1333.1319
359	359	-1460.3558	-1439.2773	-1444.8178	21.078484	-1457.3812	-1441.964	-1436.072
360	360	-1377.0028	-1349.9046	-1355.7208	27.098221	-1373.9947	-1352.5899	-1346.6987
361	361	-1042.8931	-992.33115	-998.30469	50.56193	-1039.6362	-994.7954	-988.90513
362	362	-1439.813	-1436.8737	-1442.474	2.9392493	-1436.8456	-1438.819	-1433.5763
363	363	-1327.7222	-1319.1517	-1325.1275	8.5704814	-1324.6647	-1321.8186	-1315.9262
364	364	-900.78991	-864.89892	-870.85867	35.890983	-897.44992	-867.16527	-861.27274
365	365	-881.67479	-823.18685	-829.11999	58.487946	-878.29914	-825.49375	-819.60197
366	366	-1008.501	-973.94046	-979.87012	34.560569	-1005.252	-976.3547	-970.46061
367	367	-1074.7455	-1061.4053	-1067.4199	13.34019	-1071.5248	-1063.6807	-1057.7895
368	368	-831.42838	-824.46838	-830.45736	6.9599967	-827.99754	-826.44155	-820.54883
369	369	-1220.2054	-1208.5147	-1214.2322	11.690699	-1217.1035	-1210.9325	-1205.0401
370	370	-1079.7884	-1062.1342	-1068.1061	17.654226	-1076.5767	-1064.6774	-1058.7874
371	371	-1350.7552	-1336.8231	-1342.6321	13.932113	-1347.7296	-1339.6081	-1333.7181
372	372	-1642.4807	-1633.3869	-1639.3893	9.0938243	-1639.5815	-1636.0411	-1630.1492
373	373	-859.30545	-840.85304	-846.85277	18.452409	-855.91779	-843.24883	-837.3585
374	374	-1119.3879	-1104.8379	-1110.7748	14.54999	-1116.1907	-1107.1674	-1101.2732
375	375	-1257.7163	-1259.2666	-1265.1609	-1.5502539	-1254.6139	-1262.5037	-1256.6113
376	376	-1046.0826	-1032.4321	-1038.403	13.650545	-1042.8491	-1034.7247	-1028.8326
377	377	-1048.0189	-1028.808	-1035.2336	19.210857	-1044.7822	-1031.4967	-1025.6043
378	378	-1391.0451	-1370.1868	-1376.1662	20.858332	-1388.044	-1373.293	-1367.4002
379	379	-1297.0636	-1246.9763	-1252.9487	50.087245	-1294.2245	-1249.6979	-1243.8063
380	380	-1351.4862	-1313.2135	-1318.6938	38.272646	-1348.4475	-1315.9478	-1310.055
381	381	-871.11032	-832.02189	-837.96658	39.088431	-867.71766	-834.66203	-828.76907
382	382	-1070.1589	-1054.562	-1060.5268	15.596954	-1066.9237	-1056.8327	-1050.9398
383	383	-1213.0687	-1201.1019	-1207.0872	11.966792	-1209.9406	-1204.1589	-1198.267
384	384	-1068.8896	-1048.9609	-1054.9146	19.928674	-1065.6732	-1051.3009	-1045.407
385	385	-1775.4198	-1774.3969	-1778.443	1.0229358	-1772.5999	-1777.3179	-1771.4366
386	386	-1201.7889	-1183.375	-1189.1407	18.413849	-1198.6838	-1185.85	-1179.9597
387	387	-984.55162	-976.18008	-982.12931	8.3715395	-981.24429	-978.33607	-972.44378
388	388	-895.01582	-893.3596	-899.03285	1.6562204	-891.64479	-895.01908	-888.60681
389	389	-907.0428	-887.92104	-893.86966	19.121757	-903.70346	-890.06261	-884.16868
390	390	-903.19222	-887.95484	-893.92165	15.237384	-899.81063	-890.00927	-884.11699
391	391	-982.82265	-984.14023	-989.9345	-1.3175768	-979.52632	-986.23424	-980.20036
392	392	-1088.841	-1047.8874	-1053.7762	40.953612	-1085.6325	-1050.3241	-1044.4323
393	393	-1527.1858	-1521.1401	-1527.0777	6.0457165	-1524.2619	-1524.3635	-1518.4723
394	394	-980.79602	-974.56204	-980.56499	6.2339764	-977.48677	-976.70167	-970.80825
395	395	-1303.0967	-1303.4887	-1309.3018	-0.39200829	-1300.054	-1305.5516	-1299.928
396	396	-2232.8706	-2221.5337	-2227.4927	11.336886	-2230.2013	-2224.9042	-2219.0113
397	397	-1243.6679	-1237.7467	-1243.6501	5.921211	-1240.5759	-1240.1312	-1234.0532
398	398	-697.16718	-672.58035	-678.47677	24.586828	-693.59018	-674.4082	-668.51579
399	399	-1302.4712	-1287.3469	-1293.3426	15.124322	-1299.4105	-1290.0538	-1284.158
400	400	-890.72536	-856.8544	-862.74766	33.87096	-887.35703	-859.05534	-853.16298
401	401	-1103.263	-1051.3514	-1057.2611	51.911604	-1100.0845	-1054.1521	-1048.2585
402	402	-1608.7082	-1603.94	-1609.8161	4.7682039	-1605.7986	-1606.5268	-1600.634
403	403	-1052.7308	-1031.8206	-1037.7819	20.910196	-1049.506	-1034.5243	-1028.6323
404	404	-961.7872	-946.1588	-951.98909	15.628397	-958.47324	-948.3263	-942.43319
405	405	-1572.399	-1570.7192	-1576.6629	1.6798336	-1569.472	-1573.825	-1567.7106
406	406	-932.77934	-918.06623	-924.03023	14.713103	-929.42526	-920.18209	-914.28992
407	407	-594.80829	-572.04664	-578.01289	22.761647	-591.06204	-573.65484	-567.76244
408	408	-1190.2956	-1185.1935	-1191.0369	5.1020858	-1187.1655	-1187.5994	-1181.7057
409	409	-1276.8591	-1261.9061	-1267.9233	14.95299	-1273.7884	-1264.4263	-1258.5321
410	410	-1851.0278	-1851.405	-1856.3286	-0.37714168	-1848.2748	-1854.4012	-1848.4658
411	411	-1229.0083	-1224.5932	-1230.5136	4.41505	-1225.9356	-1226.4833	-1220.8173
412	412	-1146.6116	-1107.3969	-1113.3197	39.214729	-1143.4587	-1109.979	-1104.0845
413	413	-879.67912	-863.88574	-869.89613	15.793387	-876.2882	-865.93072	-860.03953
414	414	-1374.3245	-1354.706	-1360.641	19.618512	-1371.3111	-1357.3541	-1351.4616
415	415	-771.96019	nan	-770.07477	nan	-768.43517	-765.19736	-760.83102
416	416	-1186.1687	-1164.3898	-1170.3349	21.778848	-1183.0223	-1166.8367	-1160.9423
417	417	-737.52546	-726.36753	-732.41977	11.157927	-733.9984	-728.22717	-722.33415
418	418	-867.67552	-859.3257	-864.63232	8.3498242	-864.24581	-861.1201	-855.45258
419	419	-1635.5079	-1620.2328	-1626.1631	15.275097	-1632.6564	-1623.0646	-1617.1714
420	420	-1333.7871	-1307.211	-1313.1607	26.576072	-1330.7493	-1310.3036	-1304.4114
421	421	-1056.876	-1042.4601	-1045.58	14.415918	-1053.6592	-1042.3568	-1039.5135
422	422	-1377.4147	-1356.3534	-1362.2843	21.061364	-1374.4311	-1359.0386	-1353.1483
423	423	-781.4036	-751.63673	-757.58665	29.766874	-777.91826	-753.62906	-747.73662
424	424	-988.20065	-961.09159	-967.04505	27.109065	-984.92021	-963.38656	-957.49441
425	425	-1207.954	-1153.0705	-1157.9096	54.88355	-1204.8134	-1155.5166	-1150.4276
426	426	-1306.0007	-1274.9236	-1280.8206	31.077034	-1303.0541	-1277.7147	-1271.8225
427	427	-1158.748	-1153.3284	-1159.1986	5.4196158	-1155.5879	-1155.767	-1149.8738
428	428	-991.67299	-966.97754	-972.91986	24.695445	-988.40176	-969.31073	-963.41784
429	429	-1232.4	-1232.0366	-1237.9864	0.36340205	-1229.2936	-1234.0245	-1228.2955
430	430	-1582.2384	-1556.9295	-1562.6886	25.308918	-1579.3287	-1559.7799	-1553.8853
431	431	-660.83307	-627.11911	-633.05437	33.713968	-657.16668	-628.8712	-622.97919
432	432	-925.88866	-906.71116	-912.70501	19.177499	-922.5387	-908.89354	-902.99792
433	433	-985.82793	-965.00916	-970.96725	20.818768	-982.51263	-967.22692	-961.33501
434	434	-1374.6831	-1372.93	-1378.2466	1.7531302	-1371.6366	-1374.2783	-1369.0244
435	435	-1066.7624	-1036.6352	-1042.5873	30.127219	-1063.5531	-1039.0886	-1033.1954
436	436	-896.46527	-865.58809	-871.50797	30.877175	-893.09612	-868.13677	-862.24399
437	437	-1684.6275	-1683.0744	-1689.5368	1.5530894	-1681.7759	-1686.2608	-1679.7863
438	438	-1378.7827	-1334.4091	-1340.3494	44.373641	-1375.7624	-1337.201	-1331.3104
439	439	-1220.7876	-1193.7171	-1199.6549	27.070492	-1217.6819	-1195.9435	-1190.0503
440	440	-1453.1425	-1440.452	-1446.6378	12.690478	-1450.1421	-1443.1683	-1437.2773
441	441	-735.78695	-733.10639	-739.48583	2.680552	-732.22994	-734.64618	-728.39208
442	442	-1234.8075	-1228.9371	-1234.5083	5.8703786	-1231.7171	-1231.3216	-1225.3927
443	443	-1047.9455	-1025.4607	-1031.4123	22.484829	-1044.7334	-1027.8388	-1021.9465
444	444	-1140.5064	-1129.1356	-1135.1903	11.370828	-1137.3492	-1131.5011	-1125.608
445	445	-1150.1265	-1137.5477	-1143.5219	12.578848	-1146.9245	-1140.2663	-1134.3741
446	446	-1168.3001	-1124.9332	-1130.8241	43.366939	-1165.1315	-1128.1021	-1122.2087
447	447	-713.2484	-648.37109	-654.25299	64.877307	-709.66482	-650.31983	-644.42805
448	448	-869.60049	-840.12014	-846.02768	29.480351	-866.19994	-842.23813	-836.34552
449	449	-1031.1609	-1001.3395	-1007.0169	29.82139	-1027.8856	-1003.6705	-997.77606
450	450	-989.71399	-968.97593	-974.95108	20.738065	-986.39254	-971.1692	-965.27662
451	451	-1166.0828	-1166.8443	-1172.7709	-0.76156007	-1162.9462	-1170.464	-1164.5725
452	452	-861.67707	-863.26354	-869.19673	-1.5864718	-858.27531	-866.16523	-860.27264
453	453	-793.35592	-760.98168	-766.94732	32.374236	-789.86573	-763.02372	-757.13094
454	454	-1393.6868	-1374.1122	-1380.0289	19.57451	-1390.705	-1377.2286	-1371.3319
455	455	-739.58518	-693.02366	-698.93446	46.561525	-736.01723	-695.00545	-689.11334
456	456	-2096.5637	-2088.3859	-2094.5822	8.1777704	-2093.8895	-2091.9393	-2086.0465
457	457	-1366.4641	-1328.0345	-1333.9805	38.429631	-1363.4384	-1330.7547	-1324.8631
458	458	-768.65535	-757.79587	-763.58465	10.859475	-765.12379	-759.62706	-753.73449
459	459	-1606.9177	-1605.3774	-1611.2181	1.5402775	-1604.0444	-1607.7176	-1601.7989
460	460	-1376.5091	-1366.9751	-1372.8324	9.5339362	-1373.4991	-1369.634	-1363.7428
461	461	-897.75473	-863.72446	-869.64844	34.030273	-894.37459	-865.91028	-860.01714
462	462	-889.12211	-865.37302	-871.31878	23.749089	-885.74182	-867.53661	-861.64296
463	463	-1226.7789	-1209.8529	-1215.9534	16.92596	-1223.6307	-1212.4457	-1206.5529
464	464	-920.6333	-899.31917	-905.25807	21.314125	-917.2932	-901.4931	-895.59964
465	465	-1407.9576	-1399.1131	-1405.2185	8.8444829	-1404.972	-1401.8004	-1395.9085
466	466	-1421.5154	-1398.4056	-1403.9756	23.109721	-1418.5448	-1401.1196	-1395.2273
467	467	-615.23994	-605.82212	-611.77719	9.4178199	-611.55185	-607.4519	-601.55898
468	468	-1501.1487	-1476.6233	-1482.5599	24.525403	-1498.1848	-1479.356	-1473.4623
469	469	-1732.3907	-1733.4783	-1739.8862	-1.0875793	-1729.5503	-1736.8409	-1730.9603
470	470	-1460.1601	-1432.1692	-1438.131	27.990925	-1457.1738	-1434.9056	-1429.0139
471	471	-1540.6132	-1528.3578	-1533.1837	12.255464	-1537.6669	-1530.9649	-1525.1202
472	472	-794.93238	-768.08031	-773.97019	26.852074	-791.45851	-770.10636	-764.2146
473	473	-1385.9707	-1368.1796	-1374.1747	17.791113	-1382.9528	-1371.0127	-1365.12
474	474	-849.98371	-838.91728	-844.8867	11.066432	-846.60809	-840.97371	-835.08107
475	475	-1377.4351	-1349.6767	-1355.6192	27.758378	-1374.4182	-1352.3751	-1346.4845
476	476	-1674.5101	-1669.3228	-1675.2553	5.187295	-1671.6598	-1672.0405	-1666.1444
477	477	-795.30521	-793.84335	-800.0852	1.46186	-791.85115	-794.92121	-789.56183
478	478	-1228.386	-1221.7656	-1227.4422	6.6203689	-1225.2893	-1224.212	-1218.531
479	479	-1051.5291	-1021.2292	-1027.1397	30.299863	-1048.2947	-1023.6227	-1017.7312
480	480	-1355.3773	-1328.0118	-1333.9346	27.365535	-1352.3568	-1330.6509	-1324.758
481	481	-852.55198	-863.25818	-851.87657	-10.706201	-849.15972	-847.88038	-847.40542
482	482	-981.12528	-951.49363	-957.15858	29.63165	-977.8501	-953.80304	-947.91131
483	483	-892.34708	-872.16178	-878.10081	20.185296	-888.99328	-874.32652	-868.43379
484	484	-1062.1768	-1039.2804	-1045.2807	22.896345	-1058.9341	-1041.6234	-1035.7309
485	485	-1117.282	-1102.717	-1108.7063	14.565052	-1114.0908	-1105.1034	-1099.2105
486	486	-980.10028	-962.77004	-968.23632	17.330235	-976.81537	-964.98275	-959.09172
487	487	-884.40995	-849.63783	-855.59111	34.772116	-881.01894	-851.84314	-845.94973
488	488	-1461.2757	-1450.2702	-1456.2928	11.005516	-1458.3145	-1453.7538	-1447.8611
489	489	-989.79442	-943.23447	-949.14699	46.559955	-986.51089	-945.61732	-939.72571
490	490	-1073.5733	-1062.6686	-1068.6206	10.904712	-1070.3473	-1064.9083	-1059.0162
491	491	-862.40162	-843.51361	-849.52132	18.888008	-858.98784	-845.58057	-839.68735
492	492	-1305.828	-1290.9175	-1296.9616	14.910421	-1302.7793	-1293.4483	-1287.5577
493	493	-857.42543	-838.78558	-844.70266	18.639854	-854.0185	-841.17202	-835.28022
494	494	-1175.3514	-1164.5135	-1170.4859	10.837932	-1172.2256	-1166.9077	-1161.0151
495	495	-1408.4027	-1404.3984	-1408.5554	4.0043321	-1405.4099	-1404.8914	-1400.9656
496	496	-1050.9556	-1007.4664	-1013.3339	43.489193	-1047.7111	-1009.8901	-1003.9981
497	497	-941.22671	-903.07435	-909.03525	38.15236	-937.89067	-905.35979	-899.46688
498	498	-903.82298	-866.08152	-872.00972	37.741464	-900.48739	-868.34415	-862.45085
499	499	-981.7456	-961.28295	-967.23096	20.462654	-978.44481	-963.53851	-957.64481
