No.	ID	loglik_NUll	loglik_RES	loglik_all	log_ratio	loglik_Max1	loglik_Max2	loglik_Max3
0	0	-1299.8187	-1246.1489	-1251.8401	53.669833	-1296.7153	-1248.0529	-1242.1608
1	1	-1495.1464	-1428.7022	-1434.4552	66.444234	-1492.4641	-1430.6128	-1424.7215
2	2	-1796.2986	-1747.9514	-1753.907	48.347185	-1795.9171	-1750.1801	-1744.288
3	3	-1507.2357	-1473.0062	-1478.8014	34.229559	-1504.3025	-1474.9083	-1469.0158
4	4	-1440.5188	-1430.0409	-1436.4577	10.477861	-1437.5308	-1432.7379	-1426.8464
5	5	-1748.0038	-1714.4948	-1720.5079	33.508983	-1745.1707	-1716.7464	-1710.8555
6	6	-1404.4621	-1292.6209	-1298.5504	111.84125	-1401.6129	-1294.4628	-1288.5705
7	7	-1359.95	-1277.8571	-1283.7886	82.092969	-1357.1443	-1279.8065	-1273.9095
8	8	-1150.1578	-1090.4016	-1096.3854	59.756143	-1147.1205	-1092.0611	-1086.1696
9	9	-1206.296	-1172.4918	-1178.4965	33.804257	-1203.1515	-1174.7786	-1168.8847
10	10	-1131.6392	-1119.2838	-1123.3364	12.355418	-1128.4502	-1121.2005	-1115.297
11	11	-1058.5819	-983.91842	-989.91539	74.663525	-1055.313	-985.41761	-979.52527
12	12	-2129.6722	-2088.1237	-2093.8868	41.54847	-2127.4822	-2090.4617	-2084.5684
13	13	-1862.4375	-1815.8096	-1821.8358	46.627946	-1859.6405	-1818.3966	-1812.5039
14	14	-1335.4293	-1271.3045	-1276.9312	64.124734	-1332.3513	-1273.0126	-1267.1212
15	15	-988.61052	-915.57245	-921.41752	73.038069	-985.29335	-916.97403	-911.08089
16	16	-1474.7478	-1415.2477	-1421.1727	59.500042	-1474.5897	-1417.2919	-1411.3997
17	17	-1654.8279	-1623.2257	-1629.2796	31.602156	-1651.9573	-1625.8607	-1619.9675
18	18	-1670.5798	-1638.5648	-1644.6211	32.014998	-1670.04	-1640.8264	-1634.9331
19	19	-1118.5949	-1051.4307	-1057.413	67.164204	-1115.3763	-1053.0239	-1047.1336
20	20	-2060.8554	-2061.3514	-2064.4567	-0.49597056	-2058.1529	-2059.7465	-2058.9129
21	21	-1243.9036	-1178.7244	-1184.7285	65.179154	-1240.7927	-1180.5053	-1174.6159
22	22	-1382.7024	-1311.9894	-1317.9239	70.713032	-1380.0536	-1313.7967	-1307.9058
23	23	-1340.1591	-1261.5317	-1267.4869	78.627335	-1338.0145	-1263.2862	-1257.3966
24	24	-1452.9879	-1391.4564	-1397.4651	61.531461	-1449.9894	-1393.4432	-1387.552
25	25	-1370.2756	-1328.5043	-1334.5072	41.771308	-1367.2213	-1330.2145	-1324.3225
26	26	-1258.7412	-1167.8282	-1173.6718	90.912994	-1255.6129	-1169.4879	-1163.5961
27	27	-1783.6669	-1722.9782	-1728.6142	60.688735	-1781.2299	-1725.0658	-1719.1719
28	28	-1317.8983	-1273.8656	-1279.944	44.03266	-1314.8186	-1275.8499	-1269.9596
29	29	-1120.4732	-1032.3028	-1038.2388	88.170431	-1117.1025	-1033.7447	-1027.8527
30	30	-1590.6663	-1556.895	-1562.9929	33.771332	-1587.7395	-1558.9305	-1553.0371
31	31	-1706.0138	-1694.4769	-1698.8478	11.536903	-1703.1659	-1697.2478	-1691.3505
32	32	-1427.7909	-1331.5352	-1337.4382	96.255729	-1427.0694	-1333.3533	-1327.4616
33	33	-1538.4189	-1483.2498	-1489.1533	55.169136	-1535.8763	-1485.3692	-1479.4765
34	34	-1400.2005	-1343.2994	-1349.1015	56.901162	-1399.9646	-1345.2216	-1339.3281
35	35	-1124.732	-1026.9457	-1032.8704	97.786244	-1122.2143	-1028.4295	-1022.5382
36	36	-1216.9784	-1148.5751	-1154.307	68.403247	-1213.8444	-1150.3145	-1144.4214
37	37	-1808.9501	-1776.895	-1782.5299	32.055114	-1806.054	-1779.487	-1773.5933
38	38	-1666.1616	-1541.9131	-1547.8514	124.24844	-1664.225	-1544.0721	-1538.1797
39	39	-1550.5705	-1448.0667	-1453.9857	102.50379	-1548.0249	-1450.0856	-1444.1934
40	40	-1264.9742	-1200.6691	-1206.6318	64.305133	-1262.6635	-1202.3701	-1196.4751
41	41	-1422.3087	-1368.4495	-1374.2598	53.859265	-1419.9385	-1370.3086	-1364.4162
42	42	-1777.6338	-1774.3593	-1777.7977	3.2745023	-1774.8214	-1775.8028	-1770.3548
43	43	-2018.6492	-1996.6233	-2003.2715	22.025924	-2015.952	-2000.043	-1994.1534
44	44	-1293.9523	-1253.6373	-1259.7518	40.314986	-1290.8904	-1255.4712	-1249.5777
45	45	-2270.1078	-2207.6424	-2213.635	62.465344	-2270.0247	-2210.1448	-2204.2532
46	46	-1404.5174	-1343.4762	-1349.4291	61.041203	-1402.4321	-1345.356	-1339.4652
47	47	-1569.1201	-1477.2459	-1483.1372	91.874203	-1566.5884	-1479.4609	-1473.5687
48	48	-1546.0331	-1516.761	-1522.8024	29.272108	-1543.0938	-1519.0034	-1513.1127
49	49	-1675.6774	-1634.3407	-1639.5178	41.336716	-1673.107	-1635.925	-1630.6291
50	50	-1336.9482	-1267.9538	-1273.9607	68.994367	-1334.3312	-1269.8363	-1263.9438
51	51	-1638.5729	-1635.1781	-1639.7641	3.3948621	-1635.6772	-1637.788	-1632.2981
52	52	-1507.8727	-1437.2673	-1442.8986	70.605403	-1505.6612	-1439.1986	-1433.3065
53	53	-1125.6039	-1106.4485	-1112.4667	19.15536	-1122.4192	-1108.585	-1102.694
54	54	-1502.4232	-1453.7117	-1459.7419	48.711461	-1499.4668	-1455.7208	-1449.8271
55	55	-1669.1356	-1631.1607	-1637.1404	37.974891	-1666.2373	-1633.188	-1627.2956
56	56	-1751.1861	-1661.28	-1667.1637	89.906071	-1748.1486	-1663.4677	-1657.5749
57	57	-1717.6091	-1651.8493	-1657.7709	65.759869	-1715.2422	-1653.9597	-1648.067
58	58	-1240.342	-1169.9719	-1175.8816	70.370102	-1237.1924	-1171.8295	-1165.9378
59	59	-1977.809	-1954.6783	-1959.3534	23.130724	-1975.0545	-1955.3059	-1950.9465
60	60	-1443.8388	-1381.4143	-1387.3568	62.424573	-1443.143	-1383.437	-1377.5449
61	61	-1899.1606	-1872.1446	-1877.8538	27.016029	-1896.3809	-1874.3506	-1868.4588
62	62	-1439.2413	-1414.9311	-1420.5911	24.310204	-1436.2617	-1416.8204	-1410.9266
63	63	-1522.5693	-1496.342	-1502.2983	26.227304	-1519.6232	-1498.4181	-1492.526
64	64	-1896.1503	-1871.2401	-1877.3573	24.910237	-1893.3693	-1874.5929	-1868.6978
65	65	-1284.4111	-1261.1027	-1267.1243	23.308388	-1281.3409	-1263.453	-1257.5595
66	66	-939.93949	-922.10296	-927.45392	17.836536	-936.57092	-923.12254	-917.3525
67	67	-1979.4675	-1911.9749	-1917.9361	67.49256	-1977.5478	-1914.3161	-1908.4238
68	68	-1262.3474	-1229.6197	-1235.6788	32.727677	-1259.2337	-1231.2159	-1225.3242
69	69	-1192.961	-1156.4823	-1162.4533	36.478741	-1189.8118	-1158.5686	-1152.6747
70	70	-1480.6581	-1440.5163	-1446.3255	40.141889	-1477.7032	-1442.6122	-1436.7218
71	71	-1666.869	-1602.3003	-1608.2014	64.568717	-1663.8668	-1604.4341	-1598.5414
72	72	-1965.668	-1902.2617	-1908.2183	63.406231	-1962.8553	-1904.6829	-1898.7912
73	73	-1333.4898	-1238.7352	-1244.6468	94.754691	-1330.09	-1240.5262	-1234.6339
74	74	-1408.8959	-1336.621	-1342.5815	72.274874	-1405.7976	-1338.4147	-1332.5234
75	75	-1441.7081	-1389.4121	-1395.322	52.296039	-1439.4229	-1391.822	-1385.9305
76	76	-1433.7844	-1384.1093	-1390.1928	49.675086	-1430.7934	-1385.9713	-1380.0797
77	77	-1183.6324	-1122.7638	-1128.7087	60.868552	-1180.894	-1124.3358	-1118.4434
78	78	-1449.6752	-1362.8324	-1368.7517	86.842805	-1447.7398	-1364.7956	-1358.9033
79	79	-1940.2152	-1893.5867	-1899.5297	46.628459	-1937.4745	-1895.871	-1889.9815
80	80	-1869.3879	-1808.9593	-1814.8859	60.42859	-1867.1105	-1811.2146	-1805.3203
81	81	-1303.5918	-1231.254	-1237.188	72.337839	-1301.4832	-1233.1166	-1227.2244
82	82	-1184.8952	-1132.7795	-1138.8606	52.115719	-1182.5636	-1134.4547	-1128.5653
83	83	-1132.2964	-1058.6247	-1064.5651	73.671698	-1129.3933	-1060.2717	-1054.3788
84	84	-1096.1616	-1030.7056	-1036.6347	65.455958	-1093.798	-1032.1762	-1026.2838
85	85	-1218.9577	-1151.7521	-1157.6812	67.205614	-1215.6205	-1153.3708	-1147.4786
86	86	-1185.4272	-1058.3298	-1064.2355	127.09744	-1182.2051	-1059.995	-1054.102
87	87	-1503.9641	-1456.315	-1462.34	47.649162	-1501.6209	-1458.3695	-1452.4772
88	88	-1376.2729	-1284.0562	-1289.9639	92.216749	-1373.8029	-1286.046	-1280.1535
89	89	-1530.1179	-1484.2428	-1488.8901	45.875083	-1527.1594	-1485.622	-1480.3584
90	90	-910.23164	-832.58654	-838.59889	77.6451	-906.88306	-833.92146	-828.02904
91	91	-1338.8091	-1270.7971	-1276.7134	68.011947	-1336.117	-1272.6914	-1266.7995
92	92	-1075.7087	-991.73682	-997.73284	83.971863	-1072.7525	-993.2721	-987.38115
93	93	-1091.8833	-1037.745	-1043.804	54.138267	-1088.6418	-1039.2847	-1033.3944
94	94	-1562.9268	-1492.4608	-1498.3693	70.466027	-1561.035	-1494.6383	-1488.7451
95	95	-1773.8797	-1727.2995	-1732.8209	46.580172	-1771.5926	-1729.4051	-1723.5118
96	96	-1234.5446	-1198.2296	-1204.1744	36.314929	-1231.4392	-1200.4382	-1194.5457
97	97	-1678.9811	-1645.8284	-1651.9183	33.152734	-1676.1165	-1647.9662	-1642.073
98	98	-1549.7454	-1523.2709	-1529.238	26.474522	-1546.8228	-1525.6047	-1519.7143
99	99	-1356.9328	-1268.761	-1274.728	88.171861	-1356.5778	-1270.6837	-1264.79
100	100	-1228.9783	-1166.1736	-1172.0829	62.804629	-1226.1832	-1167.7801	-1161.886
101	101	-1413.6128	-1344.2048	-1350.1316	69.408019	-1410.5073	-1346.2343	-1340.3342
102	102	-1372.1239	-1273.5802	-1279.4775	98.543679	-1369.8524	-1275.5133	-1269.6209
103	103	-1994.1359	-1966.364	-1972.4376	27.771928	-1991.4257	-1969.2245	-1963.3314
104	104	-1327.0239	-1279.4864	-1285.6006	47.537502	-1323.9759	-1281.3461	-1275.4537
105	105	-1567.6485	-1516.0836	-1522.105	51.564924	-1564.6469	-1518.2002	-1512.3057
106	106	-1373.4623	-1345.4816	-1350.1294	27.980711	-1370.4259	-1346.0053	-1341.301
107	107	-1189.6618	-1131.787	-1137.7305	57.874858	-1186.4939	-1133.7088	-1127.8158
108	108	-1863.2404	-1826.198	-1832.2204	37.042382	-1860.4116	-1828.3231	-1822.4303
109	109	-766.98936	-668.52634	-674.47369	98.463013	-763.4316	-669.26304	-663.36616
110	110	-1434.9523	-1410.4558	-1416.0818	24.496444	-1431.9722	-1412.2411	-1406.3495
111	111	-1863.2241	-1819.9288	-1822.8898	43.295307	-1860.4316	-1819.0965	-1816.3157
112	112	-1157.8201	-1057.309	-1063.2294	100.51108	-1154.9721	-1059.0225	-1053.1304
113	113	-1685.4454	-1647.8961	-1653.6273	37.549276	-1682.5758	-1649.917	-1644.0248
114	114	-1701.6015	-1659.4682	-1665.4957	42.133265	-1699.1611	-1661.6543	-1655.7621
115	115	-1346.2396	-1282.0963	-1288.078	64.143266	-1343.0298	-1283.9916	-1278.0988
116	116	-1452.9764	-1402.7191	-1408.7369	50.257342	-1452.2342	-1404.5882	-1398.694
117	117	-1257.5699	-1239.2345	-1244.7756	18.33534	-1254.4744	-1240.9869	-1235.0939
118	118	-1236.895	-1162.8046	-1168.7399	74.0904	-1234.7892	-1164.475	-1158.5794
119	119	-1302.5066	-1245.0501	-1251.0722	57.456441	-1299.4003	-1246.817	-1240.9232
120	120	-1199.2012	-1119.9081	-1125.8415	79.29309	-1193.2925	-1121.5977	-1115.7043
121	121	-1450.1738	-1422.9555	-1428.8445	27.218294	-1447.1909	-1424.9096	-1419.0155
122	122	-1330.3156	-1248.6632	-1254.3125	81.652431	-1327.5884	-1250.4264	-1244.5305
123	123	-1117.5861	-1084.0873	-1090.2679	33.498799	-1114.3965	-1085.6836	-1079.7913
124	124	-1457.4143	-1395.7035	-1401.5845	61.710803	-1456.7479	-1397.6138	-1391.7263
125	125	-1029.0338	-931.35993	-937.28004	97.673868	-1026.1109	-932.78748	-926.89388
126	126	-1452.8419	-1435.2057	-1441.2074	17.636115	-1449.8836	-1437.354	-1431.461
127	127	-1262.9007	-1189.8276	-1195.7273	73.073066	-1261.9917	-1191.6195	-1185.7273
128	128	-1201.7745	-1112.2499	-1117.6695	89.524566	-1199.0277	-1114.0057	-1108.1133
129	129	-1293.9847	-1212.3405	-1218.3053	81.644194	-1293.3396	-1214.0576	-1208.1639
130	130	-1249.3001	-1175.3725	-1181.3412	73.927582	-1246.5023	-1177.2257	-1171.3337
131	131	-1483.2669	-1417.566	-1422.6053	65.700902	-1480.2862	-1419.2168	-1413.5651
132	132	-1440.3952	-1395.9965	-1401.7362	44.398708	-1437.4237	-1397.9423	-1392.0495
133	133	-1296.8555	-1235.8388	-1241.8072	61.016679	-1295.9593	-1237.5924	-1231.7003
134	134	-2255.7432	-2250.5225	-2253.1754	5.2207116	-2253.1062	-2251.106	-2247.3328
135	135	-1182.0161	-1083.0765	-1088.9941	98.939588	-1179.2226	-1084.6418	-1078.7481
136	136	-1416.2561	-1349.0484	-1355.0044	67.207701	-1413.0558	-1351.0446	-1345.1518
137	137	-2386.9828	-2387.1207	-2391.1532	-0.13789459	-2384.4293	-2387.2018	-2384.0992
138	138	-1772.1837	-1756.2807	-1762.3885	15.903014	-1769.2945	-1758.8427	-1752.9507
139	139	-1809.6816	-1748.5146	-1754.4635	61.166994	-1806.7485	-1750.8632	-1744.9712
140	140	-1184.4612	-1127.0867	-1133.0852	57.374512	-1181.0997	-1128.8056	-1122.9131
141	141	-850.24783	-793.73405	-799.69364	56.513787	-846.81429	-794.90478	-789.01215
142	142	-1243.8682	-1169.3241	-1174.8611	74.54415	-1241.8215	-1171.0534	-1165.1597
143	143	-1305.9708	-1225.9733	-1231.5829	79.997531	-1303.7144	-1227.8003	-1221.9087
144	144	-1648.129	-1592.9508	-1598.9545	55.178233	-1645.1272	-1595.0081	-1589.1164
145	145	-935.99379	-838.63714	-844.57629	97.356647	-932.58717	-839.88601	-833.99327
146	146	-978.90443	-893.14352	-898.9559	85.760904	-975.5421	-894.342	-888.44935
147	147	-1842.9141	-1825.7654	-1829.9757	17.14867	-1840.106	-1828.5852	-1822.6915
148	148	-1665.0264	-1620.1869	-1626.1645	44.839559	-1662.1627	-1622.3275	-1616.4355
149	149	-1576.602	-1536.272	-1542.292	40.329967	-1573.6777	-1538.2247	-1532.3329
150	150	-1133.1291	-1062.0959	-1068.1	71.033295	-1129.9039	-1063.5605	-1057.6662
151	151	-2401.8253	-2367.6282	-2373.2043	34.197026	-2399.2454	-2370.3258	-2364.4836
152	152	-1461.0922	-1411.7941	-1418.0181	49.298076	-1458.0839	-1413.8473	-1407.959
153	153	-1113.3829	-1068.4975	-1074.4913	44.885388	-1110.1881	-1070.4085	-1064.5193
154	154	-1424.079	-1367.7396	-1373.478	56.339415	-1421.6715	-1369.7581	-1363.8668
155	155	-1412.9161	-1376.3177	-1381.5182	36.598408	-1409.908	-1377.6923	-1372.3197
156	156	-1305.9539	-1247.6558	-1253.647	58.298132	-1302.9894	-1249.4717	-1243.5805
157	157	-1408.6136	-1327.3967	-1333.3029	81.216923	-1405.9364	-1329.4258	-1323.5354
158	158	-1629.8116	-1576.098	-1581.7538	53.713698	-1629.6795	-1578.2236	-1572.3318
159	159	-1249.4313	-1170.447	-1176.3879	78.984307	-1248.6787	-1172.2714	-1166.3784
160	160	-1212.5435	-1151.8544	-1157.8015	60.689151	-1209.4192	-1153.6162	-1147.7235
161	161	-1495.5283	-1466.6626	-1472.6893	28.865756	-1492.5543	-1468.7421	-1462.8474
162	162	-1233.6914	-1200.0579	-1205.5742	33.633481	-1230.5722	-1201.6665	-1195.7752
163	163	-1503.4251	-1477.4295	-1482.9866	25.995671	-1500.4709	-1479.2706	-1473.3772
164	164	-1463.6152	-1417.4342	-1422.6994	46.180992	-1460.5528	-1418.8494	-1413.6898
165	165	-1939.9952	-1909.3435	-1915.3494	30.651641	-1937.2582	-1912.0818	-1906.1882
166	166	-1296.2831	-1232.4491	-1238.3835	63.834016	-1294.2084	-1234.3434	-1228.4514
167	167	-1272.5957	-1194.5791	-1200.5136	78.016608	-1269.1984	-1196.2875	-1190.3946
168	168	-1793.7103	-1754.7683	-1760.8023	38.941973	-1791.7199	-1756.8844	-1750.9916
169	169	-1376.2314	-1333.6534	-1339.6478	42.577925	-1373.209	-1335.5531	-1329.6602
170	170	-1923.9899	-1850.1574	-1856.072	73.83245	-1922.0117	-1852.4937	-1846.6013
171	171	-1770.2969	-1700.2258	-1706.1586	70.071105	-1767.3044	-1702.5563	-1696.6667
172	172	-1428.4212	-1348.67	-1354.5927	79.751269	-1425.7524	-1350.7013	-1344.8104
173	173	-1548.4331	-1474.8434	-1480.7796	73.589693	-1545.9757	-1476.8536	-1470.9601
174	174	-1300.3404	-1219.1716	-1225.1154	81.168771	-1297.6521	-1220.8891	-1214.9963
175	175	-1554.9706	-1515.2699	-1521.3579	39.700705	-1552.0404	-1517.3076	-1511.4153
176	176	-1404.4731	-1319.9805	-1325.903	84.49268	-1401.8379	-1321.8501	-1315.958
177	177	-1050.9002	-994.2968	-1000.3412	56.603413	-1047.6295	-995.79504	-989.90272
178	178	-1262.2071	-1186.8084	-1192.7199	75.39867	-1258.8257	-1188.633	-1182.7399
179	179	-1432.1783	-1377.6042	-1383.6427	54.574171	-1429.1767	-1379.5179	-1373.6257
180	180	-1187.4112	-1099.0625	-1105.0031	88.348694	-1184.5246	-1101.1861	-1095.2934
181	181	-1223.234	-1134.5134	-1140.4509	88.720626	-1220.4759	-1136.2644	-1130.372
182	182	-1276.8295	-1234.1378	-1240.1322	42.691669	-1273.7527	-1235.9159	-1230.0212
183	183	-1343.7405	-1248.6807	-1254.2517	95.059887	-1341.5804	-1250.5229	-1244.6318
184	184	-1671.5878	-1597.2321	-1603.1493	74.355683	-1668.9905	-1599.3044	-1593.4121
185	185	-1304.544	-1221.7403	-1227.6853	82.803751	-1301.7956	-1223.6369	-1217.7455
186	186	-1345.1352	-1281.1378	-1287.0913	63.997406	-1344.5982	-1282.8945	-1277.0012
187	187	-1689.3449	-1618.538	-1624.4654	70.806963	-1688.6207	-1620.878	-1614.9863
188	188	-1838.5298	-1806.4008	-1812.4319	32.12902	-1835.7438	-1808.5232	-1802.6315
189	189	-1196.9525	-1143.1177	-1149.2028	53.834821	-1193.7988	-1144.8021	-1138.908
190	190	-2156.5077	-2095.3002	-2101.1937	61.207443	-2154.2459	-2097.736	-2091.8431
191	191	-1111.9158	-981.62042	-987.5413	130.2954	-1108.7549	-983.11553	-977.22333
192	192	-1143.9348	-1074.2425	-1080.2797	69.692273	-1143.3595	-1075.9448	-1070.0526
193	193	-1588.9881	-1523.7137	-1529.6433	65.274446	-1586.6698	-1525.7092	-1519.8168
194	194	-1006.9313	-932.21174	-938.17685	74.719516	-1003.3935	-933.53401	-927.64305
195	195	-1211.5722	-1115.0013	-1120.9627	96.570941	-1208.7085	-1116.6214	-1110.7288
196	196	-1453.4107	-1406.7863	-1412.507	46.624363	-1451.4845	-1408.6589	-1402.7657
197	197	-1376.8412	-1312.0675	-1317.7448	64.773736	-1374.2343	-1313.8378	-1307.9454
198	198	-1923.5606	-1885.082	-1891.045	38.478582	-1920.9269	-1887.3801	-1881.4871
199	199	-1945.4698	-1890.5853	-1896.5306	54.884527	-1945.2961	-1893.0518	-1887.1596
200	200	-1873.2323	-1812.1229	-1818.0604	61.109395	-1870.3485	-1814.3794	-1808.487
201	201	-1949.7004	-1914.8801	-1920.8205	34.820288	-1949.8801	-1917.2862	-1911.3937
202	202	-1126.2343	-1042.9533	-1048.9058	83.280982	-1123.0167	-1044.5216	-1038.6308
203	203	-1710.7327	-1638.2277	-1643.7904	72.505068	-1710.0295	-1640.2929	-1634.4005
204	204	-1436.7909	-1354.8332	-1360.7403	81.957737	-1433.4633	-1356.881	-1350.9884
205	205	-1722.178	-1654.9618	-1660.888	67.216283	-1719.8585	-1657.2189	-1651.3273
206	206	-1109.7082	-1030.7182	-1036.6684	78.989999	-1107.4634	-1032.3599	-1026.4671
207	207	-1186.3688	-1101.0207	-1106.9251	85.348061	-1183.068	-1102.6294	-1096.737
208	208	-1928.3127	-1903.1268	-1909.2219	25.185896	-1925.5609	-1905.6484	-1899.7559
209	209	-1551.5768	-1514.8508	-1520.849	36.726048	-1548.6352	-1516.8695	-1510.9754
210	210	-1606.6235	-1605.3428	-1610.3589	1.2807089	-1603.7432	-1609.1942	-1603.6428
211	211	-1799.6388	-1732.8935	-1738.8401	66.745314	-1799.1201	-1735.1723	-1729.2806
212	212	-1418.9369	-1361.993	-1367.7196	56.943901	-1415.8184	-1363.8195	-1357.9265
213	213	-1155.7347	-1056.3265	-1061.8575	99.408262	-1153.1264	-1058.0082	-1052.1142
214	214	-1809.3031	-1721.2889	-1727.1988	88.014215	-1806.9446	-1723.6583	-1717.765
215	215	-1399.0119	-1332.4973	-1338.4659	66.514628	-1398.0907	-1334.3535	-1328.4609
216	216	-1271.7558	-1191.5669	-1196.858	80.188831	-1269.0054	-1193.2333	-1187.3722
217	217	-1279.3154	-1234.1132	-1240.239	45.202155	-1276.234	-1235.9056	-1230.0115
218	218	-1523.2312	-1459.1667	-1465.1353	64.064528	-1520.169	-1461.0643	-1455.1709
219	219	-1050.5618	-1023.2619	-1028.6795	27.299926	-1047.3273	-1024.6544	-1018.7629
220	220	-1285.2023	-1228.9233	-1234.9739	56.279009	-1281.8943	-1230.7569	-1224.8643
221	221	-1405.7181	-1355.9527	-1361.9378	49.765341	-1402.7154	-1357.9035	-1352.011
222	222	-1119.826	-1044.682	-1050.6057	75.144025	-1116.7179	-1046.3128	-1040.4227
223	223	-1184.8246	-1121.548	-1127.5214	63.276514	-1181.661	-1123.2371	-1117.3467
224	224	-1701.3281	-1649.8782	-1655.8491	51.449906	-1698.348	-1651.9892	-1646.0984
225	225	-1044.8145	-1038.8014	-1030.6637	6.0130913	-1041.5455	-1025.9556	-1022.6713
226	226	-1116.1121	-1060.0655	-1066.0387	56.046632	-1112.8694	-1061.4812	-1055.5905
227	227	-1956.7915	-1915.9096	-1921.9411	40.881909	-1955.0319	-1918.3066	-1912.4151
228	228	-1530.0415	-1482.6593	-1488.4231	47.38224	-1527.5267	-1485.2183	-1479.3238
229	229	-1563.6031	-1509.369	-1514.3387	54.234095	-1563.6722	-1510.7798	-1505.4448
230	230	-1223.6641	-1167.722	-1173.7057	55.94213	-1220.5342	-1169.4964	-1163.6043
231	231	-1078.9677	-960.50686	-966.42615	118.46085	-1076.0973	-961.98123	-956.09183
232	232	-1158.9416	-1090.6235	-1096.5077	68.318093	-1156.1105	-1092.1843	-1086.2925
233	233	-1716.0286	-1660.3174	-1666.3143	55.711139	-1715.8198	-1662.5161	-1656.6245
234	234	-1777.1784	-1772.5341	-1778.5309	4.6443088	-1774.363	-1775.0509	-1769.1602
235	235	-1283.7949	-1237.3132	-1243.316	46.481668	-1280.6857	-1238.9432	-1233.0501
236	236	-1956.4831	-1922.0287	-1927.8001	34.454302	-1953.7518	-1924.845	-1918.9527
237	237	-1461.035	-1362.5056	-1368.4274	98.529368	-1458.3532	-1364.4008	-1358.508
238	238	-1806.0335	-1739.0124	-1744.9579	67.0211	-1803.1361	-1741.2297	-1735.338
239	239	-1132.4826	-1065.3338	-1071.3401	67.148785	-1129.29	-1066.8541	-1060.9613
240	240	-1848.6157	-1803.2039	-1809.0353	45.411775	-1845.8133	-1805.6199	-1799.7266
241	241	-978.49263	-875.08658	-880.83213	103.40605	-975.50578	-876.39681	-870.50435
242	242	-1206.6465	-1127.4269	-1133.3448	79.219608	-1203.8447	-1129.2011	-1123.3099
243	243	-1458.3938	-1357.8098	-1363.7475	100.58398	-1456.695	-1359.7367	-1353.8447
244	244	-1363.3289	-1336.2552	-1342.2517	27.073682	-1360.3036	-1337.9752	-1332.0821
245	245	-1627.2072	-1555.8104	-1561.7107	71.396862	-1624.731	-1558.0511	-1552.1584
246	246	-1206.7337	-1132.1026	-1138.0232	74.631145	-1203.8277	-1133.7213	-1127.829
247	247	-1809.1622	-1768.5531	-1774.5545	40.609018	-1806.3532	-1770.7847	-1764.8947
248	248	-1282.4491	-1174.5816	-1180.5223	107.86752	-1279.5692	-1176.4411	-1170.5482
249	249	-1421.8622	-1353.5888	-1359.4922	68.273431	-1419.7217	-1355.6488	-1349.7558
250	250	-1269.3269	-1187.8712	-1193.8296	81.455706	-1266.5911	-1189.7044	-1183.8119
251	251	-1262.8891	-1196.3642	-1202.3011	66.524832	-1260.027	-1198.0541	-1192.1615
252	252	-1686.7546	-1601.0916	-1607.019	85.663013	-1685.995	-1603.4429	-1597.5516
253	253	-1290.5419	-1268.4407	-1274.2497	22.101213	-1287.47	-1270.3606	-1264.4702
254	254	-1970.0268	-1916.8181	-1922.4335	53.208685	-1967.8106	-1919.1176	-1913.2255
255	255	-1601.9585	-1523.6946	-1529.6395	78.263913	-1601.21	-1525.935	-1520.0424
256	256	-2233.7498	-2205.5324	-2211.5675	28.217454	-2231.1173	-2208.6181	-2202.7232
257	257	-1586.7796	-1495.5127	-1501.437	91.266903	-1586.189	-1498.096	-1492.2041
258	258	-1221.0228	-1174.9341	-1180.9836	46.088674	-1217.8854	-1176.6616	-1170.7713
259	259	-929.1229	-847.69178	-853.6528	81.431123	-925.73694	-848.92469	-843.0339
260	260	-1001.595	-908.80261	-914.80582	92.792428	-998.36477	-910.15635	-904.26408
261	261	-1408.1378	-1335.5244	-1341.4543	72.61341	-1405.3944	-1337.5466	-1331.6542
262	262	-1456.4308	-1447.5427	-1452.4232	8.8881546	-1453.4525	-1448.7461	-1444.1078
263	263	-1260.3147	-1201.062	-1206.3065	59.252721	-1257.0381	-1202.4379	-1197.039
264	264	-1561.3717	-1471.2471	-1477.189	90.124601	-1560.8007	-1473.2605	-1467.3685
265	265	-1571.975	-1513.5722	-1515.8918	58.402803	-1568.97	-1511.8657	-1509.68
266	266	-1847.067	-1828.7803	-1834.8459	18.286651	-1844.3073	-1831.3398	-1825.4443
267	267	-1455.7843	-1410.0875	-1416.2097	45.69688	-1452.7694	-1412.2829	-1406.3906
268	268	-1349.833	-1337.5697	-1343.7307	12.263231	-1346.8175	-1339.7239	-1333.8321
269	269	-1570.772	-1494.8223	-1500.7649	75.949692	-1568.025	-1496.9474	-1491.0557
270	270	-1298.6914	-1269.3153	-1274.9399	29.376158	-1295.6067	-1271.3386	-1265.4457
271	271	-1127.0819	-999.78199	-1005.6795	127.29992	-1123.5416	-1001.1593	-995.26454
272	272	-1658.1046	-1595.8	-1601.684	62.304626	-1655.5851	-1598.2111	-1592.3183
273	273	-1132.3265	-1037.8892	-1043.8138	94.437261	-1129.5973	-1039.405	-1033.5125
274	274	-1576.1235	-1514.4479	-1520.4724	61.675541	-1573.8615	-1516.4048	-1510.5123
275	275	-1361.3139	-1309.886	-1315.7414	51.42789	-1358.278	-1311.7748	-1305.8822
276	276	-1335.1611	-1283.2703	-1289.0329	51.890866	-1332.0998	-1285.1253	-1279.2326
277	277	-1596.8106	-1529.3032	-1535.3266	67.50742	-1594.3995	-1531.4262	-1525.5336
278	278	-1157.9531	-1097.6179	-1101.5315	60.335171	-1154.7651	-1097.217	-1093.2323
279	279	-1153.1984	-1131.5879	-1137.6501	21.610506	-1150.0187	-1133.0689	-1127.1764
280	280	-709.10837	-655.72681	-661.81006	53.381561	-705.5109	-656.58467	-650.69175
281	281	-1017.8937	-915.94941	-921.86721	101.94427	-1014.5816	-917.16107	-911.26762
282	282	-1318.1941	-1298.605	-1305.1059	19.589104	-1315.1401	-1301.1238	-1295.2317
283	283	-2055.3822	-2022.083	-2027.9525	33.299196	-2055.32	-2024.6033	-2018.7114
284	284	-1206.6678	-1114.492	-1120.3753	92.175806	-1203.8325	-1116.131	-1110.2386
285	285	-1715.4456	-1695.259	-1701.3285	20.186589	-1712.592	-1697.2425	-1691.3505
286	286	-1190.8348	-1135.4925	-1141.4575	55.342327	-1187.216	-1137.0164	-1131.1239
287	287	-1698.4608	-1626.6864	-1632.5876	71.774472	-1695.9655	-1628.9466	-1623.0545
288	288	-1646.1539	-1566.4439	-1572.3629	79.710006	-1643.0584	-1568.5421	-1562.6494
289	289	-1730.3436	-1645.0752	-1650.9923	85.268422	-1727.8329	-1647.3993	-1641.5062
290	290	-1429.2305	-1395.83	-1401.3453	33.400573	-1426.2432	-1397.8599	-1391.9689
291	291	-1666.9562	-1621.7773	-1627.8036	45.178886	-1664.0732	-1623.8264	-1617.9347
292	292	-1597.1758	-1544.698	-1550.6561	52.477815	-1594.1784	-1546.9704	-1541.0792
293	293	-1382.6305	-1297.7609	-1303.675	84.869666	-1381.6982	-1299.6145	-1293.7223
294	294	-1417.5517	-1399.4877	-1406.4391	18.063995	-1414.5464	-1402.4162	-1396.6447
295	295	-1154.159	-1078.1288	-1083.2854	76.030175	-1151.9298	-1079.4972	-1073.7766
296	296	-1183.7709	-1116.4857	-1122.4038	67.285196	-1181.0412	-1117.9954	-1112.1019
297	297	-1055.4188	-1036.603	-1042.7673	18.815767	-1052.1799	-1038.5476	-1032.6538
298	298	-1149.4002	-1103.7501	-1109.7427	45.650101	-1148.4941	-1105.2937	-1099.3992
299	299	-1237.1919	-1150.5995	-1156.5675	86.592434	-1234.6456	-1152.4329	-1146.5405
300	300	-1172.2684	-1078.7464	-1084.6654	93.521998	-1169.4142	-1080.2961	-1074.4033
301	301	-1975.8157	-1969.1182	-1972.2215	6.6975417	-1973.0906	-1970.2352	-1965.3594
302	302	-1318.0707	-1257.6254	-1263.4084	60.445316	-1314.9876	-1259.4338	-1253.5411
303	303	-1429.8745	-1364.4378	-1370.3975	65.436745	-1426.6938	-1366.2739	-1360.3816
304	304	-1662.7683	-1617.2097	-1623.1825	45.558646	-1659.786	-1619.2666	-1613.375
305	305	-1008.2975	-901.44911	-907.33635	106.84838	-1004.5507	-902.79589	-896.9041
306	306	-1842.621	-1742.5169	-1748.4416	100.10414	-1840.4969	-1744.8018	-1738.9087
307	307	-1266.9995	-1208.9687	-1214.9075	58.030848	-1263.8954	-1210.7534	-1204.8579
308	308	-1165.5222	-1120.2001	-1126.2613	45.322089	-1162.3563	-1121.8601	-1115.9676
309	309	-2042.9748	-1994.6718	-2000.288	48.303004	-2042.3864	-1997.1377	-1991.2453
310	310	-1525.6267	-1479.1803	-1485.1689	46.44638	-1523.2377	-1481.2404	-1475.3472
311	311	-1306.3259	-1254.5355	-1260.5256	51.790411	-1303.2494	-1256.3624	-1250.4704
312	312	-1271.6091	-1243.8648	-1249.8554	27.74435	-1268.5066	-1245.4706	-1239.5787
313	313	-1509.4302	-1455.4528	-1461.4151	53.977392	-1506.4661	-1457.3492	-1451.4567
314	314	-1859.633	-1810.9154	-1816.5514	48.717561	-1859.3083	-1813.1449	-1807.253
315	315	-1646.5497	-1621.7163	-1627.6466	24.83338	-1643.6645	-1623.8947	-1618.002
316	316	-1462.0492	-1366.9485	-1372.8523	95.100653	-1459.1088	-1368.8909	-1362.998
317	317	-1059.8896	-974.04885	-979.98954	85.840704	-1057.029	-975.4196	-969.52726
318	318	-1016.6253	-940.28484	-946.24786	76.340425	-1014.1003	-941.64047	-935.74854
319	319	-1267.5735	-1183.4617	-1189.3906	84.111754	-1265.507	-1185.1553	-1179.2612
320	320	-1002.5433	-958.07916	-963.87233	44.464188	-999.25709	-959.52687	-953.63466
321	321	-983.84097	-936.77013	-942.66385	47.070837	-980.51123	-938.13073	-932.23109
322	322	-1324.2068	-1273.6545	-1279.6202	50.552261	-1321.1381	-1275.4767	-1269.5849
323	323	-1388.5267	-1309.3061	-1315.2036	79.220596	-1385.8322	-1311.2567	-1305.3643
324	324	-1435.7266	-1327.8583	-1333.7643	107.86833	-1433.5223	-1329.7252	-1323.8326
325	325	-1595.2355	-1582.3091	-1588.5307	12.926426	-1592.3428	-1584.266	-1578.3725
326	326	-1060.6902	-995.53811	-1000.7985	65.152136	-1057.4397	-996.95337	-991.06144
327	327	-1210.7133	-1140.229	-1146.1332	70.484289	-1208.1996	-1141.8598	-1135.9675
328	328	-1202.838	-1138.067	-1144.0531	64.770996	-1199.4753	-1139.7728	-1133.8802
329	329	-1405.2842	-1337.6766	-1343.5821	67.607597	-1402.6103	-1339.5368	-1333.6445
330	330	-2069.8086	-2015.5486	-2019.1231	54.259968	-2068.3527	-2015.895	-2012.0221
331	331	-1576.0896	-1531.4502	-1537.5107	44.639406	-1573.7848	-1533.4887	-1527.5962
332	332	-1130.9814	-1095.3503	-1101.3402	35.631096	-1127.809	-1096.8165	-1090.9242
333	333	-1462.9132	-1385.7766	-1391.6819	77.136616	-1460.6689	-1387.8125	-1381.9201
334	334	-1209.7313	-1158.6681	-1164.1805	51.063236	-1206.8669	-1160.3565	-1154.464
335	335	-1446.7466	-1423.7479	-1429.84	22.99867	-1443.7663	-1425.5477	-1419.6563
336	336	-1611.8582	-1555.2491	-1561.079	56.609096	-1609.4713	-1557.386	-1551.4928
337	337	-1946.0006	-1878.8399	-1884.7895	67.160737	-1943.1808	-1881.2002	-1875.3084
338	338	-1282.1939	-1237.5188	-1243.546	44.675077	-1279.1158	-1239.1762	-1233.2852
339	339	-1154.5009	-1069	-1074.9362	85.500926	-1152.1189	-1070.5137	-1064.6231
340	340	-1607.4498	-1530.9561	-1536.9038	76.493618	-1605.1885	-1533.0247	-1527.133
341	341	-1712.998	-1644.454	-1650.2172	68.544031	-1710.4632	-1646.596	-1640.7038
342	342	-1438.5271	-1377.0032	-1382.9709	61.523921	-1438.1171	-1378.9899	-1373.0975
343	343	-1190.7575	-1107.7769	-1113.6894	82.980646	-1187.7014	-1109.5185	-1103.6277
344	344	-1282.639	-1230.6344	-1236.5958	52.004666	-1279.55	-1232.4269	-1226.5344
345	345	-1486.1352	-1425.7575	-1431.6657	60.37771	-1483.2833	-1427.7762	-1421.8846
346	346	-1011.2605	-928.9065	-934.84704	82.354018	-1007.2478	-930.36598	-924.4739
347	347	-1702.1569	-1691.7903	-1697.8217	10.366567	-1699.3137	-1694.654	-1688.7563
348	348	-1206.7487	-1164.9146	-1170.849	41.834083	-1203.6073	-1166.5804	-1160.6886
349	349	-1326.6953	-1299.294	-1304.8819	27.401277	-1323.6254	-1301.0686	-1295.1777
350	350	-1276.2205	-1190.4607	-1196.3877	85.75984	-1273.5875	-1192.1462	-1186.2541
351	351	-1814.7965	-1761.0247	-1766.9426	53.771731	-1811.8883	-1763.3803	-1757.4873
352	352	-1396.706	-1315.4879	-1321.4119	81.218087	-1394.3653	-1317.357	-1311.464
353	353	-2064.6058	-2024.2294	-2030.1503	40.37641	-2064.1455	-2026.6947	-2020.7976
354	354	-1281.6687	-1204.7004	-1210.609	76.968308	-1278.6766	-1206.5058	-1200.6175
355	355	-1846.5565	-1776.8006	-1782.7042	69.755875	-1843.6087	-1779.2112	-1773.3187
356	356	-1002.1647	-943.07264	-948.985	59.092007	-998.86781	-944.50967	-938.61885
357	357	-1680.6628	-1605.6711	-1611.5737	74.991778	-1677.5689	-1607.9858	-1602.0931
358	358	-1232.3167	-1159.4476	-1165.4186	72.869117	-1230.3204	-1161.2851	-1155.3931
359	359	-1843.5317	-1779.7061	-1785.6565	63.825615	-1843.1579	-1781.9334	-1776.0389
360	360	-1388.802	-1313.4944	-1319.4183	75.307587	-1385.6261	-1315.3509	-1309.4562
361	361	-1106.3941	-966.12422	-972.01281	140.26989	-1102.9435	-967.37889	-961.48676
362	362	-1971.5573	-1942.3484	-1948.2604	29.208908	-1968.8427	-1945.5782	-1939.6868
363	363	-1487.6941	-1427.5326	-1433.4403	60.161472	-1485.3958	-1429.5995	-1423.7072
364	364	-1463.803	-1421.5752	-1427.3263	42.227752	-1460.818	-1423.4297	-1417.5384
365	365	-1364.1597	-1303.8115	-1309.7641	60.348222	-1361.5159	-1305.5929	-1299.6989
366	366	-1635.7836	-1620.8818	-1627.1876	14.901781	-1632.8817	-1623.1341	-1617.2386
367	367	-1229.6367	-1143.5553	-1149.4787	86.08138	-1226.9116	-1145.1889	-1139.2963
368	368	-1546.0434	-1468.0682	-1473.9909	77.975215	-1543.2811	-1469.9991	-1464.1089
369	369	-1525.8662	-1484.7512	-1490.7365	41.114984	-1522.8851	-1487.3399	-1481.4464
370	370	-1383.0567	-1322.1225	-1328.0906	60.934206	-1380.4186	-1324.0694	-1318.1775
371	371	-1332.8894	-1282.6591	-1287.4639	50.230393	-1329.8762	-1283.2982	-1278.9233
372	372	-1869.3916	-1798.749	-1804.6677	70.642623	-1866.9976	-1801.1135	-1795.2208
373	373	-1086.5713	-1034.9107	-1040.9024	51.660583	-1083.3488	-1036.3374	-1030.4441
374	374	-1658.5664	-1622.9743	-1629.0744	35.592161	-1655.6947	-1625.0972	-1619.2049
375	375	-1429.8997	-1378.4533	-1383.2702	51.44641	-1426.8868	-1379.3325	-1374.4881
376	376	-1150.6059	-1082.6423	-1088.655	67.963622	-1147.4089	-1084.2548	-1078.3621
377	377	-997.08722	-904.11285	-909.92074	92.974372	-993.71591	-905.3999	-899.50747
378	378	-1382.1173	-1318.1858	-1323.2379	63.93156	-1378.9976	-1319.568	-1314.0791
379	379	-1510.4067	-1460.6239	-1466.5933	49.782757	-1507.9885	-1462.5766	-1456.6847
380	380	-1663.4552	-1605.2281	-1610.7697	58.227174	-1661.0059	-1607.4431	-1601.5485
381	381	-1217.8214	-1169.7365	-1175.7602	48.08496	-1214.6752	-1171.4952	-1165.6021
382	382	-1421.3923	-1368.6305	-1374.5597	52.761793	-1421.473	-1370.4893	-1364.5966
383	383	-1602.8371	-1560.9886	-1567	41.848481	-1599.9314	-1563.0741	-1557.1801
384	384	-1291.3579	-1244.9012	-1250.5008	46.456681	-1288.2772	-1246.7049	-1240.8107
385	385	-1738.7995	-1684.6875	-1690.6343	54.112026	-1736.2317	-1686.9326	-1681.0383
386	386	-1457.1531	-1389.98	-1395.9781	67.173088	-1454.5881	-1391.9918	-1386.0969
387	387	-1746.9263	-1702.9113	-1708.8573	44.014908	-1744.0805	-1705.4449	-1699.5544
388	388	-1533.1349	-1465.7779	-1471.4985	67.357078	-1531.0715	-1467.9304	-1462.0368
389	389	-1132.4324	-1075.2232	-1081.2594	57.209242	-1129.2548	-1076.8593	-1070.9668
390	390	-1573.142	-1440.796	-1446.6845	132.346	-1571.0076	-1442.8336	-1436.942
391	391	-1388.7983	-1377.2043	-1381.1746	11.594034	-1385.7826	-1377.3315	-1373.1707
392	392	-1433.9322	-1375.5198	-1381.5098	58.412426	-1431.3307	-1377.3246	-1371.4324
393	393	-1429.767	-1393.3028	-1399.0684	36.464142	-1426.7733	-1395.2678	-1389.3773
394	394	-1704.8409	-1613.0844	-1619.0133	91.756495	-1703.0948	-1615.2707	-1609.3778
395	395	-1409.936	-1347.1871	-1353.0176	62.748871	-1407.1253	-1349.1401	-1343.2471
396	396	-1463.6804	-1435.2569	-1437.5559	28.423497	-1460.7009	-1433.3372	-1431.3655
397	397	-1308.0897	-1277.8668	-1283.8432	30.222923	-1305.0231	-1279.5129	-1273.6179
398	398	-1483.7567	-1423.4307	-1429.398	60.326024	-1480.6515	-1425.3523	-1419.4601
399	399	-1314.4901	-1287.1027	-1293.0948	27.387451	-1311.4089	-1289.3263	-1283.4337
400	400	-1561.0924	-1510.5079	-1515.9332	50.584583	-1558.8637	-1512.5517	-1506.7466
401	401	-1148.6786	-1073.6941	-1079.6524	74.98449	-1145.8547	-1075.4023	-1069.5117
402	402	-1507.794	-1404.51	-1410.4021	103.28409	-1504.5587	-1406.6204	-1400.7263
403	403	-1283.7573	-1216.9007	-1222.8302	66.856558	-1281.026	-1218.7998	-1212.9061
404	404	-1084.8424	-1055.5363	-1061.636	29.306053	-1081.6308	-1056.9603	-1051.0675
405	405	-1543.6404	-1481.8445	-1487.7952	61.795944	-1540.9928	-1484.0226	-1478.1304
406	406	-1621.1222	-1561.8254	-1567.8274	59.296866	-1618.4904	-1563.9557	-1558.0639
407	407	-1410.2208	-1345.0086	-1350.9319	65.212262	-1409.3087	-1346.8772	-1340.9838
408	408	-1378.1914	-1294.9306	-1300.8662	83.260766	-1375.2873	-1296.876	-1290.9838
409	409	-1149.975	-1084.5313	-1090.4812	65.443721	-1146.7958	-1086.2018	-1080.3092
410	410	-1209.8206	-1100.0629	-1105.9657	109.75768	-1207.1303	-1101.814	-1095.9217
411	411	-2043.2549	-2013.3418	-2019.4284	29.913089	-2040.553	-2015.6205	-2009.7271
412	412	-1778.0252	-1695.8678	-1701.8198	82.157393	-1777.6222	-1698.2042	-1692.3113
413	413	-1820.0711	-1793.9998	-1800.1157	26.071357	-1817.2521	-1796.1593	-1790.2646
414	414	-1596.195	-1550.0691	-1556.0043	46.125898	-1593.2096	-1552.238	-1546.3453
415	415	-1919.6587	-1881.0341	-1886.904	38.624549	-1916.9016	-1883.3262	-1877.4332
416	416	-1197.4272	-1139.5823	-1145.5214	57.844903	-1194.2652	-1141.2731	-1135.38
417	417	-1998.2801	-1975.6757	-1981.6853	22.604413	-1995.573	-1977.8717	-1971.9768
418	418	-1365.3728	-1349.7314	-1355.7536	15.641371	-1362.3577	-1351.8852	-1345.9926
419	419	-1542.5667	-1490.5679	-1496.3708	51.998764	-1542.0774	-1492.5243	-1486.6314
420	420	-1894.0555	-1829.6709	-1835.5403	64.38463	-1891.205	-1832.0823	-1826.1925
421	421	-1661.7387	-1604.9361	-1610.7659	56.802577	-1658.8321	-1607.0615	-1601.1673
422	422	-1428.9144	-1334.9077	-1340.8086	94.006716	-1427.9089	-1336.8165	-1330.9241
423	423	-1273.8191	-1198.9508	-1204.8404	74.868241	-1271.6409	-1200.6864	-1194.7919
424	424	-1484.1516	-1429.3483	-1435.4002	54.803331	-1481.1673	-1431.2281	-1425.336
425	425	-1432.7067	-1391.133	-1396.3074	41.57369	-1429.6951	-1392.5484	-1387.1531
426	426	-1056.2721	-965.67536	-971.6078	90.596701	-1053.7525	-967.08147	-961.19082
427	427	-1623.3705	-1568.8567	-1574.2686	54.513733	-1620.7329	-1571.0244	-1565.1321
428	428	-1177.0306	-1111.003	-1116.908	66.027599	-1173.5687	-1112.769	-1106.8769
429	429	-1578.9592	-1532.9769	-1538.3451	45.982246	-1576.6758	-1535.0111	-1529.1558
430	430	-1388.0889	-1352.1098	-1358.1318	35.979062	-1385.0384	-1354.3968	-1348.5068
431	431	-1453.6056	-1408.9813	-1415.0197	44.624367	-1450.6284	-1410.8671	-1404.9752
432	432	-1305.2893	-1244.6506	-1250.6761	60.638708	-1302.6955	-1246.528	-1240.635
433	433	-1433.5346	-1396.9687	-1402.956	36.565906	-1430.5564	-1398.9242	-1393.0324
434	434	-1652.7879	-1593.9897	-1599.9282	58.798248	-1649.7293	-1596.0603	-1590.1677
435	435	-1719.4434	-1637.2712	-1643.21	82.172248	-1719.0067	-1639.5477	-1633.6552
436	436	-872.682	-779.97414	-785.95822	92.707862	-866.10815	-780.9848	-775.0945
437	437	-1383.4897	-1301.8992	-1307.8201	81.590506	-1380.3308	-1303.7081	-1297.8154
438	438	-1497.4092	-1455.8399	-1461.8157	41.569325	-1494.4415	-1457.7219	-1451.8297
439	439	-1433.3539	-1374.2823	-1380.3036	59.071579	-1430.3628	-1376.2576	-1370.3646
440	440	-1470.2725	-1387.6804	-1393.6278	82.592063	-1467.6189	-1389.6221	-1383.7294
441	441	-1278.1901	-1232.9045	-1239.0002	45.285535	-1275.0857	-1234.6705	-1228.7787
442	442	-1560.2828	-1482.8149	-1488.7311	77.467944	-1557.7067	-1484.9417	-1479.0485
443	443	-1583.2535	-1532.5971	-1538.5464	50.656464	-1580.5899	-1534.7506	-1528.8581
444	444	-1367.6426	-1322.5964	-1327.569	45.046174	-1364.6001	-1323.6935	-1318.5632
445	445	-1375.9012	-1304.7213	-1310.6852	71.179834	-1373.5959	-1306.5315	-1300.6395
446	446	-1014.3909	-928.88073	-934.87024	85.510122	-1011.0952	-930.33152	-924.43719
447	447	-1812.1614	-1767.7567	-1773.7452	44.404624	-1809.3265	-1770.0302	-1764.1376
448	448	-1162.1094	-1095.6755	-1101.6198	66.433897	-1158.943	-1097.8989	-1092.0048
449	449	-1603.3096	-1537.2515	-1543.1743	66.05812	-1600.2959	-1539.252	-1533.3656
450	450	-1597.9755	-1569.2954	-1573.0374	28.680006	-1595.0671	-1568.8431	-1565.3401
451	451	-1114.9931	-1033.0734	-1039.0361	81.919664	-1112.5092	-1034.5564	-1028.6643
452	452	-1171.2219	-1070.9315	-1076.8516	100.29044	-1168.3691	-1072.5051	-1066.6135
453	453	-1384.5976	-1323.5101	-1329.5223	61.087501	-1381.6843	-1325.4315	-1319.5378
454	454	-1184.4141	-1142.9276	-1148.9235	41.486513	-1181.2754	-1144.5038	-1138.6113
455	455	-1363.2807	-1260.0656	-1265.9821	103.21511	-1360.1497	-1261.8816	-1255.987
456	456	-1605.9373	-1532.2224	-1538.1748	73.714961	-1603.5484	-1534.4714	-1528.5789
457	457	-1612.7844	-1543.6185	-1549.3668	69.165887	-1610.1462	-1545.7933	-1539.8986
458	458	-1269.0062	-1177.1443	-1183.0798	91.861818	-1266.128	-1178.8564	-1172.9656
459	459	-1080.4385	-1008.5961	-1014.6113	71.842404	-1077.1956	-1010.6906	-1004.7957
460	460	-1953.2353	-1924.6134	-1930.5632	28.621959	-1951.1603	-1926.9824	-1921.0903
461	461	-1118.3805	-1009.6937	-1015.6101	108.6868	-1115.1913	-1011.2568	-1005.3634
462	462	-1276.0349	-1234.8781	-1240.8873	41.156869	-1272.917	-1236.703	-1230.8068
463	463	-1246.6401	-1165.1737	-1171.0792	81.466359	-1244.6492	-1166.9107	-1161.0215
464	464	-1004.4427	-990.36002	-993.69764	14.082703	-1001.1682	-989.71281	-986.56766
465	465	-1577.4908	-1529.4667	-1532.9006	48.024109	-1574.559	-1528.7844	-1525.5213
466	466	-1164.5256	-1117.5888	-1123.6996	46.936798	-1161.364	-1119.2408	-1113.3489
467	467	-1308.9322	-1236.8414	-1242.7826	72.090769	-1306.2115	-1238.7934	-1232.9011
468	468	-1385.5338	-1264.976	-1270.8406	120.55775	-1384.7063	-1266.7655	-1260.8725
469	469	-1144.6598	-1058.221	-1064.1555	86.438785	-1141.8377	-1059.8932	-1054.0008
470	470	-1373.4657	-1295.905	-1301.8475	77.560705	-1370.5729	-1297.7524	-1291.8602
471	471	-1011.2951	-908.23535	-914.17374	103.05977	-1007.7465	-909.45466	-903.56127
472	472	-1706.8037	-1703.2578	-1706.4377	3.5459761	-1703.9419	-1704.2378	-1699.2472
473	473	-1841.3177	-1837.227	-1839.3812	4.0906469	-1838.5168	-1837.7925	-1834.8708
474	474	-1548.9688	-1499.71	-1505.6762	49.258831	-1546.2999	-1502.0146	-1496.1214
475	475	-1326.4493	-1241.095	-1246.9982	85.35429	-1323.9283	-1242.9091	-1237.0162
476	476	-2103.0018	-2063.4264	-2069.2718	39.575352	-2100.3107	-2065.7078	-2059.8151
477	477	-1422.6114	-1371.2709	-1377.2499	51.340519	-1421.7308	-1373.201	-1367.3081
478	478	-1360.9867	-1297.8448	-1303.7586	63.141968	-1358.8585	-1299.7099	-1293.8175
479	479	-1338.5895	-1288.3633	-1294.3023	50.22611	-1336.5094	-1290.2723	-1284.3804
480	480	-1214.5678	-1160.6974	-1166.693	53.870384	-1211.4536	-1162.4423	-1156.5501
481	481	-1229.2989	-1211.2462	-1216.2916	18.052746	-1226.1853	-1211.9517	-1207.0824
482	482	-777.87098	nan	-739.13374	nan	-774.35307	-734.12736	-727.59859
483	483	-1677.0436	-1610.8749	-1616.7784	66.168742	-1673.9951	-1613.1457	-1607.2533
484	484	-1321.9214	-1311.8416	-1317.8385	10.079809	-1318.8867	-1314.5591	-1308.6665
485	485	-1397.723	-1305.7004	-1311.6398	92.022576	-1395.8015	-1307.5669	-1301.6736
486	486	-1914.2323	-1839.3629	-1845.258	74.869443	-1911.7443	-1841.685	-1835.7942
487	487	-1361.7692	-1355.8088	-1361.8852	5.9603526	-1358.7494	-1358.651	-1352.7614
488	488	-1685.0129	-1621.1097	-1626.6931	63.90322	-1682.0485	-1623.3683	-1617.4745
489	489	-1579.5675	-1524.1287	-1530.1461	55.438822	-1577.2646	-1526.1424	-1520.25
490	490	-1253.8511	-1231.245	-1237.4051	22.606031	-1250.7421	-1232.9457	-1227.0529
491	491	-1511.9945	-1436.7496	-1442.6569	75.244888	-1509.3701	-1438.8097	-1432.917
492	492	-1445.4371	-1338.0285	-1343.9789	107.40857	-1442.7967	-1340.0727	-1334.1796
493	493	-1395.8247	-1323.7542	-1329.6857	72.070495	-1393.1071	-1325.6276	-1319.7357
494	494	-1177.2498	-1120.5462	-1125.9835	56.703644	-1174.0827	-1122.2154	-1116.3207
495	495	-1088.7617	-978.58826	-984.51049	110.1734	-1086.0163	-979.91244	-974.01928
496	496	-1841.6133	-1786.033	-1792.0136	55.580387	-1839.5343	-1788.3721	-1782.4797
497	497	-1622.202	-1613.0893	-1618.7904	9.112675	-1619.31	-1614.9763	-1609.085
498	498	-2094.0446	-2048.778	-2054.776	45.266568	-2091.9984	-2051.1699	-2045.2771
499	499	-1447.1844	-1394.2205	-1400.224	52.963869	-1444.1638	-1396.0115	-1390.1187
