No.	ID	loglik_NUll	loglik_RES	loglik_all	log_ratio	loglik_Max1	loglik_Max2	loglik_Max3
0	0	-771.79345	-759.00484	-764.98338	12.788611	-768.28811	-761.19285	-755.30074
1	1	-1146.3701	-1125.1981	-1131.133	21.172065	-1143.1745	-1128.0404	-1122.1481
2	2	-762.51779	-760.35208	-765.97312	2.1657065	-759.04026	-761.48529	-755.97513
3	3	-793.66706	-781.50495	-787.43652	12.162108	-790.18819	-783.73593	-777.84449
4	4	-1044.572	-1024.6104	-1030.4976	19.961586	-1041.3411	-1027.2294	-1021.338
5	5	-744.41634	-745.1166	-751.2004	-0.70025832	-740.92432	-748.57089	-742.69482
6	6	-1651.0454	-1636.6964	-1642.5971	14.349016	-1648.1523	-1639.7297	-1633.8379
7	7	-1418.1348	-1400.0921	-1406.0136	18.042743	-1415.1477	-1403.1424	-1397.2475
8	8	-1046.5495	-1033.8282	-1039.7932	12.721277	-1043.3027	-1036.3687	-1030.4746
9	9	-1213.4026	-1211.2084	-1217.0011	2.1941424	-1210.2877	-1213.5523	-1208.0128
10	10	-1616.6588	-1617.8894	-1624.1148	-1.230526	-1613.7892	-1621.3695	-1615.7883
11	11	-765.16696	-757.02179	-763.11253	8.1451781	-761.66348	-759.89104	-754.0001
12	12	-1177.315	-1155.6794	-1161.5921	21.635632	-1174.1829	-1158.4542	-1152.5613
13	13	-1244.6936	-1239.4073	-1245.3342	5.2862861	-1241.5998	-1241.9871	-1235.9873
14	14	-1131.5877	-1105.4816	-1111.426	26.106073	-1128.3817	-1108.1658	-1102.2744
15	15	-969.96363	-963.36086	-969.33776	6.6027726	-966.68039	-965.99399	-960.10127
16	16	-1394.4282	-1385.0562	-1391.0149	9.3720433	-1391.436	-1387.8777	-1381.9846
17	17	-1214.925	-1212.5438	-1218.8433	2.3811471	-1211.8061	-1213.6625	-1208.4668
18	18	-807.9325	-803.90912	-809.8585	4.0233847	-804.47532	-806.09179	-800.19778
19	19	-692.22232	-645.5424	-651.37498	46.679913	-688.5752	-647.64463	-641.75077
20	20	-1439.0608	-1436.9868	-1443.0189	2.0739984	-1436.0679	-1439.588	-1433.7061
21	21	-1267.6472	-1267.1339	-1273.0677	0.51332012	-1264.5845	-1270.2211	-1264.3045
22	22	-1118.9558	-1111.3879	-1117.4163	7.567858	-1115.7435	-1114.3752	-1108.4794
23	23	-1215.0045	-1212.9173	-1218.9015	2.087185	-1211.8564	-1215.4648	-1209.7699
24	24	-1274.9506	-1274.72	-1279.8829	0.23065542	-1271.8728	-1276.6347	-1271.1999
25	25	-926.98177	-922.09844	-927.8667	4.8833302	-923.64617	-924.03072	-918.58652
26	26	-849.73398	-841.0973	-847.05367	8.6366804	-846.2967	-843.32727	-837.43416
27	27	-940.62145	-940.01659	-946.09209	0.60485743	-937.30302	-941.90923	-935.96819
28	28	-1327.0428	-1328.4004	-1334.4964	-1.3575285	-1323.99	-1331.3868	-1325.9874
29	29	-900.85921	-887.53513	-893.36106	13.324078	-897.47955	-890.16557	-884.27332
30	30	-1263.2892	-1247.1589	-1252.1813	16.130287	-1260.1847	-1249.3611	-1244.182
31	31	-1255.5209	-1228.3902	-1234.2657	27.130769	-1252.4425	-1231.2232	-1225.331
32	32	-1241.4545	-1240.6571	-1244.4423	0.79748331	-1238.3517	-1243.619	-1237.391
33	33	-890.22275	-859.73198	-865.64832	30.490763	-886.83363	-862.20895	-856.316
34	34	-982.80717	-980.35873	-986.27068	2.4484384	-979.51888	-983.15832	-977.34682
35	35	-917.62888	-894.44176	-900.35119	23.187115	-914.29555	-897.19521	-891.30225
36	36	-1170.9507	-1162.3232	-1168.1488	8.6274301	-1167.8085	-1165.1189	-1159.2259
37	37	-1035.7734	-1035.4741	-1041.4454	0.29932763	-1032.5239	-1039.1751	-1033.271
38	38	-1276.8008	-1261.1129	-1267.0714	15.687912	-1273.7228	-1264.0797	-1258.1838
39	39	-1757.9548	-1755.4606	-1760.9589	2.4941915	-1755.1003	-1758.3854	-1752.4906
40	40	-1436.8811	-1426.1256	-1431.9662	10.75546	-1433.909	-1429.0217	-1423.1294
41	41	-978.55865	-961.58055	-967.53236	16.978094	-975.24855	-964.33615	-958.44342
42	42	-1030.3052	-1030.573	-1036.538	-0.26781986	-1027.0513	-1033.5657	-1027.7745
43	43	-893.93062	-882.8394	-888.76747	11.09122	-890.53554	-885.4264	-879.53438
44	44	-1725.287	-1720.8046	-1726.8049	4.4823446	-1722.4296	-1723.692	-1717.8012
45	45	-1630.0944	-1615.8004	-1620.1897	14.293997	-1627.2068	-1617.771	-1612.9176
46	46	-1483.4462	-1477.012	-1483.1266	6.4341921	-1480.4713	-1480.3188	-1474.426
47	47	-1174.3059	-1173.5845	-1179.6648	0.72144452	-1171.1575	-1175.8605	-1169.9457
48	48	-934.30673	-935.47602	-941.58296	-1.1692862	-930.98557	-938.87593	-932.92497
49	49	-722.31645	-698.83258	-704.73138	23.483872	-718.7367	-700.97872	-695.0862
50	50	-901.59639	-885.78759	-891.09303	15.808797	-898.23379	-888.21614	-882.59521
51	51	-1381.4082	-1352.4522	-1358.3135	28.95595	-1378.3993	-1355.3924	-1349.4978
52	52	-1535.4214	-1535.4028	-1541.3443	0.018614337	-1532.5044	-1538.3483	-1532.3991
53	53	-1306.4201	-1297.6888	-1303.3554	8.7312611	-1303.3729	-1300.4151	-1294.5216
54	54	-1390.7614	-1388.7966	-1394.8911	1.9648672	-1387.7571	-1392.6222	-1386.7642
55	55	-607.47242	-603.07436	-609.01872	4.3980639	-603.74905	-604.22824	-599.01705
56	56	-1923.8504	-1920.9692	-1926.9233	2.8812605	-1921.109	-1924.0702	-1918.1779
57	57	-1260.4662	-1249.1465	-1255.1903	11.319707	-1257.3933	-1252.0651	-1246.1728
58	58	-1369.2867	-1361.2983	-1367.2638	7.9884149	-1366.267	-1364.2241	-1358.3331
59	59	-1428.2896	-1424.1027	-1430.3222	4.1869063	-1425.3074	-1427.2088	-1421.3169
60	60	-1120.3961	-1121.546	-1127.8332	-1.14995	-1117.1974	-1124.029	-1118.3494
61	61	-753.89011	-731.40174	-737.33207	22.48837	-750.33681	-733.59913	-727.70663
62	62	-1332.2591	-1332.0033	-1336.0868	0.25586412	-1329.2176	-1334.8936	-1328.5219
63	63	-1378.0503	-1364.3608	-1370.1256	13.689426	-1375.0478	-1367.1846	-1361.2925
64	64	-877.88223	-859.16334	-865.08436	18.718889	-874.494	-861.5554	-855.66407
65	65	-1079.7664	-1072.2209	-1078.1252	7.5455108	-1076.5557	-1074.7325	-1068.8394
66	66	-1443.7864	-1436.857	-1442.6871	6.9293964	-1440.8149	-1439.7081	-1433.8157
67	67	-1212.4025	-1208.5103	-1214.3932	3.8922367	-1209.2848	-1211.1525	-1205.2829
68	68	-1166.5362	-1158.4358	-1164.3993	8.1003847	-1163.4031	-1161.0364	-1155.1457
69	69	-1081.4279	-1071.7506	-1077.6749	9.6772836	-1078.2216	-1074.4784	-1068.5888
70	70	-1834.169	-1805.6614	-1811.5917	28.507675	-1831.3612	-1808.9112	-1803.0183
71	71	-978.36224	-964.60006	-970.53018	13.762179	-975.06978	-967.10348	-961.21072
72	72	-1147.2152	-1147.2347	-1153.2742	-0.019557657	-1144.076	-1150.0562	-1144.339
73	73	-1504.2754	-1501.2327	-1507.231	3.0426957	-1501.3241	-1503.9974	-1497.9575
74	74	-1197.6561	-1198.2241	-1204.2141	-0.56802807	-1194.5397	-1202.1173	-1196.2265
75	75	-1006.4328	-988.26161	-994.22602	18.171221	-1003.1648	-990.82826	-984.9359
76	76	-1285.9366	-1286.2211	-1292.1844	-0.28451874	-1282.8786	-1289.5786	-1283.6473
77	77	-1401.7849	-1396.0252	-1401.9633	5.7597451	-1398.7963	-1398.9721	-1393.0788
78	78	-1175.0338	-1155.1764	-1161.1217	19.857397	-1171.8823	-1158.0861	-1152.1914
79	79	-858.26765	-855.02803	-861.05518	3.2396204	-854.87841	-856.9147	-850.71682
80	80	-1278.516	-1257.8739	-1263.8011	20.642056	-1275.4209	-1260.6822	-1254.79
81	81	-1118.7024	-1102.9537	-1109.5135	15.748675	-1115.4962	-1106.1017	-1100.2077
82	82	-1172.2842	-1147.7872	-1153.6754	24.496991	-1169.1456	-1150.6507	-1144.7581
83	83	-1529.319	-1522.9487	-1529.0253	6.3702538	-1526.4068	-1526.0255	-1520.1331
84	84	-1197.8456	-1193.9696	-1199.3725	3.875977	-1194.7176	-1196.5169	-1190.3856
85	85	-951.02475	-941.5275	-947.46882	9.4972482	-947.72169	-944.14491	-938.25188
86	86	-850.15629	-848.97158	-855.00436	1.184715	-846.76745	-850.68292	-844.77021
87	87	-1278.5251	-1279.9443	-1286.052	-1.4192327	-1275.4552	-1283.3453	-1277.453
88	88	-1229.8458	-1227.6085	-1233.5235	2.2373579	-1226.7198	-1230.3363	-1224.3969
89	89	-1073.4809	-1072.0856	-1077.5705	1.3953651	-1070.2798	-1074.2695	-1068.3299
90	90	-1263.1919	-1257.9542	-1263.5191	5.2376877	-1260.1163	-1260.6652	-1254.7724
91	91	-1052.6353	-1049.2753	-1055.3398	3.360054	-1049.4182	-1051.4858	-1045.5575
92	92	-1352.7478	-1336.8734	-1342.5735	15.874466	-1349.7435	-1339.7542	-1333.8603
93	93	-1142.9118	-1126.5775	-1131.6442	16.334234	-1139.7266	-1128.6631	-1123.3307
94	94	-1849.7173	-1843.2535	-1849.34	6.4637205	-1846.9334	-1846.2851	-1840.3898
95	95	-893.73571	-888.47125	-894.4	5.2644539	-890.37292	-890.76057	-884.86714
96	96	-892.34464	-873.73334	-879.64657	18.6113	-888.94608	-876.11881	-870.22475
97	97	-1520.365	-1513.8776	-1519.781	6.4873694	-1517.3853	-1516.9879	-1511.0955
98	98	-1117.9082	-1094.5465	-1100.4921	23.361666	-1114.7137	-1097.2254	-1091.3311
99	99	-1457.3757	-1448.5009	-1454.5751	8.8748052	-1454.399	-1452.2591	-1446.3675
100	100	-1627.223	-1622.0246	-1627.9979	5.198374	-1624.34	-1624.9446	-1619.0505
101	101	-557.09171	-540.58945	-546.55734	16.502263	-553.27719	-543.05569	-537.16009
102	102	-924.04324	-911.65931	-917.59902	12.383929	-920.69622	-914.05581	-908.16367
103	103	-621.68163	-611.66387	-617.63694	10.017761	-617.99493	-613.61518	-607.72248
104	104	-1409.91	-1392.0239	-1396.6922	17.88612	-1406.9053	-1393.5849	-1389.1675
105	105	-1668.8309	-1659.6422	-1665.5533	9.1887228	-1665.927	-1662.7118	-1656.82
106	106	-1081.2814	-1054.2616	-1060.1466	27.019811	-1078.0659	-1056.9433	-1051.0505
107	107	-1698.5304	-1690.1881	-1696.0201	8.3423457	-1695.6863	-1693.3275	-1687.4348
108	108	-1236.7639	-1236.2162	-1242.3665	0.5477593	-1233.6581	-1238.739	-1232.9201
109	109	-959.35247	-944.95604	-950.8927	14.39643	-956.02496	-947.42543	-941.53236
110	110	-1288.6057	-1287.5393	-1293.6447	1.0663987	-1285.5547	-1291.2201	-1285.1627
111	111	-926.19749	-902.96881	-908.9123	23.228686	-922.84012	-905.44081	-899.54832
112	112	-685.60171	-676.83018	-682.78548	8.7715344	-682.00449	-678.84624	-672.95441
113	113	-1223.0361	-1221.6103	-1228.0357	1.4257857	-1219.8795	-1224.4228	-1218.1816
114	114	-1461.7014	-1455.0474	-1461.03	6.6540962	-1458.7544	-1457.9106	-1452.0182
115	115	-863.26936	-843.7917	-849.6842	19.477659	-859.86972	-846.4829	-840.58975
116	116	-1075.6347	-1076.6684	-1082.6343	-1.0336898	-1072.425	-1080.3149	-1074.4237
117	117	-905.91339	-885.08306	-890.84482	20.83033	-902.5332	-887.50062	-881.60738
118	118	-1367.6646	-1366.1523	-1372.0216	1.5123647	-1364.6312	-1369.214	-1363.268
119	119	-1349.9502	-1347.2871	-1353.3265	2.6631599	-1346.9329	-1349.9353	-1344.1575
120	120	-993.76748	-977.31589	-983.05438	16.451597	-990.47129	-979.83249	-973.94028
121	121	-1104.0494	-1094.0392	-1099.7945	10.010192	-1100.839	-1096.8641	-1090.971
122	122	-2122.8335	-2118.2594	-2124.2359	4.5741378	-2120.169	-2121.0937	-2115.1977
123	123	-803.66392	-779.59013	-785.50524	24.073797	-800.19416	-781.91324	-776.02106
124	124	-1371.0716	-1371.135	-1377.3269	-0.063374047	-1368.0537	-1373.9511	-1368.0924
125	125	-1128.0655	-1109.1727	-1115.0097	18.892839	-1124.8587	-1111.8429	-1105.9524
126	126	-736.49298	-721.95632	-727.93434	14.536654	-732.92657	-724.80123	-718.90877
127	127	-720.71252	-700.31453	-706.29971	20.397986	-717.159	-702.92594	-697.03418
128	128	-831.72912	-811.70699	-817.62302	20.022131	-828.29316	-814.06747	-808.17631
129	129	-1011.8488	-1000.4446	-1006.4257	11.404245	-1008.5706	-1003.2751	-997.38021
130	130	-993.12171	-974.3876	-980.33301	18.734104	-989.82548	-976.90899	-971.01699
131	131	-1181.2402	-1174.8087	-1180.8188	6.4314358	-1178.0969	-1177.6014	-1171.7115
132	132	-1602.4083	-1602.8697	-1608.8528	-0.46140812	-1599.5279	-1605.3408	-1598.8041
133	133	-1037.7121	-1031.1912	-1037.1841	6.5209482	-1034.4462	-1033.9146	-1028.0223
134	134	-1234.9983	-1225.6334	-1231.56	9.3648982	-1231.9029	-1228.3602	-1222.4681
135	135	-1023.4513	-999.5369	-1005.4548	23.914385	-1020.173	-1002.344	-996.45239
136	136	-1381.302	-1382.0228	-1387.967	-0.72076136	-1378.2735	-1385.7614	-1379.8783
137	137	-837.1246	-811.25875	-817.18978	25.865849	-833.68052	-813.63126	-807.73737
138	138	-1087.2954	-1075.0736	-1081.0507	12.221826	-1084.0594	-1077.609	-1071.7185
139	139	-1887.7013	-1875.3231	-1881.2949	12.378181	-1884.9549	-1878.5247	-1872.6319
140	140	-1173.7352	-1165.0265	-1170.995	8.7087145	-1170.5919	-1168.034	-1162.1403
141	141	-944.32615	-927.11905	-933.05448	17.207102	-940.98838	-929.5858	-923.69338
142	142	-879.59078	-878.17172	-884.29168	1.4190572	-876.19391	-880.11259	-873.95279
143	143	-1189.4105	-1185.3834	-1190.9665	4.0271324	-1186.2504	-1187.925	-1182.0277
144	144	-1023.8147	-1020.2162	-1025.156	3.5984808	-1020.5664	-1021.9146	-1016.7824
145	145	-819.123	-789.48144	-795.40736	29.641563	-815.66104	-791.86676	-785.97425
146	146	-1002.6899	-1000.7301	-1006.6633	1.959714	-999.40196	-1002.5119	-997.03119
147	147	-1308.6073	-1292.6242	-1298.5697	15.983091	-1305.5289	-1295.7337	-1289.839
148	148	-886.37754	-883.32329	-889.06825	3.054248	-882.98909	-884.84176	-879.20577
149	149	-1478.417	-1476.3468	-1482.4293	2.0701695	-1475.4553	-1479.3254	-1473.3567
150	150	-1014.6806	-1006.49	-1012.3891	8.1905837	-1011.4259	-1008.9519	-1003.06
151	151	-1062.9399	-1052.7711	-1058.5453	10.168791	-1059.7075	-1055.4983	-1049.6088
152	152	-1163.8241	-1157.4475	-1163.4096	6.3766767	-1160.6718	-1160.0473	-1154.1531
153	153	-735.38584	-711.22433	-717.13652	24.161512	-731.81516	-713.93	-708.03491
154	154	-798.81164	-786.68206	-792.64646	12.129579	-795.34971	-788.92732	-783.03362
155	155	-1631.3427	-1620.7355	-1626.6879	10.607284	-1629.1577	-1624.6068	-1618.7137
156	156	-1055.6448	-1024.6718	-1030.5531	30.97304	-1052.4036	-1027.5244	-1021.6306
157	157	-834.40662	-830.52564	-836.51587	3.8809788	-830.98521	-832.84577	-827.2149
158	158	-973.53935	-967.02693	-972.99724	6.5124202	-970.2491	-969.43007	-963.53664
159	159	-1798.487	-1799.0877	-1805.0841	-0.60072751	-1795.6849	-1802.6919	-1796.6442
160	160	-776.57988	-768.84119	-774.78485	7.7386858	-773.04231	-771.27418	-765.38379
161	161	-1132.0651	-1120.6966	-1126.6743	11.368477	-1128.8912	-1123.5046	-1117.6132
162	162	-762.31631	-736.97022	-742.90683	25.346085	-758.78707	-739.22748	-733.33388
163	163	-1198.9876	-1199.7542	-1205.6079	-0.76659723	-1195.8295	-1202.5371	-1197.4777
164	164	-1250.2831	-1249.5016	-1255.4595	0.78149231	-1247.1997	-1252.0012	-1246.1967
165	165	-1154.4632	-1151.9533	-1153.211	2.5099349	-1151.312	-1148.9151	-1148.4239
166	166	-873.47977	-872.38081	-878.58529	1.098963	-870.10483	-874.10887	-868.16292
167	167	-1520.4463	-1521.0041	-1524.7972	-0.55782196	-1517.5027	-1523.8361	-1518.3066
168	168	-1528.3837	-1527.1045	-1533.2673	1.2792266	-1525.4499	-1530.1645	-1524.04
169	169	-1331.1278	-1318.7137	-1324.7167	12.414082	-1328.0944	-1321.5243	-1315.6317
170	170	-1028.7656	-1013.379	-1019.3388	15.386599	-1025.5219	-1015.9299	-1010.0375
171	171	-955.78228	-951.21961	-957.11205	4.5626659	-952.44518	-954.00131	-948.08263
172	172	-1689.584	-1672.4921	-1678.4325	17.091908	-1686.7377	-1675.5859	-1669.6947
173	173	-885.79385	-866.74314	-872.67046	19.050708	-882.38511	-869.37452	-863.47908
174	174	-1062.1453	-1024.927	-1030.86	37.21832	-1058.8837	-1027.518	-1021.6245
175	175	-980.10612	-947.67909	-953.53079	32.427029	-976.80897	-950.198	-944.30458
176	176	-1172.7174	-1159.5514	-1165.3314	13.166048	-1169.5334	-1162.3446	-1156.4532
177	177	-894.16088	-878.05132	-883.56201	16.10956	-890.78288	-880.74839	-874.85459
178	178	-1134.9099	-1136.0464	-1141.9979	-1.1364665	-1131.7899	-1139.1618	-1133.4802
179	179	-1334.6238	-1315.335	-1321.3123	19.288761	-1331.5562	-1318.143	-1312.2499
180	180	-1500.957	-1501.534	-1507.6288	-0.5769969	-1498.0012	-1503.6304	-1497.9289
181	181	-1092.925	-1090.1035	-1095.8525	2.8214932	-1089.7305	-1092.1901	-1086.3599
182	182	-911.5752	-910.59497	-916.61273	0.98023167	-908.23354	-912.30625	-906.42298
183	183	-995.48197	-993.19393	-998.60664	2.2880458	-992.20164	-994.09256	-989.5616
184	184	-1477.9583	-1469.7157	-1475.698	8.2425806	-1475.0004	-1472.5425	-1466.6501
185	185	-1386.7124	-1374.6694	-1380.5453	12.04299	-1383.7029	-1377.508	-1371.6159
186	186	-1459.6874	-1459.2418	-1465.3438	0.44563657	-1456.731	-1462.0015	-1456.0083
187	187	-1151.6125	-1135.9546	-1141.9177	15.657901	-1148.4226	-1138.7432	-1132.8514
188	188	-1319.2003	-1312.5026	-1318.2281	6.6977164	-1316.1533	-1315.415	-1309.5175
189	189	-982.1967	-960.09115	-966.00342	22.105549	-978.87935	-962.84441	-956.95031
190	190	-1632.3345	-1632.8557	-1636.9588	-0.52119644	-1629.4321	-1636.5075	-1630.6148
191	191	-1079.9477	-1076.8826	-1082.5428	3.0651681	-1076.7347	-1079.4632	-1073.1311
192	192	-1422.3384	-1416.6841	-1422.5624	5.6542925	-1419.34	-1421.0234	-1414.8409
193	193	-1002.1504	-993.2502	-999.24285	8.9002279	-998.85417	-995.89859	-990.0062
194	194	-1351.632	-1342.1075	-1343.4193	9.524543	-1348.59	-1340.1619	-1339.4486
195	195	-1171.8056	-1170.912	-1176.8257	0.89364016	-1168.6433	-1173.1395	-1167.2593
196	196	-1389.3936	-1383.1236	-1389.0992	6.2699546	-1386.3788	-1386.0394	-1380.147
197	197	-1375.4528	-1376.5174	-1382.4443	-1.0645843	-1372.442	-1379.8076	-1373.8232
198	198	-869.64143	-861.5604	-867.59679	8.0810301	-866.22229	-863.81582	-857.923
199	199	-884.51142	-886.07697	-891.76949	-1.5655448	-881.15469	-889.04484	-883.15228
200	200	-1141.0451	-1123.3894	-1129.1346	17.655737	-1137.8913	-1126.2854	-1120.3947
201	201	-1282.4812	-1283.3314	-1289.2179	-0.85017983	-1279.4158	-1286.0838	-1280.1857
202	202	-881.45893	-875.87082	-881.81116	5.588111	-878.05847	-878.17067	-872.27668
203	203	-1029.9258	-1019.5207	-1025.5274	10.405023	-1026.6732	-1022.019	-1016.1257
204	204	-1033.4553	-1025.5848	-1031.5065	7.8705366	-1030.2049	-1028.0628	-1022.1711
205	205	-1426.3933	-1416.7225	-1422.693	9.6708162	-1423.3837	-1419.5518	-1413.6599
206	206	-1442.4998	-1422.8381	-1428.7646	19.661686	-1439.5298	-1426.3179	-1420.4251
207	207	-1364.4236	-1363.2942	-1369.4128	1.1293431	-1361.4134	-1365.8317	-1359.9206
208	208	-961.40519	-956.09318	-962.02738	5.3120058	-958.06973	-958.2835	-953.26214
209	209	-1203.213	-1195.3175	-1201.3243	7.8955851	-1200.0842	-1197.9361	-1192.044
210	210	-1187.0885	-1166.9596	-1172.8728	20.128993	-1183.9359	-1170.0172	-1164.1253
211	211	-1056.827	-1038.5728	-1044.4939	18.254227	-1053.5716	-1041.5742	-1035.6818
212	212	-1093.6798	-1066.8627	-1072.7716	26.817109	-1090.4612	-1069.5282	-1063.6358
213	213	-829.43187	-811.72963	-817.67276	17.70225	-825.95922	-814.0122	-808.12018
214	214	-828.014	-771.14082	-777.02739	56.873174	-824.5338	-773.49184	-767.59919
215	215	-794.99073	-776.45072	-782.39436	18.540005	-791.48011	-778.69882	-772.80699
216	216	-977.56087	-968.54836	-974.53457	9.0125146	-974.25974	-971.2384	-965.34511
217	217	-2054.7644	-2033.4886	-2039.377	21.275765	-2052.0618	-2036.7996	-2030.9064
218	218	-1306.5931	-1304.8471	-1310.631	1.7460212	-1303.5299	-1307.4674	-1301.5897
219	219	-1149.4822	-1140.7188	-1146.6871	8.7634054	-1146.3239	-1143.2859	-1137.395
220	220	-1038.1395	-1017.6505	-1023.531	20.488975	-1034.8921	-1020.2279	-1014.3371
221	221	-644.31616	-628.00167	-633.97353	16.314488	-640.63723	-630.02256	-624.12811
222	222	-963.04117	-960.75073	-966.78675	2.2904487	-959.74095	-962.97837	-957.01572
223	223	-1735.306	-1731.2922	-1732.6481	4.013785	-1732.4643	-1731.3558	-1728.3455
224	224	-1841.9472	-1839.8231	-1845.4251	2.124117	-1839.1517	-1842.8483	-1836.9368
225	225	-998.55685	-990.54355	-996.45224	8.0133042	-995.29543	-992.99838	-987.10656
226	226	-1819.9308	-1818.3	-1824.1622	1.6308059	-1817.1413	-1821.1839	-1815.3862
227	227	-1868.3002	-1868.6517	-1874.8454	-0.35148235	-1865.5571	-1872.032	-1866.0729
228	228	-1030.2142	-1031.0362	-1037.1037	-0.82197517	-1026.9821	-1033.3356	-1027.6261
229	229	-1345.4428	-1339.0826	-1344.9751	6.3602274	-1342.4076	-1341.9657	-1336.0732
230	230	-1182.4943	-1178.4167	-1181.7193	4.0775983	-1179.3275	-1177.7824	-1174.8657
231	231	-848.28816	-825.35557	-831.28744	22.932593	-844.8482	-827.72395	-821.83143
232	232	-1216.2861	-1206.2185	-1212.1668	10.067599	-1213.1699	-1208.9167	-1203.0236
233	233	-932.77771	-925.42792	-931.43677	7.3497949	-929.4437	-928.04419	-922.1506
234	234	-1524.3407	-1515.9255	-1521.9279	8.4152326	-1521.413	-1518.8277	-1512.9346
235	235	-1392.4105	-1378.3091	-1383.779	14.101411	-1389.3928	-1381.1677	-1375.2767
236	236	-657.47341	-647.92614	-653.90038	9.54727	-653.82189	-649.88885	-643.99687
237	237	-1631.1678	-1629.1412	-1635.1392	2.0265424	-1628.2937	-1632.932	-1627.0581
238	238	-1540.5445	-1518.1515	-1524.0754	22.392997	-1537.6267	-1521.512	-1515.6197
239	239	-1126.2259	-1100.1696	-1106.0846	26.056244	-1123.0234	-1102.8509	-1096.9582
240	240	-1736.9083	-1737.3456	-1742.1112	-0.43733348	-1734.4974	-1740.9664	-1735.1097
241	241	-1124.7147	-1109.1372	-1115.0601	15.577534	-1121.5485	-1111.8074	-1105.9127
242	242	-1225.4328	-1226.0831	-1232.0137	-0.65037385	-1222.3677	-1228.9514	-1223.0731
243	243	-1918.1472	-1914.9451	-1920.8096	3.2020614	-1915.5532	-1918.5219	-1912.5992
244	244	-943.01896	-939.3849	-945.51141	3.6340566	-939.70175	-941.89447	-935.62031
245	245	-1019.1714	-1017.4458	-1023.621	1.7256317	-1015.9199	-1019.4345	-1013.5559
246	246	-1396.8602	-1391.2227	-1397.2492	5.6374625	-1393.8625	-1393.9559	-1388.0644
247	247	-926.95302	-922.2764	-928.22649	4.6766155	-923.61863	-924.63847	-918.74731
248	248	-1377.7412	-1369.6732	-1375.6262	8.0680804	-1374.725	-1372.4834	-1366.5919
249	249	-1241.7088	-1236.3159	-1242.227	5.3929149	-1238.5939	-1238.9014	-1233.0317
250	250	-837.61976	-828.74361	-834.75022	8.8761502	-834.19715	-831.05251	-825.15977
251	251	-969.38157	-964.488	-970.20652	4.893571	-966.08303	-967.27808	-961.42119
252	252	-1277.298	-1261.4699	-1267.3912	15.828113	-1274.2002	-1264.2181	-1258.3255
253	253	-1120.5878	-1121.7915	-1127.6611	-1.2037333	-1117.4358	-1125.3259	-1119.4332
254	254	-1728.364	-1729.3673	-1735.8263	-1.003293	-1725.5098	-1732.5912	-1726.9818
255	255	-1364.0786	-1349.508	-1355.4372	14.570657	-1361.0394	-1352.5034	-1346.6093
256	256	-1749.6567	-1747.9384	-1754.2508	1.7183337	-1746.7913	-1750.6199	-1745.327
257	257	-1419.4808	-1405.7039	-1411.0633	13.776943	-1416.4638	-1408.5071	-1402.6563
258	258	-855.1245	-820.14192	-826.00131	34.982582	-851.69727	-822.54332	-816.65106
259	259	-1212.5928	-1213.1848	-1219.1008	-0.59203877	-1209.4828	-1214.1563	-1208.1988
260	260	-1206.5867	-1207.1217	-1212.5562	-0.53501135	-1203.4486	-1210.7625	-1205.1289
261	261	-2070.4222	-2065.3752	-2071.2185	5.0470399	-2067.671	-2068.4914	-2062.5981
262	262	-1428.2229	-1426.1278	-1432.2439	2.0950739	-1425.2422	-1428.7282	-1422.9225
263	263	-1124.9417	-1101.1737	-1107.1067	23.768033	-1121.7546	-1104.0312	-1098.1391
264	264	-1482.5949	-1462.3731	-1467.0344	20.221815	-1479.6512	-1464.3086	-1459.4503
265	265	-1532.6601	-1507.4223	-1513.3694	25.23779	-1529.6995	-1510.4479	-1504.5557
266	266	-1286.3423	-1279.3995	-1284.5507	6.9427817	-1283.2574	-1281.9447	-1276.1184
267	267	-1076.2201	-1071.2777	-1076.9378	4.9423938	-1073.013	-1073.7338	-1067.841
268	268	-1279.6575	-1279.5165	-1285.5309	0.14107253	-1276.6026	-1282.0786	-1276.1841
269	269	-915.82299	-910.80142	-914.30372	5.0215619	-912.4544	-910.57481	-907.22947
270	270	-788.50978	-756.98708	-762.86299	31.522699	-785.00466	-759.58251	-753.69117
271	271	-1113.8834	-1113.2744	-1119.6371	0.60895413	-1110.7038	-1116.1303	-1110.2842
272	272	-1170.3523	-1163.2189	-1169.2355	7.1334443	-1167.2008	-1166.2342	-1160.3406
273	273	-1469.6789	-1462.8718	-1468.8319	6.8070932	-1466.7331	-1465.8858	-1459.9932
274	274	-1173.0519	-1170.6782	-1176.7116	2.3736959	-1169.928	-1173.0744	-1167.3032
275	275	-963.57836	-954.62096	-958.56837	8.9574006	-960.27481	-955.137	-951.1507
276	276	-707.19897	-705.89718	-711.82393	1.3017829	-703.62396	-707.43421	-702.0685
277	277	-1268.3141	-1259.0607	-1265.0114	9.2534044	-1265.2283	-1261.9487	-1256.0544
278	278	-1192.5685	-1182.4007	-1188.3812	10.167795	-1189.4572	-1185.2287	-1179.3349
279	279	-876.1074	-856.7657	-862.69667	19.341697	-872.68795	-859.13645	-853.24341
280	280	-1459.8381	-1440.5883	-1446.0567	19.249852	-1456.8529	-1443.5035	-1437.6522
281	281	-975.08451	-956.28569	-962.2367	18.798822	-971.79642	-958.80486	-952.91348
282	282	-1137.5382	-1134.7521	-1140.7705	2.7860385	-1134.3532	-1137.003	-1131.0727
283	283	-1213.5175	-1203.5845	-1209.5548	9.9329545	-1210.3942	-1206.2722	-1200.3806
284	284	-1344.346	-1327.5692	-1333.5048	16.776782	-1341.2799	-1330.8148	-1324.9218
285	285	-1623.4739	-1622.6695	-1628.1457	0.80439139	-1620.6046	-1625.3834	-1619.5867
286	286	-1153.8106	-1144.7657	-1150.7006	9.044912	-1150.6447	-1147.606	-1141.7148
287	287	-653.02801	-637.14743	-643.07124	15.880583	-649.37496	-639.18003	-633.28812
288	288	-1183.4328	-1168.8906	-1174.8785	14.542259	-1180.3203	-1171.6297	-1165.7349
289	289	-1425.8079	-1412.8453	-1418.8418	12.962538	-1422.8172	-1415.7256	-1409.836
290	290	-843.91825	-815.70415	-821.6236	28.214103	-840.51857	-818.14388	-812.25198
291	291	-999.94619	-983.89296	-989.83029	16.053223	-996.66042	-986.43387	-980.54207
292	292	-1624.884	-1604.0043	-1609.945	20.879732	-1621.9739	-1607.0327	-1601.1406
293	293	-1002.3688	-993.8447	-999.83047	8.5241231	-999.07843	-996.27696	-990.38419
294	294	-655.23071	-642.35621	-648.29573	12.874499	-651.58784	-644.3939	-638.50041
295	295	-1149.5307	-1147.9956	-1153.528	1.5351796	-1146.3768	-1149.5644	-1144.0395
296	296	-1370.4388	-1357.879	-1363.8649	12.559791	-1367.4122	-1360.8582	-1354.966
297	297	-1193.5083	-1194.785	-1200.9944	-1.2766606	-1190.3879	-1197.9133	-1191.9801
298	298	-1201.1335	-1180.0318	-1185.9552	21.101693	-1198.0185	-1182.8005	-1176.9106
299	299	-1156.9544	-1152.7622	-1158.739	4.1921696	-1153.8056	-1155.2896	-1149.3133
300	300	-1582.9873	-1580.4278	-1584.2665	2.5594747	-1580.0887	-1582.5309	-1577.2622
301	301	-864.30752	-851.02948	-856.98997	13.278036	-860.90892	-853.3667	-847.47264
302	302	-1397.5773	-1398.6303	-1403.3802	-1.0530083	-1394.5679	-1400.2014	-1396.073
303	303	-1151.1443	-1150.96	-1156.8828	0.1843575	-1147.9994	-1153.6775	-1147.7083
304	304	-1197.1539	-1198.2735	-1204.1834	-1.1196573	-1193.9995	-1201.4471	-1195.8188
305	305	-786.92197	-784.2352	-790.16161	2.6867643	-783.40836	-786.74425	-780.12853
306	306	-1302.0523	-1286.5378	-1292.4642	15.514544	-1298.9857	-1289.3391	-1283.447
307	307	-1664.222	-1663.3103	-1669.6119	0.91171743	-1661.3487	-1665.4316	-1660.4671
308	308	-1290.7805	-1277.7244	-1283.678	13.056063	-1287.7132	-1280.495	-1274.6032
309	309	-787.17392	-760.19193	-766.12052	26.981988	-783.68802	-762.50812	-756.61621
310	310	-671.33865	-649.76265	-655.68431	21.575997	-667.7081	-651.87279	-645.9788
311	311	-1542.9089	-1541.2809	-1546.7891	1.6280094	-1539.9818	-1543.6332	-1538.4928
312	312	-901.77339	-893.97313	-899.934	7.8002626	-898.41336	-896.30292	-890.41138
313	313	-1134.7707	-1128.2018	-1134.2685	6.5689021	-1131.6024	-1130.7767	-1124.8827
314	314	-1283.2692	-1283.195	-1288.4805	0.074251355	-1280.2179	-1284.9133	-1279.7939
315	315	-1050.2099	-1051.3369	-1056.6678	-1.1269548	-1046.9691	-1052.2735	-1048.0651
316	316	-1032.2468	-1013.9626	-1019.9229	18.284274	-1028.9639	-1016.6857	-1010.7925
317	317	-1254.4284	-1246.9117	-1252.9195	7.5166634	-1251.3149	-1249.5724	-1243.6796
318	318	-1182.3349	-1182.8079	-1188.7463	-0.47305526	-1179.1933	-1185.3559	-1179.311
319	319	-1766.5805	-1755.9861	-1761.7957	10.59444	-1763.7045	-1759.0314	-1753.1379
320	320	-1375.446	-1359.171	-1365.1131	16.275027	-1372.4351	-1362.1722	-1356.2792
321	321	-1035.1679	-1032.6558	-1038.7783	2.5121648	-1031.9202	-1035.3882	-1029.3204
322	322	-1884.471	-1871.1556	-1877.085	13.315355	-1881.6625	-1874.5628	-1868.6713
323	323	-663.14243	-647.10504	-652.98316	16.037388	-659.47721	-649.11482	-643.22027
324	324	-1520.5133	-1520.4114	-1526.7118	0.10186592	-1517.5742	-1523.4259	-1517.3527
325	325	-1229.142	-1225.6231	-1231.4454	3.5188258	-1226.037	-1228.1844	-1222.1604
326	326	-1461.8407	-1461.2266	-1466.8401	0.61409638	-1458.8226	-1464.086	-1458.2117
327	327	-844.94422	-841.91828	-847.87416	3.0259392	-841.50703	-845.20242	-838.93596
328	328	-1477.2491	-1469.8839	-1476.1251	7.3652078	-1474.271	-1472.9724	-1467.0803
329	329	-988.95856	-977.31838	-983.26927	11.640179	-985.65671	-980.04003	-974.1473
330	330	-860.3641	-849.508	-855.40413	10.856102	-856.95593	-851.80008	-845.90787
331	331	-1057.1098	-1037.3156	-1043.2418	19.794208	-1053.8899	-1039.9404	-1034.0475
332	332	-619.7088	-609.08272	-614.99171	10.626074	-615.98498	-610.97291	-605.08102
333	333	-1161.9265	-1155.7042	-1161.5517	6.2222189	-1158.7713	-1158.2687	-1152.3771
334	334	-1359.7045	-1354.86	-1360.609	4.8445125	-1356.7046	-1358.1674	-1352.282
335	335	-1083.3154	-1060.8534	-1066.8075	22.461938	-1080.0951	-1063.5127	-1057.6197
336	336	-996.66739	-984.95259	-990.90554	11.714796	-993.37438	-987.62709	-981.73697
337	337	-1705.4096	-1695.7649	-1701.4725	9.6446744	-1702.573	-1698.7854	-1692.8899
338	338	-1393.2338	-1387.2838	-1393.2298	5.9499468	-1390.2213	-1390.134	-1384.2439
339	339	-847.2988	-818.67755	-824.62323	28.621248	-843.85975	-821.06989	-815.17768
340	340	-987.84446	-950.62865	-956.46967	37.215803	-984.51284	-953.13247	-947.2398
341	341	-1130.5758	-1123.8867	-1129.5912	6.6891863	-1127.4174	-1126.6879	-1120.7953
342	342	-915.70104	-892.12509	-898.03535	23.575941	-912.32813	-894.57985	-888.68643
343	343	-642.62627	-642.87729	-648.87496	-0.25101282	-638.96439	-644.31828	-638.25651
344	344	-2090.1939	-2085.5345	-2091.8017	4.6594341	-2087.5434	-2089.1521	-2083.2601
345	345	-820.59623	-821.90709	-827.78528	-1.3108588	-817.14991	-824.18615	-818.6081
346	346	-1206.7689	-1208.177	-1214.1314	-1.4080951	-1203.6703	-1211.5602	-1205.6677
347	347	-1182.7894	-1147.4392	-1153.4107	35.350159	-1179.6401	-1150.2649	-1144.3736
348	348	-732.05273	-721.52706	-727.46706	10.525669	-728.50179	-723.64344	-717.75112
349	349	-991.00925	-988.5612	-994.40198	2.4480491	-987.72723	-990.69823	-984.75595
350	350	-1013.3215	-992.76643	-998.67205	20.555035	-1010.0634	-995.52448	-989.63291
351	351	-1093.8826	-1094.0788	-1099.7598	-0.19615714	-1090.6945	-1096.4111	-1090.5061
352	352	-1580.0723	-1568.4922	-1574.5104	11.580111	-1577.3489	-1572.0069	-1566.1149
353	353	-1564.311	-1544.183	-1550.1076	20.127975	-1561.3703	-1547.8484	-1541.9543
354	354	-1579.302	-1580.4727	-1586.8705	-1.1706504	-1577.1889	-1584.9492	-1579.0791
355	355	-1744.9871	-1735.7177	-1741.8291	9.2694638	-1742.1644	-1738.8633	-1732.9708
356	356	-1035.4689	-1031.2765	-1037.2725	4.1923322	-1032.2022	-1034.028	-1027.6084
357	357	-568.97226	-553.33145	-559.3248	15.640817	-565.16012	-555.18147	-549.28918
358	358	-1074.3446	-1075.6484	-1081.6086	-1.3037961	-1071.1071	-1078.9972	-1073.1051
359	359	-1937.6778	-1930.9358	-1936.8026	6.7420498	-1935.2474	-1934.0542	-1928.1626
360	360	-1072.5374	-1069.1958	-1074.9425	3.3416263	-1069.307	-1071.9113	-1065.5782
361	361	-1215.8872	-1214.782	-1220.7989	1.1051182	-1212.7689	-1217.555	-1211.7409
362	362	-1599.3217	-1588.8331	-1594.7738	10.488662	-1596.3897	-1591.7867	-1585.8938
363	363	-953.61064	-933.95427	-939.88413	19.656373	-950.29091	-936.44774	-930.55657
364	364	-1624.5418	-1625.306	-1631.4433	-0.76417101	-1621.6306	-1629.5209	-1623.629
365	365	-1709.0315	-1689.8303	-1695.8081	19.201173	-1706.1765	-1692.9339	-1687.0413
366	366	-1011.7131	-992.98226	-998.87121	18.730885	-1008.4391	-995.53305	-989.6404
367	367	-683.58271	-662.38866	-668.32519	21.194046	-679.95594	-664.49173	-658.60012
368	368	-1436.5024	-1436.8608	-1442.1006	-0.35838787	-1433.5152	-1438.8943	-1433.8115
369	369	-1626.9522	-1619.6864	-1625.19	7.2657839	-1624.0948	-1623.0813	-1617.1902
370	370	-886.6125	-870.71919	-875.64739	15.893306	-883.21448	-872.04727	-867.19269
371	371	-1820.4218	-1819.2363	-1825.127	1.1854687	-1817.6149	-1822.4113	-1816.4406
372	372	-1090.9277	-1066.3925	-1072.3237	24.535195	-1087.6912	-1069.1871	-1063.2943
373	373	-1340.6646	-1325.7768	-1331.8027	14.887808	-1337.6096	-1328.6136	-1322.7211
374	374	-932.33418	-887.82059	-893.71095	44.513589	-928.97377	-890.36412	-884.47223
375	375	-1743.7135	-1740.12	-1746.039	3.5935138	-1740.9088	-1743.4704	-1737.5593
376	376	-1277.6699	-1277.3656	-1283.3908	0.30424901	-1274.5737	-1279.9081	-1273.9961
377	377	-958.30909	-940.87082	-946.81656	17.438271	-954.95971	-943.31236	-937.42027
378	378	-1129.1082	-1129.0121	-1134.9868	0.096096456	-1125.9487	-1131.9157	-1126.1654
379	379	-1306.5564	-1308.0998	-1314.0063	-1.5433845	-1303.499	-1310.8572	-1305.4966
380	380	-1615.5329	-1614.6051	-1619.8054	0.92782837	-1612.6289	-1616.5692	-1611.3635
381	381	-1234.0673	-1192.4367	-1198.3455	41.630616	-1230.9625	-1195.2803	-1189.3893
382	382	-1071.0831	-1067.7261	-1073.6893	3.3569114	-1067.8542	-1070	-1064.2227
383	383	-1603.2597	-1602.5335	-1608.5251	0.72620042	-1600.3846	-1605.3845	-1599.426
384	384	-1671.525	-1664.5951	-1670.3239	6.9299118	-1668.6506	-1667.5433	-1661.6492
385	385	-1304.4826	-1304.8261	-1310.8933	-0.34353629	-1301.4365	-1308.4215	-1302.3242
386	386	-1106.3489	-1077.1439	-1083.0267	29.205024	-1103.1601	-1079.8675	-1073.9762
387	387	-1150.4801	-1137.18	-1143.1376	13.300107	-1147.3174	-1139.8242	-1133.9318
388	388	-1326.4941	-1326.3284	-1332.2273	0.165684	-1323.4572	-1329.1689	-1323.299
389	389	-1483.6168	-1475.0316	-1481.0525	8.5851782	-1480.6679	-1477.9754	-1472.0823
390	390	-1661.8924	-1658.5401	-1664.476	3.3522664	-1659.0262	-1661.4957	-1655.5913
391	391	-1584.1359	-1579.9645	-1585.6809	4.171399	-1581.2382	-1583.0111	-1577.1197
392	392	-1135.473	-1126.9627	-1132.8985	8.5103479	-1132.2892	-1129.5674	-1123.6717
393	393	-1304.4239	-1292.7554	-1298.6849	11.668416	-1301.3471	-1296.0304	-1290.1383
394	394	-1125.8214	-1119.3627	-1125.1284	6.4586449	-1122.65	-1121.9446	-1116.0528
395	395	-1021.6447	-1020	-1026.2184	1.6446378	-1018.4094	-1022.0145	-1016.1389
396	396	-1317.9747	-1311.1712	-1317.1418	6.8034911	-1314.9354	-1314.0862	-1308.1938
397	397	-734.44384	-714.63588	-720.02097	19.80796	-730.89222	-716.8158	-710.92528
398	398	-1617.6164	-1617.6348	-1623.564	-0.018384194	-1614.7364	-1620.6146	-1614.7487
399	399	-1171.7805	-1165.4303	-1171.4287	6.3502956	-1168.626	-1168.0513	-1162.1578
400	400	-1700.4273	-1694.1236	-1699.7328	6.303705	-1697.5584	-1697.0408	-1691.1486
401	401	-1243.2909	-1235.8555	-1241.7846	7.4354095	-1240.1849	-1238.4905	-1232.5973
402	402	-1490.4258	-1491.167	-1497.8625	-0.7412027	-1487.4828	-1493.9995	-1488.967
403	403	-919.03647	-916.14127	-922.09388	2.8952014	-915.66287	-918.62083	-912.00997
404	404	-1213.7429	-1205.4588	-1211.3724	8.2840852	-1210.6046	-1208.2935	-1202.3988
405	405	-1415.3503	-1414.7406	-1420.688	0.60973811	-1412.3542	-1417.5696	-1411.6769
406	406	-1093.2629	-1076.9491	-1082.9025	16.313778	-1090.0386	-1079.7405	-1073.8472
407	407	-1033.0482	-1009.7778	-1015.6696	23.270347	-1029.7777	-1012.3582	-1006.4656
408	408	-1006.1026	-1007.0475	-1013.0141	-0.94487375	-1002.8336	-1008.8905	-1003.5186
409	409	-1172.4134	-1161.7542	-1167.6993	10.659139	-1169.2509	-1164.3963	-1158.5039
410	410	-1330.8092	-1322.3671	-1328.4359	8.442041	-1327.7814	-1325.343	-1319.4508
411	411	-1243.8725	-1240.2153	-1246.281	3.6572091	-1240.7763	-1242.8524	-1236.9594
412	412	-1065.5524	-1063.7386	-1069.5939	1.8137796	-1062.3328	-1065.9426	-1060.2654
413	413	-1090.7868	-1061.2404	-1067.1238	29.546366	-1087.5626	-1063.8973	-1058.0042
414	414	-1351.2111	-1350.3544	-1355.7129	0.85666131	-1348.1878	-1352.868	-1346.782
415	415	-1368.5035	-1358.0109	-1363.9699	10.492609	-1365.472	-1360.7846	-1354.8917
416	416	-952.99953	-940.60021	-946.52958	12.399318	-949.66146	-943.40071	-937.50902
417	417	-914.78058	-904.27602	-910.22945	10.50456	-911.40983	-906.92667	-901.03431
418	418	-1994.08	-1987.2436	-1993.2656	6.8363964	-1991.3886	-1990.6248	-1984.729
419	419	-1108.5794	-1101.8844	-1107.1362	6.6949971	-1105.4128	-1104.2078	-1098.5542
420	420	-956.63563	-942.14643	-948.08296	14.4892	-953.30136	-944.59828	-938.70672
421	421	-1200.1198	-1189.9845	-1195.995	10.13525	-1196.9902	-1192.6709	-1186.776
422	422	-1641.3396	-1642.4326	-1645.2334	-1.0929817	-1638.4829	-1643.8441	-1639.925
423	423	-924.45109	-923.77246	-929.65829	0.67862638	-921.13812	-925.59571	-919.75599
424	424	-1458.8709	-1455.3998	-1461.4285	3.4710727	-1455.8952	-1458.2086	-1452.3167
425	425	-1157.7839	-1153.7635	-1159.7851	4.0203779	-1154.6425	-1156.1698	-1150.4382
426	426	-833.62026	-831.98979	-838.05264	1.6304704	-830.15418	-834.35426	-828.12512
427	427	-1339.9311	-1325.6494	-1331.2819	14.281696	-1336.8893	-1328.5968	-1322.7036
428	428	-1036.7421	-1030.8225	-1036.7556	5.9196219	-1033.4908	-1033.3044	-1027.4117
429	429	-1129.6674	-1120.8613	-1126.8334	8.8061312	-1126.4972	-1123.4309	-1117.539
430	430	-685.53165	-682.42236	-688.25827	3.1092863	-681.9183	-683.32242	-678.48075
431	431	-1304.3052	-1300.8745	-1306.9985	3.4306835	-1301.23	-1303.4614	-1297.6326
432	432	-1785.2972	-1772.6088	-1778.5971	12.688403	-1782.4812	-1776.1288	-1770.2368
433	433	-858.03031	-847.07032	-853.06266	10.95999	-854.61771	-849.35782	-843.46524
434	434	-1623.1778	-1620.9871	-1626.9977	2.1907396	-1620.3104	-1623.885	-1618.0156
435	435	-1195.8938	-1195.0806	-1201.0179	0.81320321	-1192.7688	-1197.5639	-1191.0201
436	436	-1255.2555	-1254.6732	-1260.6272	0.58224227	-1252.1817	-1257.7471	-1251.8494
437	437	-964.00516	-944.65237	-950.59712	19.352793	-960.72485	-947.67751	-941.78566
438	438	-927.41644	-914.70373	-920.34395	12.712711	-924.07259	-917.68718	-911.79126
439	439	-1633.9689	-1627.2281	-1633.3207	6.7408029	-1631.1012	-1630.4295	-1624.5371
440	440	-1324.7126	-1303.0334	-1308.7696	21.679159	-1321.6724	-1306.0688	-1300.176
441	441	-1549.3458	-1544.4502	-1549.2595	4.8955605	-1546.3849	-1546.9261	-1541.5281
442	442	-894.00128	-888.67287	-894.57361	5.3284104	-890.64302	-891.02038	-885.12802
443	443	-985.00468	-958.03518	-963.9712	26.969501	-981.72674	-960.87089	-954.97734
444	444	-1216.1652	-1215.7949	-1221.6361	0.37031147	-1213.0647	-1218.4183	-1212.5498
445	445	-1465.8567	-1465.4253	-1471.3314	0.43137563	-1462.8551	-1467.8721	-1461.8766
446	446	-1245.4543	-1246.1586	-1252.0611	-0.70427978	-1242.3555	-1248.8262	-1242.9391
447	447	-817.69735	-796.99207	-802.90419	20.705282	-814.2248	-799.29468	-793.40233
448	448	-1085.5525	-1066.4632	-1072.3685	19.089341	-1082.3355	-1069.0777	-1063.1846
449	449	-1209.9916	-1209.2067	-1215.2071	0.78493839	-1206.8661	-1211.802	-1206.2012
450	450	-891.65718	-878.50196	-884.4164	13.155218	-888.26532	-880.83049	-874.93863
451	451	-759.40834	-734.68479	-740.60436	24.723549	-755.88124	-736.94069	-731.04895
452	452	-1310.2777	-1311.1651	-1317.103	-0.88734799	-1307.2199	-1314.7814	-1309.1446
453	453	-1039.7852	-1002.1887	-1008.0293	37.596467	-1036.5155	-1004.7655	-998.87406
454	454	-956.16112	-947.00445	-951.46781	9.1566726	-952.85816	-948.31704	-943.76918
455	455	-948.19696	-936.05204	-938.47576	12.144925	-944.85821	-935.35054	-932.54819
456	456	-1220.1785	-1214.5743	-1220.6064	5.6042256	-1217.054	-1217.1464	-1211.2546
457	457	-801.69931	-788.90087	-794.82835	12.798445	-798.18437	-791.31441	-785.42225
458	458	-1150.1703	-1141.8112	-1147.6001	8.3590249	-1147.0274	-1144.4309	-1138.538
459	459	-1141.8888	-1138.9671	-1145.0181	2.9216918	-1138.7288	-1141.8528	-1135.6867
460	460	-1013.7992	-1003.1573	-1009.0993	10.641915	-1010.5353	-1005.6247	-999.73232
461	461	-942.02732	-924.55447	-930.4459	17.472852	-938.6991	-927.04733	-921.15478
462	462	-717.31609	-699.97524	-705.91368	17.340858	-713.72522	-702.07702	-696.18419
463	463	-1362.5022	-1350.0959	-1356.0342	12.406338	-1359.4743	-1353.0493	-1347.1561
464	464	-968.43846	-964.29068	-970.29261	4.1477803	-965.14555	-966.67932	-960.78672
465	465	-641.24775	-623.29655	-629.32229	17.951205	-637.54225	-625.71868	-619.82793
466	466	-1303.6506	-1292.3999	-1297.9963	11.25063	-1300.5993	-1295.6773	-1289.7845
467	467	-1314.7141	-1288.606	-1294.5079	26.108153	-1311.6517	-1291.4522	-1285.5596
468	468	-1286.2718	-1277.5088	-1283.5031	8.7630643	-1283.2005	-1280.2253	-1274.3326
469	469	-1533.0778	-1511.3325	-1517.2659	21.745315	-1530.1308	-1514.3406	-1508.4486
470	470	-1198.5073	-1173.358	-1179.1144	25.14924	-1195.3472	-1176.0996	-1170.2074
471	471	-1464.1921	-1464.1642	-1468.7903	0.027946973	-1461.2587	-1467.4392	-1461.2469
472	472	-1878.6444	-1872.526	-1876.1487	6.1184342	-1875.8808	-1873.0239	-1869.7217
473	473	-1718.1542	-1710.2287	-1716.244	7.9255131	-1715.3397	-1713.3753	-1707.4825
474	474	-855.9278	-855.53592	-861.48988	0.39187612	-852.53644	-857.92553	-852.08693
475	475	-1269.0133	-1259.3922	-1265.3386	9.6211046	-1265.9163	-1262.2993	-1256.4069
476	476	-908.32919	-889.99948	-895.92093	18.32971	-904.94399	-892.4148	-886.52361
477	477	-1469.5618	-1463.665	-1469.789	5.8968141	-1466.5704	-1466.6806	-1460.7912
478	478	-1309.9585	-1301.2978	-1307.2442	8.6606502	-1306.9035	-1304.0507	-1298.158
479	479	-1836.3807	-1826.2765	-1832.2093	10.104186	-1833.5816	-1829.5434	-1823.6494
480	480	-1267.6432	-1268.0946	-1273.9829	-0.45139519	-1264.565	-1272.3002	-1266.4078
481	481	-1268.2782	-1269.646	-1275.7847	-1.3677698	-1265.2215	-1273.1118	-1267.2208
482	482	-1691.0482	-1690.7092	-1697.1512	0.33897905	-1688.3448	-1694.9585	-1689.0653
483	483	-954.66913	-931.86151	-937.3697	22.807618	-951.32643	-934.35021	-928.45772
484	484	-1109.7827	-1103.6982	-1109.905	6.0844887	-1106.5483	-1106.8935	-1100.9999
485	485	-838.96394	-819.22757	-825.1428	19.736367	-835.53662	-821.58978	-815.69821
486	486	-1713.889	-1702.0147	-1707.9586	11.874272	-1710.9914	-1705.0601	-1699.1708
487	487	-1100.0716	-1076.3075	-1081.9806	23.764121	-1096.8709	-1078.9764	-1073.0838
488	488	-1966.8556	-1961.0197	-1966.9759	5.8358826	-1964.1008	-1964.1347	-1958.2424
489	489	-1371.1104	-1368.7822	-1374.8901	2.3282443	-1368.0973	-1371.4204	-1365.4253
490	490	-905.61475	-895.83753	-901.75913	9.77722	-902.26016	-898.2147	-892.32241
491	491	-1704.8924	-1703.5865	-1709.3828	1.3058283	-1702.0676	-1705.749	-1700.5404
492	492	-1671.5827	-1668.1863	-1674.3772	3.396414	-1668.7017	-1671.2455	-1665.3511
493	493	-1211.8556	-1209.5443	-1211.1581	2.3112739	-1208.731	-1209.4512	-1206.2529
494	494	-1163.2212	-1132.7255	-1138.6614	30.495704	-1160.0568	-1135.4727	-1129.5807
495	495	-574.81475	-565.96919	-571.93546	8.8455605	-571.00325	-568.28485	-562.39409
496	496	-1760.6437	-1744.207	-1750.0753	16.436622	-1757.8193	-1747.3916	-1741.4987
497	497	-1054.2719	-1046.4357	-1052.412	7.8361918	-1051.0637	-1049.2175	-1043.3244
498	498	-1358.3448	-1345.8551	-1351.7391	12.489668	-1355.3051	-1348.6583	-1342.7662
499	499	-732.5565	-715.31466	-721.22063	17.241846	-728.98831	-717.97317	-712.07851
