No.	ID	loglik_NUll	loglik_RES	loglik_all	log_ratio	loglik_Max1	loglik_Max2	loglik_Max3
0	0	-2424.4697	-2417.3067	-2395.8938	7.1630503	-2420.5734	-2380.3452	-2409.0592
1	1	-2903.9574	-2873.0358	-2865.8202	30.921641	-2877.7879	-2847.8701	-2865.7392
2	2	-1756.5979	-1747.8942	-1750.2871	8.7036724	-1752.4614	-1730.9981	-1739.8574
3	3	-2458.8664	-2442.721	-2420.1364	16.145402	-2435.5077	-2405.9403	-2435.2171
4	4	-2802.7956	-2783.21	-2777.2162	19.585563	-2799.0164	-2759.0419	-2776.2234
5	5	-2386.4023	-2366.614	-2356.728	19.788241	-2382.5083	-2341.6838	-2359.1365
6	6	-1533.8383	-1526.425	-1509.2867	7.4133538	-1529.5669	-1491.6094	-1517.9748
7	7	-1703.2444	-1681.4746	-1665.655	21.769772	-1698.4699	-1648.5061	-1672.3199
8	8	-4409.5448	-4404.3497	-4409.4316	5.1951077	-4405.3193	-4390.3602	-4396.6141
9	9	-2041.8389	-2014.2457	-1991.2926	27.593263	-2022.7992	-1976.343	-2006.5986
10	10	-2059.5854	-2025.1729	-1997.009	34.412528	-2037.0321	-1982.6597	-2017.6565
11	11	-3003.5889	-2991.9141	-2971.3344	11.674767	-2999.8369	-2956.1116	-2984.5191
12	12	-2427.3146	-2429.2884	-2428.3766	-1.9737397	-2423.4541	-2407.7791	-2422.2186
13	13	-2399.8082	-2399.8742	-2397.5993	-0.065941419	-2395.9141	-2381.4176	-2392.365
14	14	-1782.9244	-1778.3576	-1768.3459	4.5668001	-1778.7736	-1749.4545	-1769.8983
15	15	-2125.9875	-2116.6568	-2106.6816	9.330683	-2122.0002	-2092.4306	-2108.8498
16	16	-2213.5585	-2192.5962	-2174.7264	20.962367	-2190.3959	-2153.1006	-2185.2103
17	17	-1734.9743	-1705.7211	-1687.9064	29.253197	-1730.8013	-1671.8165	-1697.8737
18	18	-1738.8002	-1701.3447	-1680.3233	37.45551	-1719.1292	-1659.661	-1692.9247
19	19	-1374.6602	-1345.6334	-1308.8165	29.026818	-1350.7303	-1293.6794	-1337.6525
20	20	-1434.5776	-1386.3703	-1365.5482	48.207286	-1412.9994	-1349.5084	-1378.4066
21	21	-2461.9874	-2429.9997	-2401.4482	31.987657	-2443.6016	-2386.3496	-2422.7029
22	22	-2226.3323	-2222.2367	-2214.3104	4.0956328	-2222.3838	-2193.8963	-2213.3151
23	23	-1986.8488	-1972.9318	-1970.5372	13.916992	-1982.8165	-1954.0534	-1965.1245
24	24	-2536.1856	-2522.4041	-2513.6217	13.781473	-2531.2149	-2495.693	-2513.335
25	25	-2000.8741	-1982.8031	-1981.2765	18.071036	-1996.8622	-1966.1801	-1975.0556
26	26	-2152.585	-2123.3529	-2121.916	29.23211	-2147.7667	-2104.1202	-2114.2779
27	27	-1202.6184	-1172.2569	-1126.6044	30.361579	-1178.2235	-1110.5091	-1164.0854
28	28	-1616.3881	-1592.4069	-1575.724	23.981172	-1612.1738	-1560.5173	-1584.4294
29	29	-1882.6032	-1857.3237	-1855.0221	25.279552	-1878.5021	-1839.2644	-1849.5448
30	30	-2731.5737	-2729.878	-2726.7014	1.6956603	-2727.8012	-2704.0773	-2722.2195
31	31	-1304.4917	-1272.4575	-1253.0986	32.034192	-1300.1132	-1237.193	-1264.0482
32	32	-2227.8739	-2213.6369	-2178.1486	14.237036	-2204.3801	-2158.0269	-2206.1836
33	33	-1991.8108	-1968.9532	-1935.7217	22.857617	-1968.439	-1920.698	-1961.2139
34	34	-1636.894	-1610.3147	-1583.1908	26.579258	-1632.6747	-1565.6917	-1602.3886
35	35	-1786.8001	-1752.9951	-1748.8609	33.805077	-1782.6748	-1734.4636	-1745.2345
36	36	-1731.9912	-1718.453	-1697.9905	13.538192	-1727.8342	-1683.6854	-1710.4549
37	37	-1660.9281	-1647.0919	-1631.401	13.83623	-1656.7431	-1617.0496	-1639.0744
38	38	-1635.0253	-1596.0555	-1579.2814	38.96979	-1611.3166	-1562.1121	-1588.2101
39	39	-1782.1515	-1773.7647	-1761.9406	8.3867941	-1778.0008	-1744.3529	-1765.7093
40	40	-2009.0014	-1984.5525	-1966.5441	24.448865	-2004.9814	-1952.4869	-1976.8653
41	41	-1775.6138	-1771.1088	-1771.2433	4.5050064	-1771.5075	-1755.7426	-1763.2117
42	42	-1220.0142	-1190.4834	-1195.4569	29.530813	-1215.6023	-1176.5341	-1182.2538
43	43	-1800.89	-1798.0102	-1786.8563	2.8797612	-1796.7734	-1766.0367	-1790.1201
44	44	-1669.8457	-1660.2838	-1627.1475	9.5619402	-1645.4005	-1612.8573	-1652.3551
45	45	-2448.8455	-2428.2523	-2420.4601	20.593268	-2444.9878	-2406.3975	-2420.7492
46	46	-2365.4821	-2345.3078	-2336.7592	20.17431	-2361.5755	-2322.4921	-2337.727
47	47	-2313.5456	-2295.629	-2292.6644	17.916589	-2309.655	-2274.4799	-2288.0959
48	48	-2562.7831	-2558.7118	-2559.7832	4.0712274	-2558.959	-2540.4271	-2550.7018
49	49	-1706.4426	-1686.6069	-1634.4438	19.835746	-1682.8866	-1619.7791	-1678.5834
50	50	-1796.1947	-1784.6612	-1732.6154	11.533504	-1772.463	-1717.1129	-1776.983
51	51	-2849.0305	-2832.3764	-2816.7561	16.654069	-2845.2546	-2802.4391	-2824.4536
52	52	-2139.919	-2120.0685	-2101.366	19.850556	-2116.4224	-2079.5687	-2110.3237
53	53	-2691.0652	-2681.6777	-2677.9187	9.3875663	-2687.2502	-2660.9274	-2674.4937
54	54	-2223.5195	-2202.4879	-2184.0996	21.031602	-2200.2395	-2167.2482	-2193.361
55	55	-1799.0767	-1769.9457	-1713.1299	29.130987	-1775.6279	-1693.8231	-1762.3049
56	56	-2148.7316	-2134.7984	-2126.1329	13.933192	-2144.7061	-2107.7694	-2125.5382
57	57	-1996.9085	-1970.6215	-1941.4808	26.286947	-1973.456	-1923.6229	-1962.9406
58	58	-1285.7959	-1257.6946	-1212.0275	28.101256	-1261.0768	-1196.8142	-1249.6162
59	59	-2168.4903	-2153.3126	-2141.1257	15.177683	-2164.5157	-2126.1958	-2145.4113
60	60	-2096.149	-2088.2407	-2078.2921	7.9083053	-2092.1604	-2059.9761	-2080.2776
61	61	-2204.3645	-2186.5963	-2182.0123	17.768229	-2200.3829	-2165.9728	-2178.9037
62	62	-2327.4835	-2295.7442	-2269.7464	31.739289	-2304.0512	-2255.8184	-2288.5221
63	63	-1868.2613	-1841.0922	-1832.505	27.169095	-1864.1675	-1818.1842	-1833.3393
64	64	-1673.7933	-1661.4007	-1648.9087	12.392629	-1669.6284	-1632.1353	-1653.3025
65	65	-2717.3441	-2683.7974	-2677.4393	33.546682	-2694.2741	-2663.4445	-2676.7303
66	66	-2065.1513	-2040.204	-2011.0167	24.947361	-2061.1361	-1996.0072	-2032.4733
67	67	-2619.4776	-2596.6509	-2558.1298	22.826722	-2596.1587	-2541.997	-2589.3051
68	68	-2700.812	-2686.5496	-2680.7825	14.262347	-2696.9807	-2664.085	-2679.0497
69	69	-2506.676	-2481.875	-2460.6857	24.801029	-2483.3178	-2446.2766	-2474.7542
70	70	-1907.3718	-1887.6563	-1872.6128	19.71549	-1903.2884	-1855.5451	-1879.84
71	71	-2055.2888	-2045.6791	-2048.0642	9.6096926	-2051.2739	-2027.3123	-2037.9326
72	72	-1443.9096	-1417.7292	-1381.0861	26.180392	-1420.0631	-1365.3829	-1409.7646
73	73	-2596.2039	-2576.6893	-2555.1135	19.514606	-2577.4671	-2538.9209	-2568.8717
74	74	-3636.2383	-3630.4218	-3635.2535	5.8165527	-3632.6672	-3616.6849	-3623.6727
75	75	-2068.4493	-2058.9304	-2055.3963	9.5188767	-2064.444	-2040.2109	-2051.0675
76	76	-2733.8347	-2713.3476	-2708.1669	20.487042	-2730.0135	-2691.1203	-2705.2125
77	77	-2716.2188	-2715.1655	-2704.7943	1.0532791	-2712.4283	-2689.0793	-2706.8078
78	78	-2229.9028	-2220.048	-2190.3368	9.8548364	-2225.9548	-2168.5865	-2211.7501
79	79	-1998.0002	-1947.9695	-1934.8929	50.0307	-1982.6635	-1918.054	-1940.49
80	80	-3068.9695	-3062.0645	-3058.8986	6.9050099	-3065.236	-3036.3997	-3054.719
81	81	-3586.3684	-3577.2532	-3583.7421	9.1151778	-3581.7071	-3563.8715	-3568.7997
82	82	-1301.9641	-1274.125	-1238.3789	27.839085	-1277.9958	-1219.3294	-1266.0713
83	83	-2540.4996	-2537.4179	-2537.2332	3.0816984	-2536.6437	-2512.3573	-2528.9151
84	84	-2624.5829	-2626.1302	-2623.2401	-1.5472499	-2620.7468	-2603.4842	-2618.801
85	85	-2043.55	-2017.9817	-1976.9288	25.568302	-2019.9827	-1961.5851	-2010.4173
86	86	-1727.0989	-1709.4536	-1640.6632	17.645326	-1703.3818	-1626.729	-1701.8921
87	87	-2197.9322	-2178.7991	-2148.7411	19.133037	-2173.5801	-2134.7906	-2171.5072
88	88	-2021.6694	-2007.9214	-1998.365	13.748066	-2017.6487	-1981.3982	-2000.1466
89	89	-2002.5237	-1987.3807	-1938.4211	15.14301	-1979.0494	-1919.7064	-1979.3106
90	90	-2052.8253	-2018.1942	-1987.3241	34.631121	-2028.3409	-1972.7852	-2010.739
91	91	-2753.1292	-2732.4791	-2734.6195	20.650096	-2747.4226	-2717.9911	-2722.9293
92	92	-1886.2692	-1863.8997	-1835.8312	22.369537	-1865.2913	-1819.2145	-1856.0553
93	93	-2277.1002	-2270.7283	-2265.6358	6.3718987	-2273.1684	-2245.6808	-2263.2782
94	94	-1431.4462	-1410.707	-1392.0228	20.739205	-1427.1286	-1374.1927	-1402.4255
95	95	-3100.7429	-3100.1225	-3101.6244	0.6203552	-3095.9687	-3074.7365	-3091.2925
96	96	-2125.5585	-2108.65	-2089.9973	16.908462	-2121.5653	-2074.1795	-2100.9056
97	97	-2394.2509	-2387.37	-2378.1537	6.8808757	-2390.3649	-2362.0126	-2379.465
98	98	-1593.8867	-1573.2978	-1546.0187	20.588992	-1570.8295	-1531.6863	-1565.2584
99	99	-2060.5579	-2040.845	-2031.9986	19.712902	-2056.5727	-2016.7228	-2033.1443
100	100	-1052.9823	-995.6988	-986.32719	57.283482	-1035.1355	-969.35695	-987.37383
101	101	-2322.8761	-2310.5297	-2305.8058	12.346392	-2318.9691	-2287.3804	-2302.8861
102	102	-1998.8169	-1975.5547	-1959.4832	23.262287	-1978.9255	-1942.2076	-1965.772
103	103	-1934.7242	-1908.485	-1860.8966	26.239155	-1911.0949	-1846.8443	-1901.167
104	104	-1346.8263	-1314.4824	-1277.6456	32.343968	-1342.4682	-1263.1902	-1306.38
105	105	-1549.679	-1524.9472	-1483.8126	24.731844	-1525.8809	-1468.1176	-1517.0499
106	106	-2030.9451	-2003.8683	-1989.7362	27.076814	-2026.8914	-1973.8355	-1994.7771
107	107	-2885.1648	-2870.6098	-2850.8898	14.555005	-2869.3214	-2835.0701	-2863.1936
108	108	-2350.2776	-2309.4239	-2284.7743	40.853719	-2327.0349	-2271.0149	-2302.0426
109	109	-2419.4246	-2419.7831	-2406.5513	-0.35847351	-2415.5532	-2391.2987	-2411.949
110	110	-1416.3385	-1405.7195	-1393.8353	10.619039	-1411.9961	-1378.1202	-1397.5124
111	111	-1959.7095	-1954.5532	-1953.4075	5.1562929	-1955.6602	-1932.3083	-1946.7342
112	112	-2774.0543	-2749.0204	-2736.6835	25.033985	-2751.4539	-2720.8525	-2741.6162
113	113	-3562.8608	-3555.3843	-3545.4806	7.4764764	-3559.2551	-3527.332	-3548.1111
114	114	-2955.7334	-2953.0869	-2956.2019	2.6464735	-2950.962	-2932.1224	-2943.8313
115	115	-2892.7877	-2889.7082	-2868.1693	3.0795454	-2869.5669	-2852.2264	-2868.8602
116	116	-3319.4611	-3314.528	-3314.8832	4.933138	-3315.7979	-3291.3065	-3307.3573
117	117	-2554.0619	-2545.2982	-2540.7457	8.7636754	-2550.2132	-2524.5261	-2537.6901
118	118	-2197.3044	-2184.7967	-2166.9533	12.507678	-2193.3377	-2147.7335	-2177.0898
119	119	-1678.2868	-1647.6079	-1633.6103	30.678862	-1658.8432	-1618.5588	-1639.688
120	120	-1362.4651	-1344.74	-1311.1439	17.725079	-1348.6836	-1292.1869	-1336.3076
121	121	-2449.1126	-2418.3527	-2416.5009	30.759855	-2445.2363	-2402.1288	-2410.9088
122	122	-1521.6985	-1519.4901	-1513.9978	2.2084629	-1517.4017	-1491.6877	-1510.8445
123	123	-1273.9515	-1265.9923	-1254.4225	7.9592453	-1269.5856	-1235.7767	-1257.6102
124	124	-1485.4789	-1455.7432	-1441.227	29.735746	-1481.1816	-1422.4673	-1447.139
125	125	-1930.2933	-1905.8747	-1899.9437	24.41855	-1926.2173	-1882.7067	-1897.8793
126	126	-1400.3302	-1368.5642	-1331.3008	31.766058	-1376.4436	-1315.1722	-1360.3102
127	127	-2940.5195	-2926.959	-2929.0933	13.56051	-2936.7124	-2912.8669	-2919.7043
128	128	-1569.3216	-1546.6701	-1536.3869	22.651452	-1565.0592	-1521.4509	-1538.6766
129	129	-2218.0817	-2212.9724	-2200.1088	5.109359	-2214.1194	-2179.5904	-2205.2591
130	130	-2311.9788	-2306.2355	-2287.2064	5.7433137	-2308.0664	-2271.9749	-2298.4722
131	131	-2315.7287	-2296.4439	-2252.0227	19.284802	-2291.9195	-2237.0282	-2289.0236
132	132	-1499.469	-1488.06	-1433.7319	11.409055	-1475.2247	-1414.6128	-1479.5249
133	133	-1623.6664	-1607.7473	-1566.924	15.919122	-1600.1012	-1551.3874	-1599.7464
134	134	-1985.4246	-1974.4139	-1968.8312	11.010725	-1981.3933	-1949.2664	-1966.7366
135	135	-1072.9474	-1043.9592	-985.93381	28.988164	-1048.7535	-970.01107	-1035.6652
136	136	-1980.467	-1969.7091	-1976.7752	10.757944	-1976.4054	-1954.0049	-1961.3043
137	137	-1959.1936	-1938.423	-1914.6773	20.770561	-1955.1296	-1898.3342	-1930.6522
138	138	-1835.7332	-1832.2934	-1784.8838	3.4398652	-1811.7124	-1770.4023	-1812.5203
139	139	-1624.1599	-1602.377	-1590.8763	21.782951	-1619.9254	-1573.8603	-1594.1125
140	140	-2807.4092	-2800.8025	-2803.561	6.6067025	-2803.6643	-2787.4042	-2792.8325
141	141	-1495.4806	-1487.488	-1427.8813	7.9925926	-1471.3162	-1413.2447	-1479.572
142	142	-1794.5143	-1791.5334	-1778.3917	2.9808552	-1790.3863	-1763.0065	-1783.5331
143	143	-1968.6166	-1956.0736	-1956.9483	12.543031	-1964.5359	-1939.6248	-1948.1696
144	144	-2874.5007	-2847.8283	-2833.0176	26.672351	-2870.6889	-2819.3514	-2840.7729
145	145	-1843.7814	-1819.9515	-1798.8394	23.829922	-1839.6781	-1784.401	-1812.1405
146	146	-2560.4996	-2541.5371	-2546.4156	18.962478	-2556.62	-2528.2021	-2534.023
147	147	-2993.01	-2987.4325	-2991.7984	5.5775162	-2988.3753	-2963.0002	-2978.758
148	148	-2040.4807	-2028.786	-2023.3047	11.694708	-2036.4781	-2006.4351	-2020.9723
149	149	-926.93481	-882.85778	-839.63116	44.077025	-902.49803	-824.70067	-874.42452
150	150	-2054.3669	-2031.4987	-2022.7992	22.868179	-2050.3609	-2007.5411	-2023.7481
151	151	-1724.1187	-1705.0461	-1669.1857	19.072617	-1700.4655	-1653.5149	-1697.1457
152	152	-2093.1026	-2094.5825	-2093.3747	-1.4799559	-2089.0991	-2076.2982	-2086.7645
153	153	-2585.0612	-2566.1512	-2551.2726	18.910021	-2581.2115	-2535.3397	-2558.6515
154	154	-1278.6004	-1263.8651	-1203.604	14.735309	-1254.5275	-1189.2654	-1255.9911
155	155	-3358.7274	-3342.1053	-3326.8522	16.622048	-3336.1974	-3311.5284	-3335.1348
156	156	-1074.4654	-1036.6905	-1010.9683	37.774908	-1069.9361	-995.94003	-1028.3235
157	157	-2537.8134	-2527.0968	-2513.2311	10.716684	-2533.9702	-2498.696	-2519.5234
158	158	-2556.442	-2553.6542	-2556.0365	2.7878861	-2552.6072	-2530.1391	-2545.9438
159	159	-2395.2635	-2371.5748	-2355.1928	23.688739	-2391.3606	-2341.1071	-2364.0404
160	160	-2409.0658	-2400.1426	-2385.6137	8.9232994	-2405.1892	-2370.528	-2392.4855
161	161	-2071.3393	-2061.4751	-2060.2899	9.8642376	-2067.3235	-2042.2653	-2053.6398
162	162	-1684.7958	-1661.2566	-1636.265	23.539119	-1680.6122	-1621.1689	-1653.0997
163	163	-2710.5674	-2682.7586	-2663.723	27.808843	-2689.0844	-2646.969	-2675.3942
164	164	-2597.363	-2586.4509	-2584.1278	10.912081	-2593.551	-2569.8498	-2579.6892
165	165	-2525.5426	-2522.6211	-2516.1707	2.9214985	-2521.7161	-2491.307	-2515.0829
166	166	-1221.603	-1205.744	-1198.2299	15.859024	-1217.1877	-1181.9054	-1197.427
167	167	-1631.2656	-1604.7413	-1604.8092	26.524321	-1627.0677	-1590.1804	-1596.796
168	168	-1394.4958	-1394.2249	-1386.5356	0.27092279	-1390.1692	-1370.6947	-1385.5362
169	169	-2502.0176	-2493.5719	-2447.3157	8.4457616	-2478.6306	-2432.5112	-2486.4588
170	170	-2020.131	-2007.1097	-1976.262	13.021322	-2016.0897	-1960.1657	-1999.0725
171	171	-1490.0209	-1457.0757	-1437.9885	32.945193	-1485.7111	-1421.4408	-1449.1098
172	172	-2094.1624	-2049.7514	-2024.9174	44.41097	-2071.0695	-2010.8138	-2042.4709
173	173	-2102.3456	-2097.4498	-2080.355	4.8958075	-2098.3567	-2064.1838	-2089.225
174	174	-2581.7948	-2579.0445	-2573.4276	2.7503146	-2577.9687	-2557.1446	-2571.4992
175	175	-1669.3643	-1636.1348	-1624.8941	33.229414	-1664.5535	-1607.2785	-1626.8204
176	176	-1872.4597	-1866.1779	-1854.3382	6.2817734	-1868.3704	-1837.5526	-1857.1585
177	177	-1573.605	-1543.1465	-1518.73	30.458471	-1569.3179	-1500.2567	-1535.1878
178	178	-1661.6965	-1659.8284	-1656.7041	1.8680887	-1657.4973	-1640.6114	-1652.0789
179	179	-2721.4639	-2715.6729	-2719.065	5.7910827	-2716.15	-2700.3299	-2706.3643
180	180	-1608.4218	-1593.5585	-1560.1817	14.863351	-1591.7853	-1544.3542	-1585.8856
181	181	-2576.3503	-2575.7636	-2576.1628	0.58662639	-2572.5233	-2552.1426	-2568.3581
182	182	-1839.592	-1823.6586	-1820.3352	15.933489	-1835.4705	-1804.472	-1815.7375
183	183	-1307.3383	-1291.7167	-1269.2771	15.621641	-1302.9983	-1252.614	-1283.5161
184	184	-2327.5674	-2323.1936	-2309.5891	4.373751	-2323.6586	-2289.9105	-2315.5678
185	185	-3124.9641	-3115.2548	-3120.3101	9.7093285	-3120.4636	-3101.8621	-3106.2893
186	186	-2826.1157	-2827.0777	-2824.0582	-0.96199863	-2822.3098	-2804.6734	-2819.448
187	187	-3154.0321	-3135.3071	-3127.5578	18.724917	-3136.4754	-3109.9048	-3128.1002
188	188	-3340.3982	-3329.1768	-3334.1594	11.221454	-3336.7329	-3312.733	-3321.4319
189	189	-1916.1186	-1872.2592	-1862.2946	43.859373	-1894.2336	-1845.3951	-1864.6539
190	190	-1030.0668	-1004.9446	-994.74541	25.122255	-1025.545	-979.89018	-996.5669
191	191	-2558.4071	-2551.9646	-2542.2298	6.4424347	-2554.5552	-2524.1132	-2544.3099
192	192	-2128.8688	-2099.0109	-2090.9791	29.857861	-2124.897	-2073.9086	-2091.2537
193	193	-3547.1988	-3512.2811	-3496.8304	34.917697	-3524.3306	-3482.1155	-3505.3771
194	194	-1807.2659	-1773.7778	-1757.0268	33.488063	-1786.2596	-1740.7472	-1765.7831
195	195	-1480.7097	-1464.256	-1388.9756	16.453772	-1456.7862	-1374.3911	-1456.6093
196	196	-2109.0228	-2087.9836	-2079.622	21.039132	-2105.0321	-2065.0098	-2080.2806
197	197	-2119.9145	-2096.0216	-2072.4813	23.892954	-2115.9225	-2056.1641	-2087.8969
198	198	-1863.312	-1860.3527	-1857.5188	2.9593338	-1859.221	-1837.4155	-1852.7736
199	199	-1356.4648	-1327.6805	-1327.6914	28.78432	-1352.1123	-1309.9829	-1319.6179
200	200	-2194.9997	-2176.6994	-2145.7962	18.300354	-2180.2588	-2131.2612	-2168.8698
201	201	-1381.2525	-1373.8016	-1362.1966	7.450939	-1376.9451	-1346.7548	-1365.7059
202	202	-3174.4693	-3137.7223	-3140.34	36.746951	-3152.8551	-3121.5335	-3130.5134
203	203	-1584.229	-1577.4801	-1565.8087	6.7488821	-1579.9916	-1551.3241	-1569.4313
204	204	-2698.9657	-2691.3219	-2684.1506	7.6437749	-2695.1592	-2668.8051	-2682.454
205	205	-1801.5881	-1773.1063	-1729.3837	28.481828	-1777.9345	-1715.0933	-1765.4867
206	206	-1909.1802	-1903.9621	-1900.9936	5.2180418	-1905.0952	-1882.45	-1895.9592
207	207	-2141.0629	-2114.3447	-2084.8868	26.71816	-2137.0615	-2068.4596	-2106.6472
208	208	-3519.2811	-3498.7902	-3469.1425	20.490964	-3496.2102	-3449.1909	-3491.4588
209	209	-1667.2865	-1628.1762	-1617.8276	39.110232	-1647.2159	-1598.2294	-1619.7197
210	210	-2353.5033	-2327.9859	-2300.5245	25.517399	-2330.1257	-2285.3281	-2320.4788
211	211	-3130.3799	-3129.1974	-3124.4086	1.1825357	-3126.6937	-3105.5028	-3121.6611
212	212	-3126.2196	-3116.4639	-3112.1713	9.7556417	-3122.5129	-3094.1066	-3109.097
213	213	-1950.8226	-1920.5696	-1880.2686	30.253006	-1927.5766	-1866.2811	-1912.9624
214	214	-2729.8669	-2720.4523	-2717.1455	9.4145671	-2725.5873	-2695.9612	-2712.1967
215	215	-2132.2554	-2129.5597	-2125.3688	2.6957194	-2128.2693	-2107.5164	-2121.3596
216	216	-2466.0751	-2447.0454	-2426.7225	19.029674	-2451.8514	-2412.7675	-2439.679
217	217	-2059.0346	-2031.4634	-2011.6479	27.57122	-2055.0148	-1997.5134	-2023.7897
218	218	-2105.3148	-2086.734	-2067.462	18.580861	-2100.1037	-2047.4804	-2077.4447
219	219	-1934.3195	-1909.9759	-1862.3879	24.343597	-1910.8753	-1844.9369	-1902.4626
220	220	-2352.2556	-2334.0651	-2317.8601	18.190431	-2348.3404	-2299.8807	-2326.4772
221	221	-1614.3977	-1604.6579	-1554.2116	9.7398042	-1590.6413	-1535.2013	-1596.7563
222	222	-2754.4267	-2733.4868	-2731.4943	20.939942	-2731.2139	-2714.7246	-2725.9469
223	223	-3251.4562	-3243.7565	-3242.5068	7.6997194	-3247.7897	-3223.1667	-3236.3584
224	224	-2259.5182	-2231.1473	-2218.7382	28.370914	-2243.7134	-2201.0231	-2223.7449
225	225	-2152.106	-2135.4438	-2056.3569	16.662192	-2128.749	-2042.7143	-2128.1492
226	226	-2016.3089	-2001.0689	-1985.7358	15.239946	-2012.0609	-1968.1116	-1992.5944
227	227	-1622.6562	-1610.0401	-1595.5974	12.616043	-1618.402	-1579.2326	-1601.9247
228	228	-2498.6298	-2486.0677	-2475.3683	12.562102	-2494.7852	-2460.1865	-2478.7076
229	229	-1296.4542	-1255.7319	-1213.1264	40.722288	-1272.472	-1197.9812	-1247.7293
230	230	-2198.9883	-2176.5962	-2157.9069	22.392054	-2175.7023	-2143.6081	-2168.976
231	231	-2893.08	-2882.134	-2881.0459	10.946007	-2889.3175	-2864.3531	-2874.7368
232	232	-2643.8941	-2628.2604	-2614.0847	15.633685	-2620.3999	-2596.8168	-2621.0708
233	233	-2983.6634	-2979.6167	-2978.1325	4.0467208	-2979.9153	-2958.8183	-2972.5698
234	234	-1455.1933	-1422.3844	-1390.5732	32.80885	-1434.5244	-1374.6096	-1414.3598
235	235	-1380.538	-1367.3414	-1363.8036	13.196589	-1376.2161	-1347.3966	-1359.1376
236	236	-2626.5054	-2626.1572	-2631.0246	0.34820876	-2622.6805	-2615.2298	-2617.5933
237	237	-2997.2501	-2978.3262	-2979.1964	18.9239	-2992.8833	-2962.8759	-2970.2449
238	238	-1314.467	-1302.9885	-1245.1796	11.478425	-1290.4495	-1224.1341	-1294.9142
239	239	-1993.804	-1980.1776	-1930.5841	13.626353	-1970.4206	-1915.0299	-1972.3411
240	240	-1308.3575	-1285.8882	-1263.4033	22.469361	-1304.0159	-1247.9297	-1277.7155
241	241	-2293.4072	-2285.9198	-2279.0024	7.4874368	-2289.4677	-2263.3339	-2278.1512
242	242	-1198.8271	-1168.6474	-1133.0648	30.179734	-1174.7444	-1118.4853	-1160.4797
243	243	-1330.576	-1308.1455	-1272.9577	22.430474	-1306.6153	-1256.4144	-1300.1351
244	244	-2140.8597	-2117.5376	-2085.9054	23.322148	-2117.3669	-2070.1968	-2109.9521
245	245	-2585.2481	-2556.005	-2508.4089	29.243079	-2561.8947	-2494.8989	-2549.0815
246	246	-2279.3682	-2252.2707	-2240.2074	27.097541	-2255.6591	-2223.2741	-2244.7189
247	247	-2221.3654	-2206.9869	-2187.3216	14.378475	-2203.2445	-2172.4963	-2198.5399
248	248	-1983.4078	-1949.5424	-1935.3289	33.865419	-1959.9767	-1919.5461	-1941.9251
249	249	-1843.9734	-1818.6927	-1787.544	25.280725	-1823.6565	-1769.3098	-1810.8412
250	250	-1591.9187	-1581.451	-1566.6517	10.467714	-1587.6689	-1549.0124	-1573.3451
251	251	-1635.731	-1620.3039	-1591.8332	15.427063	-1631.5123	-1574.7375	-1612.2918
252	252	-2416.5036	-2399.0252	-2376.9855	17.478359	-2399.8522	-2362.9063	-2391.4473
253	253	-1683.691	-1685.6756	-1679.7482	-1.9845687	-1679.4859	-1661.4996	-1678.9992
254	254	-1368.4622	-1365.9037	-1364.5605	2.5585005	-1364.1553	-1348.1972	-1357.5809
255	255	-2704.9995	-2688.4734	-2673.2027	16.526076	-2701.1985	-2657.8216	-2681.2163
256	256	-2248.4065	-2224.2886	-2219.1726	24.11788	-2244.448	-2203.8643	-2216.7569
257	257	-2544.2418	-2535.8706	-2532.4952	8.3711468	-2540.3843	-2516.1933	-2528.264
258	258	-2295.3646	-2291.7176	-2282.8715	3.6470124	-2291.4616	-2268.0797	-2283.9431
259	259	-2027.5848	-1996.2519	-1989.0352	31.332923	-2023.5298	-1974.462	-1988.5788
260	260	-2240.9079	-2213.0508	-2213.7953	27.857062	-2236.9666	-2196.6693	-2205.5084
261	261	-2772.649	-2773.8956	-2777.3106	-1.2465984	-2768.8507	-2763.0735	-2767.394
262	262	-2346.189	-2337.3898	-2337.8484	8.7992757	-2342.3135	-2322.045	-2329.4546
263	263	-2045.3204	-2038.211	-2026.0217	7.109409	-2041.2944	-2009.4121	-2030.6952
264	264	-2091.748	-2064.1861	-2045.4802	27.561897	-2072.6198	-2029.6108	-2056.5608
265	265	-2170.9153	-2159.4822	-2155.4889	11.43316	-2166.9116	-2139.4895	-2151.6802
266	266	-3479.0697	-3466.6267	-3465.2376	12.443087	-3467.7154	-3450.1711	-3459.6905
267	267	-1608.1368	-1603.0786	-1596.8196	5.0582073	-1603.9255	-1580.8689	-1594.6899
268	268	-2164.8538	-2146.4522	-2135.8093	18.401639	-2160.8595	-2117.4163	-2138.7354
269	269	-2364.735	-2336.7767	-2322.1212	27.958286	-2348.3964	-2305.5449	-2329.2903
270	270	-2237.9531	-2219.1234	-2175.3784	18.829729	-2213.1325	-2161.5772	-2211.5932
271	271	-1803.152	-1782.0344	-1727.3457	21.117591	-1779.5264	-1713.3729	-1774.4277
272	272	-2318.4075	-2313.4757	-2313.745	4.9317503	-2314.4837	-2294.2039	-2305.7878
273	273	-2281.8917	-2255.0778	-2246.1813	26.81382	-2276.6668	-2225.4212	-2245.6954
274	274	-2239.964	-2223.5416	-2202.1152	16.422401	-2216.5149	-2188.2052	-2215.9784
275	275	-1309.2611	-1258.1029	-1247.6947	51.158185	-1304.9103	-1232.3285	-1250.0842
276	276	-1664.6583	-1648.5871	-1634.5389	16.071207	-1660.4588	-1618.0671	-1640.5529
277	277	-2377.6382	-2355.6973	-2345.5792	21.940886	-2361.0128	-2326.1179	-2348.165
278	278	-1856.7285	-1823.4398	-1798.7481	33.288776	-1837.5919	-1778.5532	-1815.7211
279	279	-3456.9546	-3439.5581	-3436.768	17.396556	-3453.3304	-3422.8147	-3432.6151
280	280	-2156.4904	-2132.473	-2098.2842	24.017432	-2133.0851	-2082.392	-2124.8603
281	281	-2089.7238	-2055.628	-2019.9502	34.095852	-2066.1569	-2003.6191	-2048.1058
282	282	-1704.3956	-1686.3847	-1654.0067	18.010856	-1700.217	-1637.6326	-1678.4106
283	283	-2393.0864	-2368.8454	-2321.0011	24.240979	-2368.5308	-2307.4057	-2361.611
284	284	-1960.2838	-1931.0476	-1901.3207	29.236189	-1936.6743	-1887.3026	-1923.4054
285	285	-2861.0099	-2831.0435	-2814.4545	29.966448	-2857.2518	-2798.5504	-2824.3351
286	286	-2244.7636	-2224.9388	-2160.9619	19.824746	-2221.2532	-2147.3373	-2217.6636
287	287	-3000.1394	-3001.2289	-2994.8371	-1.0894853	-2996.3973	-2977.9948	-2993.9954
288	288	-2101.8355	-2078.5246	-2061.2094	23.310977	-2080.9478	-2041.8638	-2069.3916
289	289	-2065.0951	-2051.6951	-2032.2477	13.399946	-2061.0702	-2015.947	-2043.8756
290	290	-1670.4774	-1622.622	-1587.0007	47.855351	-1646.7963	-1570.851	-1614.9215
291	291	-1599.8452	-1562.5385	-1532.6359	37.306602	-1576.0928	-1518.3238	-1554.8469
292	292	-2087.1048	-2071.4793	-2053.6907	15.625504	-2083.0931	-2036.4118	-2063.7228
293	293	-2689.174	-2680.11	-2682.345	9.0640587	-2685.3526	-2665.962	-2672.5699
294	294	-2434.1466	-2424.6379	-2414.7118	9.5086582	-2430.2615	-2400.6472	-2415.8338
295	295	-2890.4466	-2884.701	-2890.4673	5.7455696	-2886.6938	-2868.3344	-2877.3189
296	296	-2661.2139	-2636.8808	-2609.0343	24.333139	-2637.2136	-2593.9943	-2629.5997
297	297	-1446.0836	-1411.8362	-1391.7087	34.24745	-1422.2163	-1375.4113	-1403.8564
298	298	-2571.5408	-2567.2055	-2561.3393	4.3352421	-2567.6951	-2544.165	-2559.4635
299	299	-2154.3642	-2113.4227	-2108.5624	40.941525	-2131.1244	-2094.2427	-2106.176
300	300	-1722.8767	-1682.6251	-1672.2229	40.251607	-1718.6958	-1657.5576	-1674.819
301	301	-3045.8391	-3025.0448	-3009.2654	20.794355	-3042.0963	-2994.0694	-3018.0179
302	302	-2182.6749	-2165.4324	-2145.412	17.242466	-2159.2067	-2130.0322	-2157.8778
303	303	-2653.7652	-2629.0019	-2612.139	24.763279	-2635.0813	-2594.9017	-2621.6095
304	304	-2575.3918	-2555.6601	-2549.346	19.731704	-2555.3203	-2535.2876	-2548.1835
305	305	-2917.6009	-2909.1402	-2904.8208	8.4606569	-2900.8265	-2887.8568	-2901.7204
306	306	-1404.2406	-1367.5699	-1331.5958	36.670652	-1380.3478	-1316.5644	-1359.5688
307	307	-1599.375	-1579.6242	-1557.3091	19.750843	-1595.1422	-1542.9485	-1571.5538
308	308	-2793.3256	-2780.2174	-2782.8778	13.108248	-2789.5601	-2764.9547	-2772.7638
309	309	-2495.8511	-2475.7359	-2460.2772	20.115162	-2491.9819	-2437.3646	-2468.2465
310	310	-3621.0781	-3620.01	-3622.4414	1.0680973	-3617.5009	-3602.5161	-3612.5543
311	311	-2431.2725	-2409.6301	-2404.0469	21.642394	-2427.3821	-2389.3301	-2402.0785
312	312	-2463.3734	-2430.7213	-2421.913	32.652134	-2439.4285	-2407.4324	-2423.3331
313	313	-2612.2506	-2594.4361	-2573.7028	17.814472	-2592.4476	-2557.0723	-2586.9435
314	314	-3312.467	-3303.5523	-3298.7769	8.9146499	-3308.7826	-3282.1052	-3295.9743
315	315	-1749.976	-1730.3342	-1724.3573	19.641772	-1745.806	-1709.115	-1722.4034
316	316	-2595.1075	-2564.2305	-2554.6143	30.876971	-2573.2418	-2538.3673	-2556.9769
317	317	-2281.6536	-2279.654	-2285.5647	1.9995683	-2277.7401	-2265.021	-2271.2473
318	318	-1710.4318	-1672.9107	-1644.4175	37.521084	-1686.7302	-1628.9419	-1665.1407
319	319	-1600.2359	-1595.4544	-1575.2641	4.7815344	-1596.0235	-1559.7259	-1587.4342
320	320	-1920.5388	-1892.4321	-1872.2722	28.106782	-1895.9271	-1857.8952	-1884.7242
321	321	-3249.928	-3239.3273	-3219.2588	10.600718	-3230.3663	-3200.1948	-3232.1273
322	322	-1310.1577	-1302.7511	-1263.0608	7.4066377	-1305.8245	-1245.2412	-1294.5449
323	323	-2083.7636	-2050.6534	-2037.4285	33.110198	-2063.3567	-2019.028	-2043.1057
324	324	-1521.1943	-1495.3906	-1481.8128	25.803652	-1516.9021	-1464.8917	-1487.3347
325	325	-1513.7869	-1494.8777	-1480.3822	18.90924	-1509.4723	-1461.9231	-1486.7963
326	326	-3508.3139	-3496.4983	-3503.1826	11.815554	-3504.7021	-3486.6916	-3489.794
327	327	-1578.24	-1556.1783	-1548.0048	22.061652	-1573.9951	-1528.9228	-1548.1247
328	328	-2320.5356	-2322.5339	-2325.0717	-1.998333	-2316.6197	-2307.4949	-2317.4227
329	329	-2374.5888	-2370.6031	-2361.3302	3.9857437	-2370.6979	-2345.995	-2363.0026
330	330	-1193.2358	-1159.1496	-1139.9847	34.086203	-1170.3075	-1123.5509	-1150.9316
331	331	-1385.0333	-1353.1099	-1322.9263	31.923357	-1380.6997	-1307.6916	-1345.0727
332	332	-2317.2952	-2286.3982	-2283.374	30.897028	-2313.3668	-2267.158	-2278.8902
333	333	-2932.7388	-2928.1049	-2931.1335	4.6338309	-2929.0394	-2915.6744	-2920.4739
334	334	-2532.7692	-2508.61	-2479.8648	24.159147	-2509.0059	-2465.2456	-2501.5912
335	335	-2110.9509	-2085.4227	-2041.4434	25.5282	-2087.6863	-2027.6199	-2078.241
336	336	-1408.5282	-1396.9663	-1378.2315	11.561857	-1404.2316	-1362.3116	-1388.6083
337	337	-2247.4181	-2213.1549	-2216.5664	34.263206	-2243.468	-2201.5881	-2205.6177
338	338	-2101.7245	-2096.9627	-2086.4041	4.7618293	-2097.5071	-2070.8118	-2089.3337
339	339	-2971.1624	-2936.9353	-2925.1905	34.227084	-2947.5972	-2911.097	-2929.7604
340	340	-1428.2035	-1415.4118	-1410.1436	12.791681	-1423.8706	-1389.8851	-1407.1911
341	341	-3494.583	-3487.2591	-3484.4035	7.3239111	-3490.9639	-3463.6685	-3480.434
342	342	-3121.8893	-3107.1909	-3091.3445	14.69838	-3107.5907	-3072.4977	-3098.9242
343	343	-2553.6958	-2540.9996	-2546.3278	12.696224	-2549.8394	-2531.7318	-2533.506
344	344	-2417.4418	-2405.7627	-2392.4474	11.679106	-2413.5775	-2377.8582	-2397.8725
345	345	-2556.1129	-2538.5392	-2532.0395	17.573743	-2552.2741	-2514.7013	-2530.694
346	346	-2575.9192	-2551.2899	-2533.0785	24.629303	-2551.7562	-2515.6951	-2543.8786
347	347	-3380.9814	-3359.66	-3366.3781	21.321367	-3377.3317	-3348.9056	-3353.1104
348	348	-2733.3959	-2706.6969	-2686.077	26.69899	-2711.3605	-2672.3907	-2699.3493
349	349	-2341.7298	-2332.3311	-2324.0853	9.39872	-2337.8089	-2307.9536	-2324.6396
350	350	-1992.6282	-1972.178	-1948.6971	20.450215	-1969.2632	-1933.4894	-1964.4839
351	351	-2942.2312	-2922.5155	-2885.6618	19.715689	-2919.3744	-2869.7622	-2915.2771
352	352	-1757.6557	-1742.1595	-1739.0413	15.496289	-1753.4982	-1723.1247	-1734.1153
353	353	-1387.561	-1363.4717	-1313.5728	24.089225	-1383.2406	-1295.652	-1355.3806
354	354	-2378.9409	-2376.5926	-2367.7375	2.3482154	-2375.0539	-2352.4982	-2368.7922
355	355	-2649.1629	-2620.6374	-2605.4584	28.5255	-2625.8812	-2587.3003	-2612.7114
356	356	-2596.9968	-2594.8804	-2600.9482	2.1164209	-2593.149	-2583.3127	-2587.2063
357	357	-2472.4795	-2442.6589	-2431.5461	29.820506	-2468.5933	-2412.8105	-2435.2054
358	358	-2010.0965	-1997.3015	-1975.5282	12.794984	-2006.044	-1959.6424	-1988.734
359	359	-1804.6786	-1773.9932	-1734.9689	30.685442	-1777.1995	-1718.6744	-1766.417
360	360	-3227.7925	-3221.2528	-3209.1502	6.5397297	-3224.1065	-3193.503	-3214.3534
361	361	-2485.0508	-2477.0579	-2466.5762	7.9928366	-2481.1553	-2448.7811	-2469.3931
362	362	-3910.689	-3905.6511	-3911.0248	5.0378913	-3907.1667	-3896.6339	-3898.4847
363	363	-1625.7906	-1608.3074	-1570.8918	17.483182	-1602.0767	-1555.0417	-1600.2257
364	364	-2208.3446	-2184.6955	-2162.2543	23.649141	-2204.3754	-2147.1365	-2177.0646
365	365	-1781.8432	-1768.2592	-1744.4892	13.583992	-1777.7329	-1729.8278	-1760.3487
366	366	-1163.0733	-1128.4959	-1095.7396	34.577449	-1158.5997	-1080.2023	-1120.2413
367	367	-1938.2894	-1924.265	-1888.9969	14.024356	-1914.8665	-1873.8518	-1916.449
368	368	-2783.8414	-2754.9024	-2742.5838	28.93901	-2760.163	-2727.1801	-2747.4461
369	369	-2504.1828	-2488.8424	-2472.8164	15.340417	-2500.3007	-2454.9185	-2481.2778
370	370	-2111.0131	-2108.7315	-2076.6706	2.2816663	-2086.219	-2060.5406	-2087.0309
371	371	-2343.1945	-2309.0073	-2295.1898	34.18719	-2318.1492	-2279.0606	-2300.9692
372	372	-2156.1711	-2123.1685	-2103.6935	33.002635	-2137.8582	-2087.801	-2115.5709
373	373	-3235.1357	-3227.0535	-3219.4153	8.0822743	-3231.4514	-3205.0216	-3219.7161
374	374	-1654.923	-1622.476	-1595.0358	32.446991	-1631.2199	-1580.3613	-1614.5866
375	375	-1005.7118	-990.73893	-965.01679	14.972865	-1001.1292	-949.42854	-982.29313
376	376	-2533.3231	-2516.2739	-2485.585	17.049196	-2514.4625	-2468.714	-2508.7474
377	377	-2276.1128	-2250.9083	-2218.6351	25.204554	-2252.5374	-2204.0354	-2243.5029
378	378	-2720.8481	-2709.8373	-2709.6029	11.010749	-2717.0831	-2692.5047	-2702.395
379	379	-2259.341	-2234.4671	-2206.3228	24.873942	-2236.5128	-2191.9981	-2226.9753
380	380	-2368.0528	-2349.8017	-2329.4802	18.251147	-2364.1517	-2312.6254	-2342.1984
381	381	-2339.6311	-2300.4232	-2276.4885	39.207857	-2318.1528	-2258.9865	-2293.2504
382	382	-3608.7354	-3600.5941	-3571.6292	8.1412951	-3586.6646	-3556.0431	-3593.6097
383	383	-1603.813	-1581.8175	-1549.3243	21.995478	-1599.5844	-1530.7897	-1573.809
384	384	-1630.908	-1609.6438	-1577.9026	21.26424	-1626.6966	-1563.6846	-1601.6679
385	385	-1507.3215	-1492.9936	-1441.6917	14.327911	-1483.6572	-1427.3929	-1485.0417
386	386	-1428.3515	-1389.6039	-1365.9486	38.747591	-1424.0015	-1351.5575	-1381.6112
387	387	-1752.115	-1745.6986	-1744.165	6.4164493	-1747.9623	-1722.6568	-1737.5779
388	388	-2387.1808	-2352.621	-2334.5779	34.559719	-2365.6343	-2317.7765	-2345.2512
389	389	-1671.3389	-1628.0167	-1603.7092	43.322291	-1647.3828	-1588.216	-1620.2028
390	390	-1838.7394	-1787.7396	-1777.0757	50.99982	-1818.2419	-1762.209	-1780.188
391	391	-1921.7606	-1904.5863	-1863.3552	17.174242	-1917.6701	-1848.8556	-1896.7574
392	392	-2921.8927	-2916.4314	-2899.5837	5.46133	-2900.3599	-2875.803	-2900.194
393	393	-2732.4099	-2714.0852	-2700.9426	18.324705	-2715.337	-2686.2937	-2706.3427
394	394	-1530.7695	-1513.4708	-1493.5278	17.29861	-1526.4948	-1476.9336	-1505.2175
395	395	-2198.2877	-2171.8129	-2153.1543	26.4748	-2178.5333	-2137.2088	-2164.2519
396	396	-2469.8617	-2456.3945	-2422.7876	13.467232	-2445.4026	-2409.1267	-2449.0795
397	397	-1866.793	-1852.6701	-1825.3783	14.122914	-1862.6799	-1808.5105	-1844.7656
398	398	-1435.7769	-1405.7023	-1364.1114	30.074579	-1411.9111	-1345.7784	-1397.7836
399	399	-1782.2374	-1763.9994	-1723.16	18.238021	-1758.7744	-1703.7832	-1756.2465
400	400	-2161.607	-2144.1035	-2132.1531	17.503513	-2157.3489	-2114.4689	-2135.6578
401	401	-1485.5632	-1471.406	-1450.4186	14.157286	-1481.2681	-1434.0053	-1463.2493
402	402	-2467.3268	-2455.4311	-2452.1776	11.895713	-2463.4635	-2436.1793	-2447.8627
403	403	-2721.3682	-2709.1157	-2689.0139	12.252412	-2717.5777	-2672.4633	-2701.603
404	404	-2149.313	-2127.6188	-2098.9367	21.694183	-2128.528	-2081.1261	-2119.9733
405	405	-2210.1304	-2205.7768	-2178.5201	4.3536067	-2186.4184	-2163.8387	-2191.7097
406	406	-1730.182	-1702.1994	-1686.863	27.982635	-1706.6467	-1672.0668	-1694.3729
407	407	-2195.8222	-2169.2081	-2143.3266	26.614104	-2171.5376	-2127.3086	-2161.6412
408	408	-1882.7768	-1855.438	-1820.1122	27.338764	-1859.3071	-1805.1243	-1847.6882
409	409	-1973.5283	-1951.0709	-1921.7212	22.457368	-1953.4995	-1904.9649	-1942.2278
410	410	-2013.3222	-1987.8443	-1974.31	25.47794	-2009.2659	-1959.4923	-1980.1152
411	411	-4654.1549	-4636.5159	-4630.9732	17.639019	-4635.5292	-4617.0021	-4629.8201
412	412	-1872.5766	-1842.1397	-1813.4063	30.43694	-1843.6372	-1797.0965	-1834.4946
413	413	-1974.7384	-1949.6073	-1928.0639	25.131093	-1951.1623	-1913.644	-1941.9013
414	414	-2454.6501	-2436.1684	-2386.3683	18.4817	-2430.5515	-2368.6496	-2428.9081
415	415	-2793.4519	-2786.2508	-2780.2919	7.2010273	-2789.6371	-2763.7231	-2779.2204
416	416	-2635.5998	-2616.6334	-2609.4451	18.966434	-2631.7801	-2593.8683	-2609.2102
417	417	-1648.9453	-1632.1514	-1620.6536	16.79395	-1644.7256	-1605.9471	-1624.133
418	418	-2415.5166	-2384.1918	-2366.0804	31.324796	-2394.2736	-2351.1094	-2376.7025
419	419	-2905.8608	-2898.0767	-2894.5209	7.7841476	-2902.1049	-2879.9678	-2890.7902
420	420	-2932.3775	-2916.8273	-2911.4904	15.550191	-2928.6192	-2897.5399	-2909.7058
421	421	-2612.2176	-2573.4911	-2551.6269	38.726457	-2588.9475	-2534.3406	-2566.2972
422	422	-3181.6924	-3168.3935	-3156.8997	13.298943	-3162.8033	-3142.499	-3161.0788
423	423	-1744.3649	-1715.9049	-1679.8766	28.460027	-1721.2805	-1664.4866	-1708.1043
424	424	-1437.81	-1404.6373	-1375.8446	33.172737	-1433.5343	-1361.481	-1396.6121
425	425	-2691.3327	-2658.858	-2640.2297	32.474708	-2668.9876	-2623.9923	-2651.9476
426	426	-1647.0325	-1608.1749	-1601.928	38.857639	-1642.7993	-1585.7575	-1600.2955
427	427	-1898.1481	-1882.2252	-1869.8208	15.922919	-1894.075	-1852.4114	-1874.1281
428	428	-1688.1892	-1658.3429	-1651.932	29.846325	-1683.9696	-1633.2873	-1649.5512
429	429	-1354.3945	-1319.0465	-1294.5815	35.348074	-1350.0735	-1278.41	-1310.9988
430	430	-1770.6909	-1765.8751	-1765.5032	4.8157725	-1766.5511	-1749.1312	-1757.7851
431	431	-2176.8958	-2164.35	-2147.9033	12.545807	-2172.9244	-2128.0264	-2156.6205
432	432	-1799.7163	-1784.8615	-1768.0107	14.854801	-1795.587	-1750.4397	-1776.9465
433	433	-2731.0579	-2729.6163	-2732.226	1.4416697	-2727.2904	-2716.8717	-2722.1413
434	434	-2365.0232	-2330.7533	-2306.6565	34.269962	-2341.7781	-2291.628	-2323.4627
435	435	-2188.1983	-2173.3518	-2132.145	14.846494	-2164.4152	-2117.1186	-2165.5793
436	436	-1762.4814	-1750.171	-1731.0516	12.310469	-1758.3463	-1715.5659	-1742.3144
437	437	-1229.4197	-1213.6729	-1198.4119	15.74677	-1225.0133	-1182.8922	-1205.336
438	438	-2879.5788	-2864.0846	-2859.939	15.494135	-2875.8431	-2845.27	-2856.671
439	439	-3019.8281	-3009.312	-2998.0936	10.516182	-3016.0641	-2981.6317	-3001.978
440	440	-1839.2616	-1832.9881	-1811.4074	6.2735781	-1835.1414	-1796.4245	-1824.9628
441	441	-3356.5156	-3351.708	-3346.3341	4.8075937	-3342.7853	-3329.5262	-3343.1916
442	442	-3613.7881	-3612.0526	-3613.0651	1.7355001	-3610.2093	-3591.0493	-3604.5994
443	443	-2705.6901	-2686.4611	-2669.5439	19.228976	-2701.8767	-2655.829	-2679.051
444	444	-2683.2844	-2670.4845	-2639.1891	12.799906	-2657.6344	-2621.3927	-2661.8934
445	445	-2933.9609	-2917.5986	-2901.8762	16.362294	-2922.1336	-2886.3079	-2910.3326
446	446	-1789.7547	-1762.8374	-1729.8542	26.917253	-1765.1756	-1711.7891	-1755.0525
447	447	-2215.4954	-2189.2291	-2190.087	26.26626	-2211.5436	-2174.4154	-2181.5682
448	448	-1520.7787	-1506.0193	-1496.9524	14.759423	-1516.5085	-1480.6981	-1498.187
449	449	-3671.6623	-3662.5939	-3658.7366	9.0683569	-3667.9606	-3644.6828	-3655.1417
450	450	-2452.039	-2422.5433	-2419.9167	29.495745	-2448.1521	-2405.5675	-2415.3502
451	451	-2499.3965	-2452.7255	-2441.2005	46.671021	-2476.0495	-2426.8941	-2445.4363
452	452	-2971.2062	-2968.3159	-2969.8114	2.8902896	-2967.4324	-2952.9356	-2959.2452
453	453	-1948.1965	-1920.3824	-1896.0173	27.814078	-1923.7098	-1881.9317	-1912.6216
454	454	-2307.6094	-2303.2217	-2304.7553	4.387708	-2303.7034	-2287.3064	-2295.4568
455	455	-3299.0958	-3293.1747	-3264.6408	5.921151	-3275.9047	-3250.039	-3286.1104
456	456	-2805.5897	-2773.4085	-2765.3218	32.181241	-2782.857	-2749.0008	-2766.109
457	457	-2661.0378	-2645.3585	-2636.188	15.679309	-2637.8243	-2618.3962	-2637.9436
458	458	-2371.1669	-2346.5054	-2323.9776	24.661502	-2367.254	-2309.9613	-2339.1366
459	459	-2384.1646	-2380.1485	-2382.0641	4.0161145	-2380.2861	-2366.2699	-2372.8262
460	460	-3319.9501	-3290.1236	-3261.9527	29.82653	-3302.8723	-3248.518	-3283.0034
461	461	-2069.0531	-2043.3574	-2010.458	25.695647	-2045.7233	-1996.5716	-2035.834
462	462	-2264.0448	-2261.1891	-2251.1038	2.8557501	-2252.2192	-2235.2513	-2253.4822
463	463	-1863.6359	-1838.0248	-1810.7838	25.61106	-1842.6194	-1795.0873	-1830.1064
464	464	-2786.1207	-2753.6905	-2739.7314	32.430234	-2766.5479	-2726.094	-2746.415
465	465	-2574.2555	-2550.3582	-2532.1583	23.89731	-2551.6134	-2517.4074	-2543.0313
466	466	-2261.0739	-2238.9034	-2219.539	22.170567	-2240.8518	-2202.0215	-2231.3332
467	467	-1819.0173	-1798.3018	-1793.6632	20.715451	-1814.8923	-1778.4646	-1789.8494
468	468	-2281.2426	-2267.9021	-2252.3401	13.340508	-2277.2656	-2236.3135	-2260.2179
469	469	-2056.3215	-2031.0398	-2003.4112	25.281729	-2052.2808	-1986.3112	-2023.3821
470	470	-2873.565	-2850.7073	-2856.7929	22.857758	-2869.7786	-2843.6635	-2843.6657
471	471	-2584.2572	-2559.154	-2536.6927	25.103194	-2560.4413	-2521.5685	-2551.7602
472	472	-1541.3845	-1543.3907	-1543.8716	-2.0061435	-1537.1486	-1524.9406	-1535.7745
473	473	-2574.0671	-2563.3296	-2537.3147	10.737544	-2550.3952	-2521.4992	-2555.2924
474	474	-2109.5739	-2094.0101	-2068.1101	15.563846	-2105.5695	-2053.705	-2086.2862
475	475	-1469.8807	-1448.2975	-1431.5474	21.583258	-1465.6264	-1414.7079	-1440.2264
476	476	-3015.1346	-2998.7712	-2993.8911	16.363362	-3011.4298	-2977.9021	-2991.5773
477	477	-1733.596	-1712.2133	-1690.0929	21.382705	-1729.4301	-1672.7969	-1703.9855
478	478	-1326.1498	-1297.358	-1248.2875	28.791795	-1302.1516	-1231.743	-1289.4348
479	479	-1632.0472	-1615.4388	-1596.4656	16.608408	-1627.8378	-1581.2538	-1607.3824
480	480	-1621.5055	-1595.6265	-1555.9257	25.878957	-1597.2534	-1541.5217	-1587.912
481	481	-2380.7295	-2362.8456	-2346.8134	17.883905	-2356.9105	-2328.5076	-2355.2526
482	482	-2471.0631	-2456.5605	-2429.7929	14.502565	-2448.2251	-2413.9382	-2448.9529
483	483	-2515.8459	-2496.1437	-2479.4004	19.702259	-2493.46	-2461.9289	-2488.2849
484	484	-2290.4969	-2283.1293	-2281.1582	7.3675369	-2286.5733	-2263.2364	-2275.3822
485	485	-3474.4855	-3465.4265	-3446.4071	9.0589746	-3450.7289	-3431.2874	-3458.1822
486	486	-2086.0891	-2066.3266	-2042.2462	19.762492	-2082.0561	-2027.7688	-2058.5631
487	487	-3825.1338	-3811.9884	-3811.7478	13.145434	-3821.5918	-3796.4679	-3804.8781
488	488	-2454.9247	-2442.9102	-2365.3944	12.014532	-2431.5068	-2351.8761	-2423.3808
489	489	-1539.4253	-1528.2207	-1505.8558	11.204611	-1535.1538	-1490.3001	-1520.0776
490	490	-2122.0266	-2101.0449	-2079.4554	20.981737	-2100.5779	-2063.5411	-2093.3723
491	491	-1382.6487	-1371.9007	-1351.9343	10.748025	-1378.3459	-1332.4226	-1363.6862
492	492	-2489.9983	-2480.738	-2485.9192	9.2603426	-2486.0962	-2465.9906	-2472.916
493	493	-2912.0118	-2875.2341	-2868.2783	36.777733	-2882.8727	-2851.5905	-2868.2439
494	494	-2770.0398	-2770.481	-2770.2598	-0.44125057	-2766.282	-2754.0291	-2762.8813
495	495	-2468.0187	-2441.7592	-2424.3651	26.259551	-2444.6597	-2407.4575	-2434.3369
496	496	-1619.5882	-1615.3296	-1609.9689	4.2586267	-1615.3559	-1589.5499	-1607.2604
497	497	-2056.5661	-2058.5459	-2049.3092	-1.9798216	-2052.5512	-2030.8093	-2052.6022
498	498	-2033.906	-2022.8808	-1998.4555	11.025167	-2029.9014	-1981.6082	-2015.0896
499	499	-1885.5745	-1836.9824	-1824.5717	48.592101	-1862.0116	-1810.2975	-1829.3939
