No.	ID	loglik_NUll	loglik_RES	loglik_all	log_ratio	loglik_Max1	loglik_Max2	loglik_Max3
0	0	-2188.8756	-2175.4846	-2184.2321	13.390978	-2184.9265	-2163.5644	-2165.7031
1	1	-2970.0174	-2957.2795	-2967.1691	12.737862	-2963.6652	-2945.9123	-2947.8554
2	2	-1724.2295	-1710.8987	-1716.2667	13.330779	-1720.0682	-1698.9795	-1702.3455
3	3	-2387.921	-2345.1958	-2357.311	42.725195	-2384.0292	-2335.7513	-2335.6923
4	4	-2537.6785	-2520.0781	-2528.9614	17.600407	-2533.8062	-2509.5732	-2510.8747
5	5	-2299.8491	-2273.4536	-2283.632	26.395495	-2295.9225	-2263.6451	-2263.6448
6	6	-1529.0187	-1513.6986	-1521.1317	15.320047	-1524.7744	-1503.4787	-1504.037
7	7	-1590.6938	-1566.1004	-1574.5022	24.593356	-1586.4521	-1555.8062	-1556.2135
8	8	-4384.5815	-4383.1928	-4387.726	1.3887656	-4381.1574	-4365.6817	-4374.6929
9	9	-1891.335	-1859.6776	-1867.7297	31.657369	-1887.255	-1850.0947	-1850.0954
10	10	-1987.257	-1947.7569	-1956.3505	39.500162	-1980.7186	-1935.2146	-1937.9743
11	11	-3093.4939	-3071.8435	-3078.2196	21.650403	-3089.769	-3054.4684	-3063.3933
12	12	-2386.6219	-2382.7234	-2391.0683	3.8984804	-2382.7327	-2369.4986	-2375.0315
13	13	-2338.4815	-2323.7581	-2331.0459	14.723469	-2334.5715	-2303.3278	-2313.9187
14	14	-1898.7177	-1882.0664	-1889.1316	16.651323	-1894.6596	-1870.4957	-1872.3665
15	15	-2053.4503	-2036.9465	-2044.997	16.50379	-2049.4392	-2024.8344	-2027.3122
16	16	-2035.1914	-2026.3541	-2035.1167	8.8372571	-2031.1818	-2016.0651	-2016.2906
17	17	-1935.2805	-1885.3258	-1893.7609	49.954732	-1920.1824	-1875.8705	-1875.8715
18	18	-1601.5426	-1534.34	-1544.2404	67.202543	-1597.296	-1518.8256	-1524.1494
19	19	-1365.6658	-1281.4897	-1292.505	84.176042	-1361.3453	-1271.204	-1271.2036
20	20	-1357.1074	-1347.0321	-1356.952	10.075348	-1352.7921	-1334.3694	-1336.0375
21	21	-2276.4818	-2239.1508	-2249.1366	37.330955	-2261.5526	-2227.7295	-2228.8291
22	22	-2188.7387	-2169.5131	-2177.8818	19.225633	-2184.7883	-2159.1195	-2160.0378
23	23	-2100.4035	-2098.4742	-2104.866	1.9293266	-2096.4337	-2085.4417	-2088.687
24	24	-2278.331	-2251.2085	-2262.2249	27.122559	-2274.42	-2241.3719	-2241.5556
25	25	-1986.5882	-1978.1394	-1985.6633	8.4487809	-1982.5503	-1968.186	-1968.176
26	26	-2002.4351	-1975.2413	-1985.6886	27.193818	-1998.4372	-1965.3482	-1965.3499
27	27	-1073.032	-999.14572	-1008.7426	73.886277	-1068.4941	-988.75478	-988.75485
28	28	-1670.756	-1619.8645	-1630.751	50.891557	-1666.558	-1609.739	-1609.7384
29	29	-1777.275	-1759.5835	-1766.2912	17.691436	-1773.1437	-1741.6269	-1749.4487
30	30	-2594.5771	-2557.8592	-2566.297	36.717887	-2579.626	-2548.7262	-2548.7281
31	31	-1241.8287	-1198.2902	-1206.7012	43.53852	-1237.4361	-1187.3948	-1188.4726
32	32	-2287.0226	-2233.7439	-2242.4907	53.278706	-2277.1765	-2224.8374	-2224.8373
33	33	-1897.7983	-1851.6618	-1862.2256	46.136503	-1882.961	-1838.9885	-1840.4502
34	34	-1464.5345	-1415.2082	-1426.8857	49.326304	-1460.2714	-1403.9394	-1404.9911
35	35	-1745.2006	-1707.2144	-1717.9925	37.986157	-1741.0521	-1696.1664	-1697.1774
36	36	-1795.6304	-1761.5564	-1772.2931	34.073986	-1791.5164	-1749.9761	-1751.5224
37	37	-1802.4657	-1762.7814	-1774.4573	39.684234	-1796.9797	-1748.9428	-1750.3034
38	38	-1570.7869	-1539.8833	-1549.2204	30.903592	-1566.5331	-1529.3959	-1530.0069
39	39	-1744.0114	-1728.8121	-1738.6799	15.199254	-1739.8669	-1715.038	-1718.5139
40	40	-1844.021	-1794.9506	-1804.0035	49.070364	-1839.9104	-1785.6191	-1785.617
41	41	-1795.0548	-1792.3708	-1799.3947	2.6839657	-1790.3192	-1778.9893	-1781.2323
42	42	-1209.4283	-1180.3042	-1188.174	29.124131	-1204.8643	-1164.5746	-1168.1751
43	43	-1793.5552	-1795.5615	-1798.1999	-2.0062942	-1788.1089	-1781.6753	-1784.9532
44	44	-1689.4619	-1642.7259	-1651.9716	46.735944	-1685.2964	-1632.4703	-1632.4956
45	45	-2290.8238	-2257.7097	-2265.8596	33.114009	-2278.7455	-2247.1993	-2247.1992
46	46	-2310.4574	-2283.3126	-2294.6747	27.144755	-2306.5185	-2271.5821	-2273.5209
47	47	-2358.9138	-2344.7012	-2350.2802	14.212525	-2355.002	-2336.0059	-2335.9983
48	48	-2406.502	-2398.0779	-2405.5343	8.4240606	-2402.6258	-2386.2832	-2388.8761
49	49	-1736.2295	-1691.6637	-1703.3476	44.565804	-1732.0714	-1679.5079	-1681.5928
50	50	-1665.8304	-1633.8203	-1645.4606	32.010057	-1661.5468	-1622.4308	-1622.426
51	51	-2795.9378	-2786.8325	-2797.8826	9.105287	-2792.1648	-2773.32	-2778.0235
52	52	-1971.4963	-1946.4372	-1952.2121	25.059173	-1967.4873	-1938.0817	-1938.077
53	53	-2839.7647	-2838.6076	-2844.0882	1.1571608	-2835.968	-2824.7791	-2828.9061
54	54	-2201.823	-2151.2697	-2162.8066	50.553338	-2187.3558	-2140.9977	-2141.0056
55	55	-1747.0603	-1669.5696	-1680.1646	77.490669	-1731.9282	-1658.1527	-1659.5708
56	56	-2172.6847	-2146.068	-2154.4986	26.616713	-2168.7063	-2133.8199	-2136.6217
57	57	-1854.7185	-1803.1231	-1813.6016	51.595352	-1850.5842	-1788.3899	-1793.0042
58	58	-1270.9632	-1232.0594	-1241.6476	38.903844	-1266.561	-1219.7945	-1221.9626
59	59	-2208.1162	-2193.2047	-2203.2557	14.911506	-2204.1599	-2175.2312	-2183.3185
60	60	-2109.2588	-2091.3321	-2101.6788	17.926686	-2105.267	-2080.9178	-2081.4377
61	61	-2170.3818	-2137.1014	-2145.1038	33.280365	-2166.4069	-2126.5727	-2127.3556
62	62	-2270.3302	-2204.3963	-2213.0992	65.933849	-2266.3666	-2195.4732	-2195.4733
63	63	-1776.7997	-1755.9815	-1766.6348	20.818218	-1772.688	-1743.8848	-1745.9259
64	64	-1828.2834	-1790.7802	-1800.8343	37.503188	-1824.1728	-1779.7065	-1781.2997
65	65	-2746.6337	-2717.6909	-2727.5633	28.942818	-2742.8326	-2704.4151	-2708.4002
66	66	-1891.0122	-1855.8802	-1866.4894	35.132052	-1886.94	-1845.7185	-1845.9163
67	67	-2674.6792	-2613.137	-2622.9154	61.5422	-2659.9511	-2602.0085	-2603.7659
68	68	-2786.7287	-2770.4922	-2779.2874	16.236483	-2782.9112	-2758.9185	-2761.4911
69	69	-2376.2826	-2311.4698	-2323.0133	64.812886	-2362.8762	-2301.7426	-2301.7437
70	70	-1812.0305	-1774.9304	-1786.5025	37.100031	-1807.8984	-1765.2445	-1765.1823
71	71	-1971.678	-1958.0793	-1965.1487	13.598636	-1967.6224	-1940.9083	-1948.3514
72	72	-1422.6282	-1360.6022	-1370.8963	62.026026	-1407.2712	-1350.2989	-1350.2981
73	73	-2786.8214	-2764.2455	-2774.2243	22.575935	-2782.9977	-2754.7807	-2754.7795
74	74	-3842.9269	-3834.8973	-3847.0742	8.0296478	-3839.386	-3818.953	-3827.7137
75	75	-2041.4346	-2005.0211	-2017.6842	36.413493	-2036.4446	-1990.7603	-1993.4938
76	76	-2603.0308	-2585.2091	-2596.9157	17.821721	-2599.1519	-2571.8681	-2574.9864
77	77	-2721.5052	-2713.2369	-2723.4463	8.2682711	-2714.3833	-2694.784	-2702.1496
78	78	-1860.8973	-1824.99	-1839.1422	35.907263	-1856.8226	-1813.822	-1814.165
79	79	-2065.5209	-2027.7872	-2036.8167	37.733751	-2060.2863	-2017.2231	-2018.5531
80	80	-2900.1416	-2874.8794	-2883.6528	25.262184	-2896.3643	-2865.4905	-2866.0809
81	81	-3721.5421	-3705.717	-3714.3952	15.825097	-3708.9623	-3695.7773	-3697.0326
82	82	-1118.1161	-1070.3601	-1082.058	47.755911	-1113.6198	-1058.639	-1059.8088
83	83	-2439.5721	-2432.1529	-2438.8615	7.4191958	-2435.6957	-2420.3507	-2422.603
84	84	-2469.3877	-2464.294	-2472.4796	5.0937054	-2465.5143	-2448.2998	-2454.9245
85	85	-1881.152	-1829.2276	-1839.7246	51.92437	-1866.6155	-1818.4604	-1819.1374
86	86	-1666.9643	-1579.6889	-1590.4303	87.275398	-1651.7507	-1567.5042	-1569.6709
87	87	-2100.4863	-2051.4753	-2059.9124	49.011032	-2086.6609	-2041.6836	-2041.6962
88	88	-1995.3034	-1983.6728	-1994.0476	11.63056	-1991.2724	-1972.2753	-1973.6481
89	89	-1833.9184	-1803.9608	-1814.9927	29.957601	-1829.8185	-1794.8221	-1794.1424
90	90	-1917.39	-1876.0201	-1886.5637	41.369905	-1913.3174	-1866.0926	-1866.0926
91	91	-2673.0528	-2664.9107	-2673.6038	8.142113	-2669.1988	-2648.895	-2655.4724
92	92	-1857.3908	-1809.3275	-1820.0362	48.063287	-1853.2869	-1798.8373	-1799.2398
93	93	-2039.0721	-2037.7527	-2043.5238	1.3194161	-2035.0555	-2021.9238	-2028.1208
94	94	-1465.7731	-1436.058	-1444.6594	29.715146	-1461.4883	-1424.671	-1426.4805
95	95	-2933.4125	-2929.3084	-2936.7923	4.1040249	-2929.551	-2909.5683	-2919.4288
96	96	-2011.9862	-1976.7374	-1988.2328	35.248774	-2007.9514	-1966.8167	-1966.8172
97	97	-2538.6636	-2518.0666	-2528.0191	20.597046	-2534.8244	-2506.7021	-2508.1804
98	98	-1575.3057	-1522.2667	-1533.8756	53.03901	-1571.058	-1511.8284	-1512.1491
99	99	-2037.9552	-2015.3486	-2024.1892	22.606587	-2033.9362	-2005.6444	-2005.6417
100	100	-1080.1493	-1027.9792	-1039.7022	52.170108	-1075.6505	-1017.4281	-1017.4282
101	101	-2140.0953	-2111.3178	-2122.7846	28.777478	-2136.1319	-2101.1408	-2101.494
102	102	-1985.9353	-1954.5156	-1964.2875	31.419735	-1981.8974	-1943.9203	-1945.0513
103	103	-1838.1916	-1781.3268	-1791.9089	56.864824	-1834.0767	-1771.2615	-1771.2602
104	104	-1279.0375	-1240.2677	-1252.0175	38.769733	-1274.6574	-1229.1998	-1229.8841
105	105	-1593.8505	-1539.9298	-1549.8579	53.920669	-1589.6312	-1524.0549	-1529.809
106	106	-2006.4096	-1988.4329	-1996.9539	17.97675	-2002.3821	-1978.6259	-1978.6249
107	107	-2815.5668	-2789.5472	-2798.8469	26.019602	-2811.7907	-2780.2743	-2780.8759
108	108	-2181.0461	-2137.1024	-2148.6357	43.943664	-2177.0918	-2126.6383	-2126.6497
109	109	-2321.8424	-2297.4733	-2309.0457	24.369107	-2317.9218	-2287.84	-2287.8072
110	110	-1325.5229	-1280.1835	-1289.5102	45.339445	-1317.2614	-1268.0825	-1270.0393
111	111	-1920.1503	-1918.4053	-1923.6448	1.7449933	-1916.0826	-1908.9795	-1909.8055
112	112	-2876.6891	-2843.7953	-2853.258	32.893827	-2869.0116	-2831.2239	-2834.363
113	113	-3484.5992	-3475.9829	-3484.6257	8.616308	-3480.9786	-3465.0558	-3467.524
114	114	-3234.3904	-3221.4281	-3230.2629	12.962316	-3230.5273	-3209.4327	-3212.0187
115	115	-2970.5816	-2939.6945	-2948.8279	30.887192	-2966.8513	-2928.918	-2931.2424
116	116	-3242.9871	-3231.1767	-3237.5259	11.810492	-3237.2974	-3216.9416	-3222.4097
117	117	-2703.0577	-2698.333	-2706.6407	4.7247294	-2699.2185	-2682.4313	-2688.8721
118	118	-2192.0773	-2170.6084	-2181.6762	21.468889	-2188.1278	-2160.8975	-2160.871
119	119	-1590.8099	-1555.861	-1566.9294	34.948902	-1586.5713	-1542.6568	-1545.6735
120	120	-1361.4237	-1334.4338	-1347.1661	26.989924	-1357.0438	-1318.5602	-1324.0116
121	121	-2297.5322	-2265.5019	-2274.6727	32.030301	-2293.6006	-2253.1969	-2255.8836
122	122	-1458.23	-1453.6741	-1458.8649	4.5558938	-1453.7791	-1442.6388	-1442.3618
123	123	-1314.9624	-1304.1687	-1313.8966	10.793705	-1310.606	-1287.2069	-1293.994
124	124	-1526.8114	-1450.3856	-1461.2426	76.42581	-1512.9933	-1439.5635	-1440.2336
125	125	-1721.1612	-1703.6735	-1716.4013	17.487632	-1717.016	-1687.3191	-1693.5536
126	126	-1247.498	-1186.5771	-1195.0077	60.920865	-1243.1169	-1176.292	-1176.6803
127	127	-2769.9498	-2749.2426	-2760.7043	20.707183	-2766.1463	-2737.1857	-2739.8555
128	128	-1446.2159	-1409.319	-1418.6792	36.896947	-1441.9236	-1398.3794	-1399.354
129	129	-2033.0893	-2009.0737	-2017.9372	24.015592	-2029.0687	-1997.4314	-1999.6817
130	130	-2251.1783	-2231.1354	-2243.0377	20.042845	-2247.2406	-2219.185	-2221.4322
131	131	-2027.5568	-1980.6924	-1990.986	46.864336	-2023.5063	-1963.3124	-1970.779
132	132	-1365.0004	-1266.2727	-1277.3854	98.727701	-1349.5717	-1255.9891	-1255.988
133	133	-1388.7813	-1322.1878	-1333.7349	66.593527	-1384.4838	-1311.0664	-1311.8666
134	134	-2002.5465	-2002.1216	-2006.682	0.42482956	-1998.5178	-1994.77	-1994.7694
135	135	-990.99319	-915.73142	-925.49776	75.261762	-986.38793	-905.23916	-905.23614
136	136	-1775.5681	-1776.801	-1780.0938	-1.2329633	-1771.4465	-1766.1745	-1765.9293
137	137	-1777.027	-1734.4667	-1746.1368	42.560345	-1772.8727	-1724.4203	-1724.4219
138	138	-1756.7514	-1707.5512	-1716.4769	49.200198	-1752.5995	-1695.3391	-1698.0515
139	139	-1589.7603	-1567.38	-1573.6181	22.380237	-1585.5322	-1556.0247	-1557.9341
140	140	-2932.9166	-2930.062	-2935.5764	2.8546473	-2929.1757	-2918.2357	-2921.7738
141	141	-1407.0527	-1358.3512	-1367.5608	48.701515	-1402.7218	-1348.387	-1348.3798
142	142	-1660.6419	-1646.789	-1654.1069	13.852897	-1656.4329	-1636.6124	-1637.2617
143	143	-1897.9014	-1878.7463	-1889.4633	19.15506	-1893.8477	-1868.6437	-1868.8825
144	144	-3113.4799	-3105.0986	-3110.3292	8.3813424	-3109.7467	-3093.9338	-3096.3696
145	145	-1621.927	-1598.2815	-1605.7633	23.645592	-1617.7158	-1587.1379	-1588.7825
146	146	-2566.1206	-2558.4349	-2566.4076	7.6856576	-2562.2311	-2546.0063	-2549.1841
147	147	-2891.279	-2881.5562	-2892.1449	9.7227398	-2886.999	-2868.5598	-2871.8666
148	148	-1842.7403	-1818.7575	-1827.2105	23.982764	-1838.6426	-1808.145	-1809.1161
149	149	-871.92572	-778.78838	-787.2124	93.137341	-862.24809	-768.47428	-768.47384
150	150	-1995.1184	-1975.2005	-1987.5179	19.917871	-1991.0939	-1965.2692	-1965.2664
151	151	-1673.9839	-1643.9813	-1652.3936	30.002607	-1669.7896	-1632.1127	-1634.2361
152	152	-2220.9754	-2212.3801	-2218.2962	8.5952704	-2216.9916	-2197.803	-2203.8943
153	153	-2420.4782	-2387.6997	-2397.5249	32.778475	-2416.5819	-2377.7443	-2377.8369
154	154	-1202.0981	-1118.1381	-1127.4174	83.960023	-1186.524	-1108.04	-1108.0419
155	155	-3263.9889	-3242.3898	-3252.514	21.599053	-3256.0589	-3231.9142	-3233.4921
156	156	-1117.69	-1067.4354	-1077.1683	50.254639	-1113.2236	-1057.1732	-1057.173
157	157	-2616.7949	-2583.2473	-2595.0906	33.547581	-2610.2459	-2573.5514	-2573.8184
158	158	-2545.5413	-2519.073	-2527.5	26.468227	-2541.3957	-2507.4606	-2509.1547
159	159	-2260.039	-2238.7068	-2247.1325	21.332134	-2256.0982	-2227.6871	-2229.2557
160	160	-2421.2184	-2401.924	-2413.77	19.294364	-2417.3193	-2393.2432	-2393.988
161	161	-2017.0976	-2008.3051	-2016.526	8.7925317	-2013.1019	-1994.2354	-1998.6071
162	162	-1529.4263	-1458.744	-1467.8685	70.682284	-1514.0917	-1449.2076	-1449.2025
163	163	-2805.5458	-2780.3025	-2786.9813	25.243248	-2801.7422	-2771.5495	-2771.5437
164	164	-2536.5467	-2522.109	-2531.7278	14.437757	-2532.6991	-2511.4002	-2512.4874
165	165	-2446.7443	-2416.2037	-2424.4722	30.540612	-2442.8841	-2400.945	-2406.8277
166	166	-1120.0989	-1066.8489	-1075.0897	53.250021	-1115.5976	-1053.5933	-1056.7512
167	167	-1749.8024	-1740.2629	-1752.0418	9.5395241	-1745.6779	-1730.6073	-1731.918
168	168	-1253.7031	-1227.703	-1236.5312	26.000093	-1249.3238	-1216.5875	-1217.8559
169	169	-2271.5986	-2197.9855	-2209.3748	73.613088	-2267.6592	-2186.6052	-2188.2414
170	170	-1983.2843	-1945.8581	-1957.5368	37.426237	-1979.2427	-1935.9398	-1935.9389
171	171	-1413.3847	-1382.3056	-1390.7342	31.079051	-1409.0387	-1370.7407	-1372.4023
172	172	-1899.6431	-1876.2879	-1886.8285	23.355216	-1895.5806	-1865.4693	-1866.2652
173	173	-1875.6783	-1846.9192	-1856.2523	28.759116	-1865.285	-1835.5613	-1836.9165
174	174	-2674.0436	-2658.3305	-2665.1717	15.713167	-2670.2442	-2648.9609	-2649.0009
175	175	-1623.6421	-1570.8054	-1582.5028	52.836718	-1619.4079	-1560.7148	-1560.7155
176	176	-2011.4261	-1986.8197	-2000.7343	24.606401	-2007.3825	-1973.7437	-1978.5023
177	177	-1588.604	-1552.3915	-1561.5579	36.212544	-1584.3433	-1541.8982	-1542.442
178	178	-1539.6087	-1520.1503	-1529.6114	19.458441	-1535.3252	-1508.4916	-1510.1599
179	179	-2762.8214	-2747.7544	-2756.0653	15.066992	-2759.0214	-2736.4602	-2737.8745
180	180	-1635.9233	-1581.3084	-1589.7527	54.614959	-1623.6839	-1569.0354	-1571.6828
181	181	-2334.0468	-2322.4996	-2330.5711	11.547213	-2330.1257	-2307.6229	-2313.2178
182	182	-1837.8049	-1834.8571	-1841.7675	2.9477589	-1833.7138	-1825.8807	-1824.7272
183	183	-1253.2573	-1217.234	-1227.5002	36.023389	-1248.8767	-1205.5976	-1206.8498
184	184	-2391.8046	-2369.747	-2383.2729	22.057576	-2387.8866	-2357.3055	-2359.7284
185	185	-3223.955	-3222.9445	-3228.4355	1.0104515	-3219.8039	-3209.7397	-3213.0723
186	186	-3031.7267	-3023.5231	-3032.115	8.2035298	-3027.066	-3009.5745	-3013.1745
187	187	-3029.6122	-3014.6263	-3019.4145	14.985957	-3025.8732	-2997.1537	-3005.9445
188	188	-3227.8663	-3226.4262	-3231.9186	1.4401003	-3224.1309	-3213.6701	-3218.386
189	189	-1639.4769	-1598.9072	-1610.6493	40.569784	-1635.2864	-1588.8379	-1588.8367
190	190	-1057.4983	-1028.7723	-1031.8384	28.726004	-1052.9555	-1007.1562	-1019.0164
191	191	-2374.787	-2360.8936	-2369.3233	13.893421	-2370.8938	-2349.7692	-2351.4125
192	192	-1944.5742	-1910.8467	-1922.5517	33.727566	-1940.5243	-1898.9885	-1900.9007
193	193	-3415.4283	-3374.9434	-3386.6461	40.484899	-3402.5995	-3360.5636	-3364.8289
194	194	-1520.8165	-1495.0642	-1505.6	25.752357	-1516.5363	-1484.0091	-1485.0278
195	195	-1423.3188	-1314.1341	-1325.6781	109.18463	-1417.4755	-1303.96	-1303.9601
196	196	-2128.7457	-2092.6278	-2102.9522	36.117877	-2124.7358	-2081.9741	-2082.7648
197	197	-2086.7273	-2039.7265	-2051.2544	47.000816	-2082.7438	-2028.1532	-2029.9193
198	198	-1952.4401	-1949.7567	-1954.913	2.6834013	-1948.3808	-1938.3053	-1940.8415
199	199	-1354.3452	-1346.0365	-1353.3475	8.308678	-1349.9852	-1332.462	-1336.1522
200	200	-2075.9277	-2051.065	-2059.5157	24.862763	-2071.9146	-2041.36	-2041.8022
201	201	-1372.2287	-1346.803	-1358.8257	25.425625	-1367.9084	-1331.8111	-1335.8474
202	202	-2904.2305	-2870.3071	-2879.4062	33.923312	-2898.2674	-2861.2632	-2861.7276
203	203	-1507.5581	-1500.3071	-1505.9006	7.2510229	-1503.2879	-1485.975	-1490.7756
204	204	-2678.8311	-2650.9219	-2662.093	27.909252	-2675.0136	-2641.2518	-2641.2657
205	205	-1807.8823	-1759.2039	-1770.3295	48.678441	-1803.7376	-1749.6726	-1749.671
206	206	-1752.6781	-1739.9265	-1751.2826	12.751577	-1748.5283	-1725.9759	-1729.7091
207	207	-2232.6255	-2204.9953	-2214.4853	27.630125	-2228.6919	-2194.2762	-2195.2148
208	208	-3387.3695	-3371.9452	-3380.2176	15.424309	-3383.7351	-3363.0092	-3362.698
209	209	-1664.2422	-1618.633	-1630.3144	45.60915	-1660.0521	-1608.5064	-1608.5059
210	210	-2440.0051	-2413.8133	-2427.4534	26.191731	-2436.1145	-2402.9342	-2403.8279
211	211	-3024.5021	-3014.1862	-3021.0032	10.315896	-3020.7696	-3003.2047	-3004.7291
212	212	-2876.3278	-2858.7993	-2866.4147	17.528496	-2872.5516	-2850.231	-2849.9197
213	213	-1701.6466	-1646.2979	-1656.9804	55.348643	-1693.1552	-1634.4433	-1636.1435
214	214	-2880.4796	-2875.9711	-2881.6614	4.5085266	-2876.7601	-2867.1411	-2868.7392
215	215	-2122.7787	-2106.0414	-2111.8968	16.737303	-2118.8123	-2094.3221	-2097.3053
216	216	-2420.0113	-2394.8991	-2403.2853	25.1122	-2416.1103	-2384.9283	-2385.5215
217	217	-2146.1659	-2133.9227	-2143.8395	12.243143	-2142.165	-2115.8055	-2124.0293
218	218	-1989.9677	-1981.4371	-1992.0031	8.5305556	-1985.935	-1970.9991	-1971.4534
219	219	-1719.0878	-1630.8854	-1639.2838	88.202334	-1700.9142	-1621.4382	-1621.4386
220	220	-2342.4404	-2318.7878	-2330.1173	23.652665	-2338.5421	-2309.0048	-2309.0076
221	221	-1459.6465	-1418.7675	-1429.8872	40.878997	-1455.3284	-1407.0348	-1408.5467
222	222	-2737.172	-2719.7007	-2729.7502	17.47132	-2733.3433	-2707.4095	-2710.2255
223	223	-3044.197	-3044.7568	-3048.8621	-0.55977202	-3040.4791	-3031.4694	-3035.8063
224	224	-2128.7139	-2087.8043	-2098.8815	40.909598	-2124.4615	-2073.0588	-2076.7323
225	225	-2058.6967	-1980.0791	-1991.5949	78.617587	-2043.5522	-1970.2762	-1970.2765
226	226	-2097.278	-2054.5346	-2063.5974	42.74339	-2093.2703	-2043.5159	-2045.1649
227	227	-1631.4844	-1602.4152	-1612.7001	29.069211	-1627.2691	-1591.3021	-1592.2691
228	228	-2307.7123	-2302.9471	-2310.7572	4.7652174	-2303.8096	-2291.177	-2293.3513
229	229	-1123.8112	-1085.5054	-1096.2447	38.305828	-1119.3148	-1073.4525	-1074.9748
230	230	-2050.5993	-2027.6393	-2036.4701	22.96006	-2046.5835	-2017.4808	-2017.9195
231	231	-2910.6074	-2900.7202	-2908.6349	9.8872252	-2906.8211	-2889.5763	-2891.4407
232	232	-2615.142	-2574.7414	-2583.4874	40.400569	-2611.2985	-2565.837	-2565.8703
233	233	-2984.3507	-2979.7959	-2986.4399	4.5547965	-2979.2484	-2963.4102	-2968.5363
234	234	-1261.685	-1222.1304	-1232.8169	39.554591	-1257.2831	-1207.6293	-1211.7485
235	235	-1190.1249	-1171.1212	-1179.7328	19.003779	-1185.699	-1160.796	-1160.8486
236	236	-2462.9236	-2462.581	-2467.5324	0.34261258	-2459.0579	-2440.0952	-2454.3584
237	237	-3025.6417	-3021.2296	-3026.898	4.4120632	-3021.8677	-3006.2085	-3012.124
238	238	-1173.5844	-1120.5856	-1129.0242	52.998785	-1169.1626	-1108.6436	-1110.5823
239	239	-2042.5858	-1997.5825	-2007.8641	45.003336	-2027.042	-1985.9792	-1987.6991
240	240	-1261.8512	-1226.2567	-1237.5775	35.59448	-1257.4792	-1215.8685	-1215.8681
241	241	-2290.7059	-2249.7717	-2263.3653	40.934175	-2286.7874	-2240.6414	-2240.6095
242	242	-1066.8228	-1029.837	-1039.71	36.98585	-1062.3197	-1019.1536	-1019.4154
243	243	-1238.612	-1174.67	-1186.3476	63.942015	-1234.2	-1163.183	-1164.2975
244	244	-2033.2167	-1992.3035	-2003.9766	40.913137	-2029.193	-1980.4687	-1982.4112
245	245	-2397.4065	-2311.8816	-2323.434	85.524911	-2382.4984	-2302.3455	-2302.3453
246	246	-2124.4118	-2102.6623	-2111.707	21.749486	-2119.1047	-2087.5581	-2091.0488
247	247	-2200.6857	-2126.9764	-2138.3653	73.709294	-2196.7356	-2113.7113	-2117.1928
248	248	-1929.657	-1885.9891	-1894.9147	43.667942	-1925.5678	-1873.6984	-1876.7457
249	249	-1703.162	-1649.5367	-1661.1645	53.625264	-1698.9654	-1638.5706	-1639.4495
250	250	-1527.3316	-1512.1048	-1519.5791	15.226861	-1523.0732	-1502.1808	-1502.1342
251	251	-1787.2107	-1751.9788	-1763.6636	35.231882	-1783.0771	-1739.7864	-1741.9008
252	252	-2412.1809	-2377.2351	-2387.195	34.945823	-2408.2985	-2366.4425	-2367.3845
253	253	-1548.294	-1519.9367	-1530.9629	28.357333	-1544.029	-1508.326	-1509.7397
254	254	-1492.1735	-1460.0707	-1471.1246	32.102776	-1487.9134	-1449.8714	-1449.8709
255	255	-2632.2761	-2604.8271	-2613.2584	27.449011	-2616.7776	-2595.8763	-2595.8624
256	256	-2263.8034	-2213.8847	-2223.9433	49.918623	-2252.4052	-2203.9191	-2204.0587
257	257	-2648.0606	-2623.1385	-2632.0903	24.922094	-2644.247	-2612.8807	-2614.3182
258	258	-2506.151	-2494.1925	-2499.9478	11.958484	-2502.3078	-2485.2374	-2485.9674
259	259	-1856.5497	-1807.2338	-1815.6418	49.31593	-1852.4701	-1797.7358	-1797.7356
260	260	-2067.382	-2030.9142	-2043.1836	36.467783	-2063.3883	-2019.2397	-2021.1663
261	261	-2749.258	-2750.8532	-2753.8826	-1.595183	-2745.4629	-2743.4217	-2744.5379
262	262	-2446.927	-2423.8949	-2434.3158	23.032124	-2443.0396	-2410.8825	-2414.0259
263	263	-2365.0987	-2353.2942	-2362.1374	11.804494	-2361.1799	-2340.7354	-2344.751
264	264	-1904.5031	-1887.4275	-1896.319	17.075619	-1900.4386	-1877.3082	-1877.5022
265	265	-2000.0077	-1993.5835	-1999.5432	6.424229	-1995.3839	-1979.8653	-1983.1649
266	266	-3543.7825	-3522.124	-3530.8762	21.658544	-3540.1592	-3502.588	-3512.7256
267	267	-1527.4265	-1500.6175	-1508.1761	26.808994	-1523.1428	-1481.9286	-1490.7015
268	268	-2213.3477	-2185.0506	-2196.3958	28.297031	-2203.8528	-2168.6362	-2173.173
269	269	-2434.8919	-2415.0902	-2425.904	19.801767	-2431.0398	-2403.9398	-2405.1991
270	270	-1883.3258	-1804.1787	-1815.6982	79.147059	-1870.0271	-1789.3881	-1791.202
271	271	-1635.6641	-1549.6989	-1561.2463	85.965208	-1624.4739	-1538.7733	-1539.6316
272	272	-2375.4677	-2337.0123	-2348.3787	38.455368	-2371.5793	-2327.2976	-2327.2964
273	273	-2055.9916	-2042.6486	-2048.4548	13.343035	-2051.9952	-2032.2363	-2034.066
274	274	-2155.1782	-2112.6059	-2127.165	42.572334	-2151.2077	-2102.4296	-2102.6212
275	275	-1149.1609	-1128.7902	-1138.6338	20.370747	-1144.7161	-1117.2329	-1118.4774
276	276	-1632.5565	-1567.1269	-1578.0705	65.429657	-1617.7666	-1553.6457	-1557.0015
277	277	-2118.8361	-2111.5671	-2120.5684	7.2690882	-2113.9292	-2100.7194	-2100.8503
278	278	-1784.142	-1728.8222	-1740.5004	55.319836	-1780.0405	-1717.2602	-1718.8809
279	279	-3044.8679	-3037.6308	-3049.235	7.2370755	-3041.1607	-3027.1562	-3031.3197
280	280	-2147.9061	-2086.0466	-2098.3271	61.859475	-2132.9269	-2076.4624	-2076.6275
281	281	-1804.3831	-1743.6516	-1752.6328	60.731484	-1800.2691	-1732.845	-1734.4062
282	282	-1646.2861	-1610.8508	-1622.5614	35.43537	-1642.0739	-1598.6963	-1600.6978
283	283	-2378.9443	-2315.3637	-2325.3669	63.580579	-2357.9295	-2305.795	-2305.7939
284	284	-1997.0288	-1927.8625	-1939.388	69.166377	-1983.3388	-1915.8271	-1917.6838
285	285	-2658.2537	-2604.9547	-2614.8318	53.299057	-2643.5862	-2595.4975	-2595.4079
286	286	-2199.5002	-2125.0239	-2135.8205	74.476301	-2188.9219	-2116.1769	-2116.176
287	287	-2777.6711	-2768.3522	-2777.9782	9.3188854	-2773.9127	-2755.1276	-2758.863
288	288	-2172.1836	-2110.078	-2120.3976	62.105632	-2168.2189	-2094.9614	-2100.24
289	289	-1949.4928	-1926.4588	-1935.0272	23.033988	-1945.448	-1916.6101	-1916.6354
290	290	-1615.7295	-1554.9829	-1565.8459	60.746589	-1611.4992	-1544.8038	-1544.803
291	291	-1512.6247	-1455.3507	-1465.0633	57.273981	-1500.1177	-1445.1014	-1445.096
292	292	-1911.6662	-1894.8253	-1904.0239	16.840894	-1907.6046	-1884.5864	-1885.2065
293	293	-2566.9038	-2549.6996	-2559.7148	17.204154	-2563.0594	-2538.2602	-2539.9322
294	294	-2508.3739	-2483.3593	-2493.2906	25.014516	-2504.534	-2472.5726	-2473.7956
295	295	-2776.2873	-2766.7624	-2774.2205	9.5248268	-2772.4846	-2749.4991	-2758.3417
296	296	-2427.944	-2369.1876	-2377.8789	58.756409	-2412.5791	-2360.3389	-2360.3387
297	297	-1210.497	-1191.8132	-1203.1386	18.683878	-1206.1064	-1180.3746	-1181.382
298	298	-2558.2871	-2547.5122	-2556.0542	10.774898	-2554.2401	-2534.4957	-2537.5553
299	299	-2077.7342	-2046.3291	-2058.0369	31.405111	-2073.7288	-2035.0874	-2036.4627
300	300	-1624.6441	-1579.2694	-1589.4034	45.374774	-1616.2125	-1568.8727	-1569.4987
301	301	-3082.8445	-3048.9222	-3057.6008	33.922292	-3079.136	-3038.3533	-3040.192
302	302	-2309.0353	-2249.3751	-2260.6826	59.660196	-2305.1256	-2239.6056	-2239.6045
303	303	-2791.5128	-2738.4773	-2749.5513	53.035582	-2777.612	-2728.8988	-2728.8988
304	304	-2333.9852	-2321.9765	-2332.6752	12.008743	-2330.0472	-2309.637	-2312.2585
305	305	-3202.9245	-3169.53	-3180.8106	33.394507	-3199.2006	-3156.3127	-3159.9216
306	306	-1329.1107	-1286.3716	-1297.6501	42.739073	-1324.775	-1273.9889	-1276.0724
307	307	-1599.1947	-1561.6227	-1573.3462	37.57194	-1594.9666	-1551.2942	-1551.5197
308	308	-2739.6932	-2729.6076	-2735.0555	10.085544	-2735.8831	-2717.757	-2721.5101
309	309	-2430.4669	-2400.9577	-2406.588	29.50922	-2415.1659	-2391.7482	-2393.1762
310	310	-3595.1998	-3593.8561	-3599.5365	1.3437003	-3591.6238	-3581.3863	-3584.8724
311	311	-2184.319	-2163.145	-2172.0917	21.173918	-2180.3527	-2152.3356	-2153.6625
312	312	-2376.2669	-2342.6365	-2352.7541	33.63039	-2372.3768	-2332.931	-2332.9299
313	313	-2421.0942	-2391.9553	-2400.7813	29.138932	-2409.3692	-2381.7605	-2382.8847
314	314	-3353.4402	-3342.9098	-3349.0675	10.530442	-3341.8658	-3331.252	-3334.3898
315	315	-1685.0599	-1659.9616	-1668.394	25.098326	-1680.8814	-1649.6438	-1650.1723
316	316	-2587.0629	-2563.1972	-2574.1085	23.865749	-2572.1591	-2545.7966	-2553.7538
317	317	-2176.88	-2178.4652	-2181.5333	-1.5852261	-2172.7553	-2167.7007	-2167.9527
318	318	-1835.1714	-1786.8097	-1795.868	48.361683	-1831.0724	-1777.446	-1777.4584
319	319	-1731.8289	-1718.3844	-1726.8252	13.444428	-1727.6798	-1706.3326	-1708.7693
320	320	-1944.5362	-1913.4677	-1923.9953	31.068523	-1940.4902	-1902.9832	-1903.4864
321	321	-3165.0617	-3150.3761	-3158.8541	14.685633	-3161.3626	-3135.2014	-3141.1279
322	322	-1192.9127	-1145.0788	-1156.4483	47.83392	-1188.4697	-1133.8414	-1134.6143
323	323	-1849.9819	-1795.9905	-1804.7295	53.991355	-1838.3669	-1783.8258	-1786.4328
324	324	-1403.0758	-1356.858	-1368.3581	46.217809	-1398.7494	-1346.5339	-1346.8818
325	325	-1324.7399	-1285.3212	-1296.4449	39.418722	-1319.0048	-1273.4725	-1273.4747
326	326	-3566.8729	-3568.4468	-3571.8293	-1.5738743	-3563.1473	-3549.0029	-3559.8926
327	327	-1396.3334	-1347.1023	-1356.3631	49.23109	-1392.0227	-1336.9408	-1337.0934
328	328	-2297.6209	-2294.912	-2300.9977	2.7089688	-2293.7118	-2281.4659	-2285.6382
329	329	-2321.0291	-2321.4962	-2325.6556	-0.46703726	-2317.1129	-2309.2747	-2311.6437
330	330	-1199.151	-1159.2869	-1168.9922	39.86402	-1194.738	-1146.81	-1149.4692
331	331	-1423.4646	-1358.0643	-1369.0382	65.40022	-1419.1873	-1343.8022	-1347.8615
332	332	-2373.4611	-2341.8906	-2354.1805	31.570487	-2369.0407	-2333.6643	-2333.5719
333	333	-2693.4621	-2685.6178	-2694.6157	7.8442392	-2688.7347	-2674.7764	-2674.5041
334	334	-2468.5051	-2446.8502	-2457.5909	21.654952	-2464.6187	-2437.6586	-2437.9108
335	335	-2055.6323	-2009.0467	-2020.6159	46.585641	-2048.5008	-1999.3542	-1999.3556
336	336	-1501.3045	-1483.5497	-1492.8449	17.754737	-1497.0315	-1473.076	-1473.5685
337	337	-2225.0126	-2204.3395	-2213.4017	20.673101	-2221.0608	-2190.8578	-2195.041
338	338	-1961.9967	-1928.2808	-1938.8873	33.715905	-1957.9598	-1918.7222	-1918.7183
339	339	-2824.5722	-2794.1947	-2802.9332	30.377453	-2820.7931	-2785.4055	-2785.4052
340	340	-1376.6363	-1327.9361	-1337.0965	48.700245	-1372.3185	-1317.6787	-1317.988
341	341	-3570.0077	-3560.0734	-3568.8228	9.9342984	-3566.204	-3548.5433	-3550.9855
342	342	-2841.5591	-2824.865	-2835.0787	16.694082	-2837.7832	-2811.6612	-2815.4137
343	343	-2731.9688	-2728.5911	-2736.8685	3.3777027	-2728.1709	-2716.5652	-2719.073
344	344	-2418.0584	-2411.9865	-2419.1371	6.0719053	-2414.176	-2399.0486	-2402.1046
345	345	-2542.3513	-2522.8122	-2534.2022	19.539097	-2538.4941	-2510.1086	-2513.1028
346	346	-2229.7215	-2211.6825	-2220.0463	18.039048	-2225.7854	-2201.8737	-2201.8574
347	347	-3108.602	-3097.9919	-3106.5536	10.610144	-3104.8672	-3084.6373	-3089.2041
348	348	-2619.5059	-2612.7032	-2621.6744	6.8026977	-2615.6899	-2597.8023	-2603.1524
349	349	-2240.058	-2214.9223	-2223.8277	25.135624	-2230.15	-2205.1664	-2205.6113
350	350	-2141.78	-2129.985	-2138.8661	11.794968	-2136.3116	-2114.8433	-2117.3119
351	351	-2808.5292	-2786.8447	-2797.2485	21.684492	-2804.7445	-2773.3903	-2777.4814
352	352	-1629.7346	-1597.0053	-1609.5421	32.72929	-1625.5128	-1586.2347	-1587.0067
353	353	-1069.2172	-1039.7245	-1048.2679	29.492726	-1064.7117	-1027.9155	-1029.6044
354	354	-2357.1974	-2340.8761	-2349.3031	16.321357	-2353.2989	-2329.7012	-2331.3981
355	355	-2587.1857	-2573.3285	-2582.2036	13.857219	-2583.3629	-2561.1488	-2564.0975
356	356	-2416.134	-2415.0574	-2420.7936	1.076582	-2412.2633	-2405.6387	-2405.819
357	357	-2444.6305	-2424.8806	-2434.4756	19.749944	-2440.734	-2415.3545	-2415.736
358	358	-1954.3016	-1895.3375	-1907.9315	58.964033	-1936.1241	-1883.2768	-1886.0275
359	359	-1775.1584	-1717.6681	-1728.3609	57.490226	-1770.2001	-1705.4275	-1705.4222
360	360	-3260.093	-3245.3865	-3254.6143	14.706495	-3256.4116	-3226.2123	-3235.5732
361	361	-2392.34	-2352.6442	-2362.7354	39.695848	-2388.4234	-2342.9283	-2342.929
362	362	-3878.205	-3856.7607	-3867.2852	21.444299	-3863.8111	-3847.8201	-3847.4772
363	363	-1499.7439	-1474.9488	-1488.0957	24.795054	-1495.4735	-1461.0589	-1464.7087
364	364	-1899.6034	-1858.4325	-1869.2276	41.170975	-1895.5079	-1848.6709	-1848.6708
365	365	-1564.7521	-1546.1994	-1552.9809	18.552783	-1560.5342	-1534.8221	-1535.9481
366	366	-1159.4721	-1118.8926	-1128.6393	40.579447	-1154.9804	-1108.5792	-1108.5792
367	367	-1968.7595	-1911.6209	-1921.0025	57.13859	-1952.6546	-1902.6367	-1902.5333
368	368	-2821.7071	-2786.2069	-2797.3633	35.500214	-2814.4652	-2776.4765	-2776.5409
369	369	-2391.5963	-2379.55	-2385.3816	12.046347	-2387.7256	-2369.3162	-2369.7441
370	370	-2088.2387	-2041.6992	-2051.1914	46.5395	-2073.2399	-2031.1732	-2032.6233
371	371	-2159.4609	-2142.4615	-2152.5692	16.999425	-2155.5154	-2130.2581	-2132.5998
372	372	-2252.1224	-2225.062	-2236.9315	27.060349	-2248.1673	-2212.8103	-2215.9618
373	373	-3040.2834	-3030.2042	-3040.2239	10.079203	-3036.5458	-3018.9252	-3020.5259
374	374	-1364.8301	-1316.2771	-1324.7249	48.552988	-1360.52	-1306.4316	-1306.4313
375	375	-999.02911	-979.57145	-989.47045	19.457667	-994.44112	-967.13411	-968.82306
376	376	-2360.4502	-2305.8356	-2316.6992	54.614601	-2350.8742	-2292.4894	-2296.0623
377	377	-2377.9715	-2318.3567	-2328.3331	59.614823	-2363.0503	-2308.7692	-2308.7694
378	378	-2732.2887	-2716.759	-2726.4196	15.529714	-2728.4955	-2704.1714	-2707.5104
379	379	-2194.2851	-2155.2022	-2167.6616	39.082928	-2190.2884	-2143.9792	-2145.5345
380	380	-2414.7801	-2400.0711	-2412.1335	14.708912	-2410.875	-2384.7141	-2390.2879
381	381	-2156.1658	-2119.0828	-2131.3103	37.08304	-2152.1774	-2109.4304	-2109.4295
382	382	-3451.7984	-3429.3513	-3439.3448	22.447148	-3440.7106	-3419.7069	-3420.5159
383	383	-1472.8542	-1428.138	-1440.8256	44.716217	-1467.0722	-1414.3579	-1415.0191
384	384	-1753.686	-1723.4706	-1735.34	30.215371	-1749.5374	-1712.8044	-1713.4163
385	385	-1490.0871	-1400.6947	-1412.2236	89.39235	-1474.7415	-1390.5945	-1390.5945
386	386	-1212.3431	-1162.5886	-1173.9029	49.754497	-1207.9292	-1147.7699	-1152.1952
387	387	-1614.4511	-1607.8916	-1614.5449	6.5594807	-1610.2426	-1596.5093	-1598.1489
388	388	-2171.1922	-2153.0696	-2161.0483	18.122572	-2167.238	-2137.4175	-2143.5229
389	389	-1621.6854	-1560.9828	-1570.0509	60.702682	-1608.6169	-1551.4722	-1551.4641
390	390	-1544.2394	-1503.579	-1514.8448	40.660485	-1539.9698	-1489.385	-1493.3936
391	391	-1655.7084	-1611.4603	-1623.4937	44.24813	-1651.5179	-1599.8044	-1601.4586
392	392	-2919.3587	-2909.9146	-2917.7959	9.4440951	-2915.599	-2898.957	-2900.0795
393	393	-2530.8648	-2501.3131	-2513.3967	29.551707	-2520.2919	-2490.9426	-2490.9222
394	394	-1599.0509	-1569.8221	-1580.77	29.228772	-1594.852	-1558.8023	-1559.6606
395	395	-2105.8831	-2079.7491	-2088.6618	26.134012	-2101.9177	-2068.8534	-2069.7543
396	396	-2515.9674	-2480.1201	-2492.8343	35.847297	-2508.8443	-2465.9331	-2470.8537
397	397	-1800.485	-1754.7349	-1763.6466	45.750135	-1796.3515	-1742.3224	-1745.0032
398	398	-1374.2113	-1299.566	-1310.0557	74.645336	-1369.8807	-1284.6209	-1289.2164
399	399	-1849.4157	-1800.2116	-1813.2201	49.204099	-1845.3164	-1783.6286	-1790.0539
400	400	-2181.4683	-2119.7095	-2131.2515	61.758873	-2177.5035	-2108.5576	-2109.8812
401	401	-1363.6443	-1333.0374	-1345.0091	30.606826	-1359.2982	-1321.6569	-1322.9429
402	402	-2353.2415	-2306.3863	-2318.2307	46.855149	-2340.3473	-2289.699	-2296.556
403	403	-2701.0914	-2682.043	-2690.486	19.048365	-2697.2612	-2669.7813	-2672.1738
404	404	-2000.2	-1949.6254	-1958.7949	50.574606	-1996.1721	-1939.9235	-1939.9394
405	405	-2273.3578	-2245.8396	-2255.3268	27.518159	-2269.4139	-2233.7031	-2236.2064
406	406	-1425.5912	-1389.7928	-1397.7219	35.798469	-1421.2974	-1379.4622	-1379.9378
407	407	-2161.1454	-2140.0608	-2149.025	21.084551	-2157.1644	-2129.669	-2130.5753
408	408	-1831.1385	-1781.906	-1790.9797	49.23248	-1815.9849	-1772.3567	-1772.6104
409	409	-1947.1445	-1920.156	-1928.9288	26.988458	-1943.1052	-1906.6587	-1910.4904
410	410	-1865.0444	-1851.3233	-1857.4461	13.721076	-1860.9331	-1837.9075	-1842.1493
411	411	-4185.4226	-4171.1535	-4179.581	14.269164	-4177.7456	-4160.8339	-4162.3745
412	412	-1809.5434	-1777.5011	-1789.0561	32.042269	-1805.4196	-1767.2332	-1767.4669
413	413	-2018.123	-1984.0321	-1994.4911	34.090915	-2014.0938	-1973.7217	-1974.1109
414	414	-2278.7199	-2230.0815	-2238.8386	48.638445	-2274.7802	-2221.1382	-2221.1343
415	415	-2531.0441	-2516.4699	-2522.8277	14.574154	-2527.2059	-2502.065	-2507.1043
416	416	-2382.3617	-2364.9831	-2372.909	17.378677	-2378.4831	-2354.5917	-2355.3867
417	417	-1683.8714	-1652.8948	-1659.2351	30.97654	-1679.6752	-1643.6175	-1643.5946
418	418	-2271.3231	-2244.1455	-2255.4053	27.177571	-2267.3947	-2231.2373	-2234.3305
419	419	-2688.4009	-2673.2845	-2681.7157	15.116419	-2684.5762	-2663.3985	-2663.9948
420	420	-2913.0776	-2904.4334	-2912.7624	8.6441834	-2909.2967	-2894.5413	-2895.2564
421	421	-2411.7283	-2365.1769	-2372.8628	46.551419	-2395.4664	-2351.0547	-2356.0541
422	422	-3131.1973	-3104.1248	-3115.8858	27.072456	-3127.5113	-3093.8223	-3094.8557
423	423	-1608.2577	-1589.1007	-1597.6983	19.157046	-1604.0235	-1579.1876	-1579.3635
424	424	-1369.2736	-1334.9222	-1347.6385	34.351405	-1364.9514	-1321.2641	-1324.5578
425	425	-2670.3312	-2637.0422	-2648.3292	33.288998	-2655.5162	-2621.6455	-2625.7675
426	426	-1500.0147	-1474.48	-1482.967	25.534747	-1495.7388	-1464.6182	-1464.6188
427	427	-1792.178	-1759.9521	-1771.6565	32.225844	-1788.0533	-1747.7348	-1749.8718
428	428	-1678.0933	-1662.0549	-1672.4482	16.038412	-1673.5751	-1649.3705	-1650.6445
429	429	-1303.4086	-1279.5654	-1290.9887	23.843191	-1299.0726	-1267.5237	-1269.2105
430	430	-1876.5066	-1863.2635	-1871.6768	13.243165	-1872.4301	-1850.9921	-1853.6882
431	431	-2085.3343	-2066.612	-2075.9375	18.722286	-2081.3306	-2053.8861	-2056.9694
432	432	-1864.3347	-1814.2571	-1822.6694	50.077594	-1852.0129	-1804.4716	-1804.7621
433	433	-2610.8132	-2612.6007	-2615.4712	-1.7875532	-2606.971	-2600.8011	-2603.6487
434	434	-2253.2393	-2196.676	-2205.267	56.563341	-2238.3755	-2185.7022	-2187.7433
435	435	-2266.6915	-2212.8338	-2224.3871	53.857678	-2262.7595	-2202.8815	-2203.0343
436	436	-1937.9139	-1906.2358	-1916.7643	31.678049	-1933.8428	-1892.7305	-1895.4441
437	437	-1212.373	-1177.8158	-1187.5186	34.557243	-1207.9732	-1165.5779	-1167.4516
438	438	-2959.9923	-2946.1079	-2953.847	13.884317	-2956.2367	-2935.4063	-2937.192
439	439	-2784.6974	-2773.5655	-2780.5317	11.131952	-2780.9411	-2762.5939	-2763.8927
440	440	-1715.6248	-1678.2901	-1687.3815	37.334682	-1711.4629	-1666.6122	-1668.5727
441	441	-3210.8008	-3194.7245	-3200.8024	16.07626	-3197.7058	-3179.0713	-3186.1136
442	442	-3627.7009	-3622.0108	-3627.986	5.6901132	-3624.1463	-3603.3756	-3614.3863
443	443	-2582.1433	-2563.1441	-2568.613	18.99922	-2575.4939	-2554.1058	-2555.1223
444	444	-2812.5797	-2775.1496	-2788.4635	37.430073	-2808.7613	-2764.2001	-2766.3007
445	445	-3163.0651	-3145.9465	-3157.1576	17.118645	-3159.3572	-3134.2258	-3136.3975
446	446	-1687.7266	-1613.6646	-1623.4014	74.061961	-1683.5645	-1604.4209	-1604.3313
447	447	-2157.0326	-2152.5397	-2159.5744	4.4928794	-2153.0411	-2138.5384	-2142.9368
448	448	-1569.4032	-1525.7687	-1536.906	43.634524	-1565.1212	-1515.1169	-1515.5847
449	449	-3769.4396	-3759.2669	-3767.7233	10.172653	-3765.9088	-3747.9744	-3750.5608
450	450	-2487.291	-2464.1954	-2472.612	23.095695	-2483.437	-2452.2893	-2454.8711
451	451	-2362.549	-2321.7038	-2330.5038	40.845201	-2358.6284	-2312.7287	-2312.7301
452	452	-2907.9756	-2903.823	-2910.3929	4.1526228	-2904.1951	-2893.9982	-2894.8393
453	453	-1808.9902	-1761.7976	-1770.7501	47.192598	-1793.8708	-1751.7239	-1752.3575
454	454	-2216.7021	-2188.4814	-2196.8824	28.220762	-2212.7345	-2174.7713	-2179.0353
455	455	-3330.536	-3289.9584	-3301.7947	40.577508	-3321.9267	-3276.2947	-3281.0634
456	456	-2620.7288	-2594.3333	-2600.0905	26.395543	-2608.5951	-2583.2316	-2586.4319
457	457	-2837.2344	-2810.789	-2820.754	26.445376	-2827.8043	-2798.7815	-2801.3299
458	458	-2331.9526	-2266.7182	-2275.4149	65.234369	-2318.3838	-2257.8467	-2257.8463
459	459	-2392.5484	-2371.2051	-2382.9361	21.343373	-2388.6502	-2357.6543	-2361.4168
460	460	-3107.6227	-3080.8495	-3092.2575	26.773221	-3096.5783	-3071.3624	-3071.3606
461	461	-1896.4039	-1859.6621	-1871.2042	36.741815	-1892.3275	-1848.0717	-1849.6971
462	462	-2182.2766	-2163.3929	-2173.4583	18.883755	-2178.3338	-2153.4083	-2153.5335
463	463	-1802.9264	-1765.9374	-1775.3315	36.988951	-1798.836	-1753.3004	-1755.9512
464	464	-2779.7734	-2732.513	-2740.9268	47.260379	-2769.172	-2722.7575	-2723.4604
465	465	-2787.0765	-2752.5924	-2761.2782	34.484093	-2783.2624	-2743.7205	-2743.7204
466	466	-2059.6856	-2022.6275	-2034.0894	37.058106	-2055.6987	-2012.7626	-2012.7614
467	467	-1847.3911	-1832.3691	-1840.4931	15.021983	-1842.8093	-1821.4998	-1821.5084
468	468	-2186.7071	-2146.8262	-2157.8833	39.880863	-2173.9769	-2135.5445	-2137.2467
469	469	-1872.5887	-1844.2325	-1853.2772	28.356182	-1868.5169	-1832.9066	-1834.5603
470	470	-2744.4543	-2733.8834	-2740.1336	10.570899	-2740.6339	-2724.2901	-2724.947
471	471	-2689.5106	-2614.6918	-2626.2316	74.818745	-2667.6878	-2603.8109	-2605.2265
472	472	-1611.7157	-1602.0739	-1611.3263	9.641785	-1607.5014	-1586.9363	-1591.9779
473	473	-2591.887	-2561.6539	-2572.9226	30.233194	-2588.0603	-2549.8754	-2551.8615
474	474	-2103.3537	-2050.3402	-2061.4844	53.013491	-2099.345	-2039.1086	-2040.7367
475	475	-1465.0052	-1417.7717	-1426.9724	47.2335	-1460.6794	-1407.6673	-1407.8585
476	476	-2875.1942	-2858.0804	-2866.599	17.113794	-2866.3394	-2843.082	-2849.1627
477	477	-1739.5768	-1694.4515	-1702.8773	45.125319	-1735.4406	-1683.2015	-1684.8461
478	478	-1330.0132	-1216.2711	-1227.8191	113.74209	-1308.0103	-1206.0378	-1206.0375
479	479	-1596.5955	-1567.2752	-1578.2175	29.320296	-1592.3609	-1557.113	-1557.1138
480	480	-1470.7764	-1416.006	-1426.8494	54.770385	-1462.3532	-1405.6036	-1405.7225
481	481	-2354.3416	-2332.4357	-2340.0944	21.905992	-2350.3989	-2317.7731	-2323.1286
482	482	-2547.0389	-2518.056	-2527.5891	28.982866	-2543.1762	-2504.4556	-2509.7377
483	483	-2371.1225	-2349.9434	-2360.025	21.179161	-2367.2588	-2338.604	-2340.1972
484	484	-2205.6267	-2206.4682	-2210.2829	-0.84152434	-2201.6776	-2195.3137	-2197.2974
485	485	-3313.0666	-3277.344	-3289.283	35.722644	-3305.3701	-3267.0101	-3267.9889
486	486	-2136.1458	-2111.6751	-2118.572	24.470723	-2128.5898	-2099.7307	-2102.5053
487	487	-3851.1647	-3844.3453	-3850.1669	6.8193758	-3839.8235	-3833.5425	-3835.9714
488	488	-2233.6654	-2149.2617	-2160.8067	84.403757	-2218.3902	-2139.5939	-2139.5939
489	489	-1592.0345	-1568.5602	-1577.6146	23.474218	-1587.798	-1553.4416	-1558.7144
490	490	-1946.2953	-1909.9692	-1921.4494	36.326034	-1942.2136	-1899.9902	-1900.1107
491	491	-1393.1423	-1382.3449	-1391.9549	10.797393	-1388.8071	-1372.0298	-1372.2389
492	492	-2586.8305	-2584.8735	-2589.3571	1.9570319	-2583.0081	-2570.2781	-2575.3325
493	493	-2838.8448	-2815.8462	-2824.571	22.99864	-2835.0673	-2803.5999	-2806.9828
494	494	-2621.8386	-2619.7679	-2625.4977	2.070778	-2617.9997	-2603.7722	-2611.4229
495	495	-2312.8751	-2311.0204	-2317.0607	1.8546371	-2308.9671	-2299.6737	-2301.3359
496	496	-1564.1528	-1533.429	-1539.5346	30.72374	-1559.9071	-1523.1436	-1524.1095
497	497	-2251.3568	-2253.6546	-2256.0204	-2.2978163	-2247.4389	-2241.0806	-2244.2063
498	498	-1836.5133	-1811.542	-1820.4569	24.971348	-1832.4009	-1801.6599	-1801.6581
499	499	-2005.6837	-1957.4194	-1967.7281	48.264313	-1994.3119	-1946.2937	-1947.4132
