No.	ID	loglik_NUll	loglik_RES	loglik_all	log_ratio	loglik_Max1	loglik_Max2	loglik_Max3
0	0	-2314.7855	-2275.9353	-2291.4331	38.850188	-2310.8625	-2269.0904	-2269.7094
1	1	-3040.676	-2986.1428	-3001.4738	54.533246	-3036.9263	-2979.9292	-2979.9932
2	2	-1746.8846	-1716.3449	-1729.5658	30.53969	-1742.7402	-1705.7763	-1709.7025
3	3	-2690.2576	-2606.1299	-2621.4902	84.127686	-2657.0341	-2595.987	-2600.2452
4	4	-2807.4716	-2766.5005	-2782.1516	40.971088	-2803.6848	-2759.1443	-2760.4975
5	5	-2449.6166	-2399.4797	-2413.7439	50.136912	-2445.7249	-2391.237	-2392.8938
6	6	-1528.5265	-1453.5166	-1468.4623	75.009896	-1524.2854	-1443.3028	-1446.9119
7	7	-1890.5214	-1809.8514	-1825.4902	80.669975	-1886.4123	-1803.4615	-1803.4612
8	8	-4536.1457	-4527.3001	-4538.1313	8.8456419	-4532.5895	-4521.6078	-4521.4338
9	9	-2112.5442	-2036.6938	-2052.3301	75.850439	-2108.5166	-2028.5634	-2030.4265
10	10	-2117.9446	-2018.7398	-2033.1756	99.20476	-2082.9902	-2006.3606	-2012.5554
11	11	-3249.5694	-3185.3105	-3200.8046	64.258852	-3218.2237	-3177.5284	-3179.6158
12	12	-2556.7199	-2517.4702	-2533.1221	39.249625	-2546.4196	-2510.4727	-2511.3693
13	13	-2497.218	-2460.7801	-2476.5429	36.437958	-2492.9591	-2450.9937	-2453.3895
14	14	-1946.5339	-1881.1179	-1896.7402	65.416048	-1942.4442	-1872.4226	-1874.7137
15	15	-2010.642	-1979.0427	-1994.6692	31.599347	-2006.631	-1971.1542	-1972.6176
16	16	-2328.0067	-2276.1778	-2292.121	51.828863	-2324.0704	-2264.4781	-2269.9855
17	17	-2221.4082	-2129.2168	-2144.5179	92.191303	-2187.0681	-2119.2572	-2123.0651
18	18	-1857.3475	-1757.9947	-1773.6802	99.352806	-1822.5981	-1751.6861	-1751.6857
19	19	-1424.4151	-1294.5873	-1310.0179	129.82777	-1389.6597	-1285.7719	-1288.0253
20	20	-1535.9842	-1491.0469	-1505.7345	44.937262	-1531.7188	-1479.7039	-1484.361
21	21	-2404.9546	-2310.1349	-2325.4557	94.819675	-2370.8036	-2301.393	-2304.1753
22	22	-2243.71	-2201.4009	-2217.0382	42.309091	-2239.7594	-2194.575	-2195.1421
23	23	-2123.6145	-2105.6863	-2119.5856	17.928245	-2119.6362	-2088.7892	-2099.2153
24	24	-2462.2919	-2414.9175	-2430.5584	47.374375	-2458.4324	-2407.6228	-2408.8509
25	25	-2219.5402	-2179.3398	-2193.3887	40.200408	-2215.5877	-2170.9498	-2173.0534
26	26	-2160.7796	-2106.235	-2121.7724	54.544572	-2156.809	-2098.4201	-2099.9831
27	27	-1239.895	-1107.9603	-1123.6349	131.93469	-1205.0003	-1101.1533	-1101.1527
28	28	-1779.7931	-1690.6843	-1706.3219	89.108786	-1745.3434	-1684.3367	-1684.3363
29	29	-2047.5053	-2007.1361	-2022.2178	40.369236	-2043.4784	-1994.6297	-1999.6189
30	30	-2846.6364	-2798.3176	-2813.9907	48.318829	-2840.7001	-2791.1336	-2792.4204
31	31	-1479.9068	-1371.4497	-1387.109	108.45714	-1475.5761	-1364.8639	-1364.8636
32	32	-2472.0783	-2358.4006	-2374.0565	113.67777	-2438.5402	-2351.4412	-2351.4405
33	33	-2100.3085	-1998.3749	-2013.8799	101.93358	-2066.0237	-1989.8122	-1992.2016
34	34	-1754.3888	-1645.8712	-1661.3994	108.51761	-1719.6945	-1634.1429	-1639.5618
35	35	-1947.9827	-1859.0554	-1874.4409	88.927315	-1943.9256	-1847.3826	-1852.7497
36	36	-1854.0212	-1785.8952	-1800.5634	68.125949	-1849.9258	-1773.8972	-1779.477
37	37	-1709.2276	-1628.8768	-1644.3667	80.350763	-1705.0587	-1619.4613	-1622.4083
38	38	-1857.5703	-1772.0129	-1787.6778	85.557401	-1853.439	-1765.6575	-1765.6564
39	39	-1643.6893	-1611.3677	-1626.8247	32.321562	-1639.4974	-1600.5004	-1604.7012
40	40	-2054.1526	-1964.5744	-1980.2299	89.578203	-2050.1292	-1957.8676	-1958.3523
41	41	-1849.5398	-1830.7538	-1842.8956	18.78599	-1845.424	-1821.84	-1823.1145
42	42	-1502.9479	-1419.818	-1435.5016	83.129931	-1498.6344	-1413.1874	-1413.1872
43	43	-1951.6889	-1931.0887	-1946.2997	20.600194	-1947.6458	-1917.1355	-1924.5542
44	44	-1899.2773	-1809.4384	-1824.5765	89.8389	-1895.1906	-1799.2217	-1803.0721
45	45	-2505.8803	-2467.6915	-2482.5371	38.188724	-2501.9958	-2455.3491	-2461.5455
46	46	-2408.2026	-2341.3487	-2356.9985	66.853852	-2373.7535	-2335.1212	-2335.3253
47	47	-2591.8033	-2534.2539	-2549.9037	57.549465	-2587.9533	-2525.598	-2528.2359
48	48	-2544.7865	-2528.2394	-2543.0469	16.547041	-2540.929	-2521.36	-2521.989
49	49	-1789.8334	-1694.2057	-1709.8352	95.627723	-1785.6863	-1686.5543	-1687.808
50	50	-2178.4938	-2079.7318	-2095.394	98.76207	-2144.2923	-2073.6657	-2073.6656
51	51	-2909.2127	-2881.5145	-2896.032	27.698177	-2905.439	-2871.2625	-2875.4881
52	52	-2136.0802	-2082.1353	-2097.4473	53.944877	-2132.0858	-2073.2142	-2075.815
53	53	-3073.852	-3031.7789	-3047.6895	42.073025	-3070.1049	-3021.0629	-3025.8465
54	54	-2333.5132	-2244.1394	-2259.7854	89.37385	-2296.1823	-2238.035	-2238.0346
55	55	-1987.2131	-1848.6468	-1864.2611	138.56632	-1952.8201	-1842.5045	-1842.5035
56	56	-2364.0706	-2301.6167	-2315.4572	62.453898	-2360.1436	-2288.949	-2295.4966
57	57	-1942.0654	-1892.4866	-1908.0124	49.578776	-1937.9925	-1881.9691	-1886.0672
58	58	-1481.0478	-1356.4984	-1372.1436	124.54935	-1446.4398	-1349.9711	-1349.9705
59	59	-2185.9032	-2149.5445	-2165.1611	36.358758	-2181.9272	-2140.67	-2143.2273
60	60	-2038.5766	-2006.8704	-2020.1463	31.706267	-2034.5629	-1996.9181	-1998.5614
61	61	-2383.3374	-2304.3807	-2320.0345	78.956731	-2379.4094	-2295.3882	-2297.3186
62	62	-2372.1216	-2297.7693	-2313.3962	74.352222	-2337.7644	-2289.8668	-2289.8662
63	63	-1976.8668	-1919.7767	-1934.7049	57.090087	-1972.8314	-1909.1496	-1913.4415
64	64	-2033.5344	-1949.8157	-1966.5271	83.718701	-1999.1746	-1940.7404	-1941.8103
65	65	-2871.468	-2801.8825	-2817.54	69.585517	-2838.1285	-2796.0616	-2796.0618
66	66	-2059.5312	-2003.1906	-2018.609	56.340575	-2055.4982	-1994.4987	-1996.8505
67	67	-2753.2762	-2658.3901	-2674.0522	94.886063	-2719.2414	-2652.611	-2652.6116
68	68	-2987.4928	-2939.188	-2954.8564	48.304778	-2983.7345	-2933.2796	-2933.3039
69	69	-2710.2728	-2609.4516	-2625.1205	100.8212	-2676.0651	-2603.7071	-2603.708
70	70	-1980.2217	-1914.0798	-1929.7415	66.141842	-1976.1781	-1906.0965	-1907.7516
71	71	-2086.0299	-2052.5406	-2067.9112	33.489279	-2081.9983	-2042.3612	-2046.1589
72	72	-1602.3836	-1480.4275	-1496.0546	121.9561	-1568.0329	-1473.9818	-1473.9816
73	73	-3042.7671	-2992.9948	-3008.1959	49.772274	-3019.6634	-2985.7566	-2987.1502
74	74	-3736.9137	-3709.3853	-3724.9335	27.528389	-3726.8716	-3700.8474	-3703.6638
75	75	-2220.7611	-2162.7577	-2178.1864	58.00343	-2211.9601	-2153.841	-2156.5027
76	76	-2672.8216	-2608.4726	-2623.8672	64.349026	-2644.5318	-2600.1852	-2602.5469
77	77	-2811.305	-2781.4132	-2796.5072	29.891749	-2807.4866	-2769.5959	-2775.3601
78	78	-2150.537	-2081.2866	-2096.9288	69.250415	-2146.5635	-2075.076	-2075.0756
79	79	-2104.0325	-2031.2855	-2046.9007	72.747031	-2100.0365	-2023.9815	-2025.0578
80	80	-2971.632	-2944.2448	-2958.8393	27.387169	-2966.8717	-2936.3418	-2936.6602
81	81	-3835.2896	-3804.1853	-3819.8261	31.10436	-3831.146	-3795.5101	-3796.6147
82	82	-1411.4168	-1285.923	-1301.5638	125.49374	-1376.8199	-1278.0028	-1279.2993
83	83	-2640.2301	-2626.6723	-2639.5233	13.557823	-2636.4132	-2617.3928	-2618.8197
84	84	-2672.6484	-2623.7415	-2639.2442	48.90695	-2668.8485	-2616.0507	-2617.7168
85	85	-2258.1373	-2145.8403	-2161.3592	112.29702	-2223.8991	-2137.595	-2139.7818
86	86	-1869.7155	-1750.4732	-1766.1662	119.24227	-1835.1251	-1744.2706	-1744.2708
87	87	-2193.4668	-2092.1235	-2107.7642	101.3433	-2160.0145	-2085.79	-2086.0311
88	88	-1905.4325	-1861.9866	-1875.1037	43.445895	-1901.37	-1855.1464	-1855.5508
89	89	-2048.3205	-1955.2995	-1970.9226	93.021083	-2014.1212	-1948.9065	-1949.0503
90	90	-2039.1352	-1944.754	-1960.0354	94.381213	-2004.8532	-1935.1449	-1935.2565
91	91	-3018.9752	-2990.4853	-3006.1328	28.489886	-3015.2131	-2982.074	-2984.4748
92	92	-2104.1923	-2029.3038	-2045.0642	74.888554	-2068.9028	-2021.3625	-2021.9182
93	93	-2328.24	-2299.0559	-2314.5295	29.184165	-2324.3254	-2290.7274	-2292.7849
94	94	-1446.9094	-1398.5778	-1414.2392	48.331633	-1442.5885	-1391.8546	-1391.8545
95	95	-3043.6672	-3005.1453	-3020.8069	38.521863	-3039.9305	-2994.8171	-2999.1948
96	96	-2258.9263	-2192.1517	-2207.7864	66.774606	-2254.9723	-2184.6238	-2185.9673
97	97	-2542.1337	-2508.3064	-2523.7267	33.827272	-2538.3036	-2501.6507	-2502.1963
98	98	-1813.2094	-1751.3937	-1767.1029	61.815742	-1809.0736	-1744.3702	-1744.979
99	99	-2235.7099	-2149.8693	-2165.1954	85.84056	-2201.9485	-2139.1957	-2143.7671
100	100	-1252.4362	-1159.9292	-1175.3878	92.507035	-1248.0194	-1147.7798	-1153.0371
101	101	-2332.9272	-2292.1605	-2307.8113	40.766749	-2329.0037	-2285.8821	-2285.939
102	102	-2356.0126	-2260.9676	-2276.6349	95.044969	-2321.9141	-2255.0216	-2255.0212
103	103	-2097.9713	-2015.3435	-2030.821	82.627834	-2093.9471	-2005.4462	-2009.1156
104	104	-1341.5025	-1252.6029	-1268.2679	88.899565	-1337.1618	-1244.4622	-1245.8473
105	105	-1825.8212	-1747.9325	-1763.6153	77.888614	-1821.668	-1739.8015	-1741.4953
106	106	-1987.3758	-1950.1429	-1965.7935	37.232833	-1983.3427	-1942.6605	-1943.7213
107	107	-3029.5623	-2969.2023	-2984.8415	60.360065	-2999.4753	-2963.3723	-2963.3721
108	108	-2418.3703	-2318.838	-2334.3023	99.532288	-2383.3951	-2307.2689	-2312.8259
109	109	-2513.42	-2461.8842	-2477.5252	51.535874	-2509.5544	-2454.6211	-2455.7901
110	110	-1341.4352	-1297.5625	-1313.2047	43.872726	-1337.1064	-1289.4876	-1290.6964
111	111	-2002.3447	-1965.009	-1980.6472	37.335762	-1998.3171	-1957.4051	-1958.6098
112	112	-3078.0526	-3006.0829	-3021.7589	71.969755	-3042.5358	-2999.0986	-3000.3388
113	113	-3619.3205	-3605.4139	-3614.8376	13.906535	-3615.7241	-3592.3535	-3597.1106
114	114	-3108.5271	-3070.6034	-3086.2938	37.923694	-3104.821	-3063.2073	-3064.755
115	115	-3037.3044	-2980.1697	-2995.2472	57.134696	-3006.7208	-2971.2809	-2974.4234
116	116	-3288.1106	-3269.493	-3281.7412	18.617596	-3281.9898	-3259.8486	-3263.0559
117	117	-2670.1812	-2640.8617	-2655.6129	29.319466	-2666.3397	-2632.0279	-2634.7516
118	118	-2474.1807	-2429.2102	-2444.5976	44.97045	-2470.3234	-2422.4847	-2422.6238
119	119	-1833.326	-1746.4113	-1762.0856	86.914678	-1799.0202	-1740.029	-1740.0634
120	120	-1534.0617	-1459.4311	-1475.0791	74.630655	-1529.7928	-1452.5028	-1452.825
121	121	-2339.6134	-2285.6533	-2301.3195	53.960079	-2335.6852	-2278.0508	-2279.5021
122	122	-1689.2884	-1636.1074	-1651.7324	53.180936	-1685.0756	-1629.5138	-1629.5139
123	123	-1713.1391	-1641.6611	-1657.1102	71.478088	-1708.949	-1632.0036	-1635.1672
124	124	-1729.712	-1616.9323	-1631.8993	112.77972	-1695.5632	-1606.6679	-1610.5085
125	125	-1888.8181	-1837.888	-1853.5236	50.930093	-1884.726	-1830.2165	-1830.6749
126	126	-1605.5373	-1487.9684	-1503.4269	117.56884	-1570.9401	-1479.4907	-1481.5655
127	127	-2859.6126	-2841.7878	-2854.7654	17.824814	-2855.8088	-2832.3326	-2835.6568
128	128	-1548.5434	-1507.9495	-1523.6041	40.593893	-1544.255	-1499.9901	-1501.2624
129	129	-2355.3469	-2294.0779	-2309.7458	61.269039	-2351.4357	-2287.5894	-2287.9789
130	130	-2543.4091	-2514.1486	-2530.0561	29.260518	-2539.5468	-2502.8495	-2507.9715
131	131	-2302.8056	-2191.6421	-2206.9929	111.1634	-2269.3001	-2181.7127	-2185.6444
132	132	-1704.2945	-1582.4868	-1598.1337	121.80766	-1669.8401	-1574.5413	-1576.0812
133	133	-1791.4841	-1658.4475	-1674.0863	133.03663	-1756.4859	-1652.2174	-1652.2177
134	134	-2149.2602	-2114.0293	-2129.7476	35.230814	-2143.5437	-2104.17	-2105.0837
135	135	-1257.8126	-1118.3792	-1134.0341	139.43337	-1222.9001	-1111.6608	-1111.6606
136	136	-2011.7037	-1989.3798	-2002.9822	22.323869	-2007.6763	-1980.5008	-1981.1847
137	137	-1966.0091	-1891.585	-1907.2145	74.424058	-1961.9362	-1885.2361	-1885.2351
138	138	-1956.8971	-1830.5966	-1846.2217	126.30052	-1921.8301	-1824.124	-1824.3841
139	139	-1740.0991	-1664.5837	-1680.2106	75.515348	-1707.059	-1657.0798	-1658.1246
140	140	-3153.47	-3133.1789	-3149.1037	20.291158	-3149.7016	-3124.7848	-3126.7424
141	141	-1514.6154	-1411.6436	-1427.2967	102.97176	-1479.9153	-1405.1003	-1405.1006
142	142	-1798.8336	-1767.2261	-1782.7128	31.607558	-1794.7224	-1757.1893	-1760.67
143	143	-2241.4204	-2198.0582	-2213.4879	43.362199	-2237.451	-2189.1973	-2191.8199
144	144	-3197.1676	-3162.1037	-3177.7779	35.063932	-3173.8591	-3153.913	-3156.2962
145	145	-2070.0518	-1962.0496	-1977.6911	108.00226	-2035.7109	-1954.5992	-1955.8327
146	146	-2735.7866	-2715.1604	-2731.0746	20.626242	-2731.991	-2707.3904	-2709.0298
147	147	-3122.6018	-3093.8684	-3106.1722	28.733409	-3118.8729	-3083.0456	-3087.9465
148	148	-1979.3465	-1915.5974	-1931.2283	63.74909	-1975.2927	-1908.1445	-1909.2508
149	149	-1114.2857	-992.16891	-1007.7034	122.11675	-1079.1319	-983.6537	-985.17991
150	150	-2258.6115	-2155.2709	-2170.7683	103.34063	-2222.4018	-2147.4541	-2149.1897
151	151	-1895.31	-1807.633	-1823.1383	87.676937	-1891.2033	-1799.7921	-1801.2744
152	152	-2298.6308	-2260.5159	-2275.4813	38.114904	-2294.7244	-2251.8497	-2254.315
153	153	-2720.4886	-2634.7129	-2650.1823	85.775672	-2680.859	-2626.7273	-2628.8924
154	154	-1488.0006	-1355.0793	-1370.7283	132.92137	-1453.2236	-1348.5882	-1348.5911
155	155	-3521.0493	-3461.0357	-3476.387	60.013534	-3517.444	-3452.0125	-3455.1251
156	156	-1209.5635	-1092.7935	-1108.4638	116.76999	-1205.1316	-1085.7226	-1085.9063
157	157	-2641.154	-2608.0554	-2623.682	33.09856	-2637.3464	-2600.5376	-2601.9544
158	158	-2558.3213	-2522.6759	-2538.2941	35.645422	-2554.4807	-2513.5932	-2516.512
159	159	-2422.2188	-2364.7046	-2380.3323	57.514167	-2418.3442	-2358.5899	-2358.5899
160	160	-2523.026	-2494.4047	-2510.0522	28.621233	-2519.1692	-2487.1061	-2488.201
161	161	-1867.4918	-1845.9589	-1860.1445	21.53286	-1863.3892	-1837.2073	-1839.3473
162	162	-1712.6505	-1623.4057	-1639.0451	89.244775	-1708.4584	-1615.5043	-1616.8937
163	163	-2820.0151	-2750.4936	-2766.1545	69.521464	-2816.2421	-2744.622	-2744.624
164	164	-2748.0665	-2720.4141	-2734.9151	27.652341	-2744.288	-2712.2118	-2713.6226
165	165	-2806.712	-2740.1658	-2755.8477	66.546134	-2777.4429	-2731.8129	-2734.2798
166	166	-1317.8902	-1251.1427	-1266.7817	66.747525	-1313.4839	-1240.2433	-1244.2816
167	167	-1699.2518	-1677.7361	-1693.308	21.515765	-1695.1085	-1667.7688	-1671.0456
168	168	-1478.2405	-1423.0673	-1438.7274	55.173203	-1473.9199	-1411.8237	-1416.3524
169	169	-2858.0469	-2724.3652	-2740.0148	133.68172	-2823.5262	-2718.7411	-2718.7423
170	170	-2285.0808	-2197.8008	-2213.4616	87.28001	-2250.9351	-2191.719	-2191.7184
171	171	-1573.95	-1502.2206	-1517.2826	71.729391	-1569.6839	-1495.6229	-1495.6213
172	172	-2373.5955	-2262.3299	-2277.8499	111.26558	-2339.3717	-2254.7647	-2256.3447
173	173	-2132.2916	-2071.5	-2087.1423	60.79158	-2128.3121	-2064.9917	-2065.2523
174	174	-2871.4794	-2810.3	-2825.9577	61.179428	-2846.8239	-2802.4835	-2804.4513
175	175	-1787.3114	-1703.9322	-1719.6027	83.379243	-1783.1681	-1697.523	-1697.523
176	176	-1833.5774	-1802.122	-1817.5142	31.455365	-1829.4412	-1793.296	-1795.537
177	177	-1706.0899	-1602.4274	-1618.0819	103.66246	-1671.6199	-1596.0849	-1596.0852
178	178	-1623.4076	-1568.2667	-1583.9168	55.14091	-1619.2045	-1560.6487	-1561.6806
179	179	-2743.6255	-2719.6905	-2735.3657	23.934981	-2739.811	-2712.3535	-2713.5784
180	180	-1765.0778	-1698.1887	-1713.4863	66.889098	-1760.9296	-1687.907	-1691.6904
181	181	-2613.7197	-2555.8054	-2571.4561	57.91437	-2609.8924	-2548.6741	-2549.8009
182	182	-1767.7294	-1762.3939	-1772.3748	5.335455	-1763.5898	-1752.4554	-1754.3972
183	183	-1498.8576	-1414.1421	-1429.5165	84.715492	-1494.5557	-1405.0172	-1407.53
184	184	-2623.3015	-2591.1749	-2606.092	32.126639	-2619.4558	-2581.8105	-2585.0557
185	185	-3196.543	-3157.3349	-3172.7536	39.208072	-3192.8414	-3150.0087	-3151.5129
186	186	-2895.1809	-2877.0074	-2891.9894	18.173515	-2891.4151	-2868.2189	-2870.9084
187	187	-3098.231	-3044.8794	-3060.4897	53.351643	-3065.5785	-3035.0628	-3039.0588
188	188	-3492.7665	-3474.475	-3490.4117	18.291548	-3489.1367	-3464.0604	-3468.462
189	189	-1940.2835	-1870.6088	-1886.2494	69.674688	-1904.6846	-1862.7204	-1864.2993
190	190	-1211.3924	-1138.4047	-1154.0423	72.987677	-1206.9645	-1130.9843	-1131.4688
191	191	-2700.4047	-2677.3606	-2693.2859	23.044073	-2696.5632	-2668.4857	-2671.2486
192	192	-2189.4306	-2096.433	-2112.0867	92.997628	-2155.3439	-2090.2632	-2090.2628
193	193	-3796.0059	-3701.4295	-3716.823	94.576417	-3761.7132	-3691.3374	-3695.9727
194	194	-1860.0669	-1780.2791	-1795.9174	79.787738	-1855.9869	-1771.589	-1773.2742
195	195	-1637.8185	-1501.4601	-1516.9804	136.35836	-1602.4185	-1493.3705	-1495.0662
196	196	-2300.3545	-2222.3849	-2237.028	77.969628	-2296.4129	-2209.5316	-2216.2774
197	197	-2193.1216	-2105.6152	-2121.0516	87.506381	-2158.87	-2097.3606	-2099.4902
198	198	-1861.4018	-1833.6302	-1849.1979	27.771643	-1857.3138	-1823.879	-1827.0908
199	199	-1484.0478	-1434.4358	-1450.0616	49.611963	-1479.7841	-1424.9993	-1427.6981
200	200	-2233.9294	-2148.1978	-2161.7981	85.731643	-2229.9783	-2133.7624	-2142.0703
201	201	-1492.9705	-1426.9359	-1442.2697	66.034554	-1488.6687	-1415.8032	-1420.2612
202	202	-3240.0442	-3150.5792	-3166.2198	89.464936	-3204.1031	-3144.9781	-3144.9779
203	203	-1658.6098	-1628.8802	-1644.2317	29.729673	-1654.384	-1614.8579	-1622.1484
204	204	-2737.5161	-2693.2678	-2708.8977	44.248358	-2733.6085	-2680.9586	-2686.2717
205	205	-1890.6315	-1809.3465	-1824.713	81.285044	-1886.532	-1800.4962	-1802.9997
206	206	-1883.0035	-1861.4904	-1871.5228	21.513087	-1878.9506	-1852.4176	-1853.1782
207	207	-2320.3123	-2237.2337	-2252.5122	83.078583	-2289.8361	-2228.0527	-2231.1809
208	208	-3738.6955	-3665.0682	-3680.693	73.627342	-3703.0328	-3659.6065	-3659.6066
209	209	-1880.5556	-1782.5636	-1798.2339	97.991971	-1846.4086	-1776.2483	-1776.2483
210	210	-2563.8914	-2493.9767	-2508.8308	69.914636	-2530.1638	-2484.6222	-2488.0174
211	211	-3256.9917	-3222.5757	-3238.6335	34.415944	-3245.0334	-3212.6882	-3215.6844
212	212	-3122.483	-3053.7731	-3069.5022	68.709926	-3091.209	-3046.4397	-3047.3078
213	213	-2022.2306	-1911.787	-1927.4341	110.44361	-1987.2978	-1905.6499	-1905.6501
214	214	-2999.6155	-2993.2678	-3004.2097	6.3477783	-2995.8765	-2980.7905	-2987.1456
215	215	-2208.292	-2154.1657	-2167.5438	54.1263	-2204.3276	-2138.9582	-2147.9408
216	216	-2540.5331	-2473.2128	-2488.8782	67.320348	-2511.6577	-2466.9844	-2466.9863
217	217	-2497.8769	-2398.9582	-2414.5943	98.918678	-2462.851	-2392.8556	-2393.0072
218	218	-2231.5686	-2157.45	-2171.6904	74.118609	-2227.5926	-2146.4679	-2151.2719
219	219	-2214.3647	-2078.8957	-2094.5359	135.46897	-2180.0378	-2072.9513	-2072.9532
220	220	-2542.0658	-2482.8816	-2498.3295	59.184152	-2538.2134	-2473.1737	-2476.8465
221	221	-1760.4621	-1657.585	-1673.2297	102.87708	-1724.7062	-1649.993	-1649.9964
222	222	-3008.2135	-2968.6862	-2983.1223	39.527304	-2982.8497	-2961.8453	-2961.8339
223	223	-3039.9818	-3020.4521	-3034.4858	19.529679	-3036.217	-3011.5722	-3014.4035
224	224	-2338.9354	-2264.5994	-2280.256	74.336049	-2335.0184	-2258.51	-2258.5051
225	225	-2350.0784	-2224.3501	-2239.9911	125.72828	-2315.8192	-2218.0185	-2218.0427
226	226	-2415.1721	-2319.4251	-2335.0832	95.746951	-2381.3506	-2313.4844	-2313.4837
227	227	-1764.5769	-1722.8693	-1738.1183	41.707617	-1760.4123	-1713.3105	-1716.2962
228	228	-2362.4364	-2341.5384	-2356.8918	20.897971	-2358.4273	-2329.8429	-2334.4211
229	229	-1365.1511	-1260.0888	-1275.355	105.06234	-1360.7833	-1251.1498	-1253.3377
230	230	-2437.6825	-2357.8363	-2373.5736	79.846221	-2403.8968	-2350.4757	-2350.7337
231	231	-2949.7891	-2921.0672	-2936.5543	28.721918	-2945.9978	-2912.7068	-2914.698
232	232	-2903.6381	-2814.2458	-2829.908	89.39235	-2869.718	-2804.9967	-2805.9021
233	233	-3081.6566	-3062.9759	-3078.9519	18.680697	-3077.4436	-3051.5263	-3055.9259
234	234	-1661.3405	-1559.3919	-1575.0414	101.94853	-1657.1206	-1552.5772	-1552.9173
235	235	-1314.7501	-1263.0931	-1278.744	51.656988	-1310.3769	-1255.2349	-1256.2378
236	236	-2570.7887	-2565.1229	-2575.7704	5.6657323	-2566.9716	-2550.58	-2557.2606
237	237	-2970.523	-2930.5406	-2946.0029	39.982402	-2966.7605	-2921.5319	-2924.5948
238	238	-1277.6088	-1181.3986	-1197.0206	96.21021	-1273.1991	-1174.5201	-1174.5198
239	239	-2052.0767	-1956.8992	-1972.5396	95.177562	-2016.1971	-1950.6685	-1950.6686
240	240	-1512.7405	-1449.8886	-1465.5495	62.851885	-1508.4454	-1442.4068	-1443.2265
241	241	-2554.9034	-2499.7337	-2515.3674	55.169635	-2551.051	-2492.1273	-2493.7058
242	242	-1385.8259	-1287.2028	-1302.8682	98.623155	-1350.9905	-1280.5367	-1280.5356
243	243	-1498.0779	-1383.3473	-1399.0122	114.73059	-1463.7857	-1375.53	-1376.7537
244	244	-2295.1001	-2171.9982	-2187.6362	123.10194	-2261.0099	-2164.6007	-2166.0204
245	245	-2675.8508	-2553.26	-2568.5719	122.59073	-2640.3506	-2544.8542	-2547.5129
246	246	-2277.834	-2230.1242	-2245.792	47.70976	-2273.883	-2219.4785	-2223.8967
247	247	-2397.3839	-2306.497	-2322.1798	90.886935	-2363.0621	-2300.3898	-2300.4805
248	248	-2161.0817	-2055.324	-2070.938	105.75768	-2129.1501	-2047.1622	-2047.1628
249	249	-1858.6274	-1791.9663	-1807.6183	66.661111	-1854.5163	-1785.553	-1785.5529
250	250	-1604.0316	-1576.3099	-1591.9497	27.721719	-1599.8019	-1568.049	-1569.5455
251	251	-1922.0699	-1855.739	-1871.5532	66.330887	-1917.9652	-1848.8636	-1849.1042
252	252	-2457.6167	-2357.1713	-2372.817	100.44535	-2422.6184	-2349.5453	-2350.799
253	253	-1717.4902	-1672.7058	-1688.0163	44.784405	-1713.3282	-1665.7867	-1666.1151
254	254	-1672.7411	-1594.6714	-1610.2895	78.069754	-1668.5261	-1587.4903	-1588.1307
255	255	-2646.9769	-2574.7478	-2589.6188	72.229084	-2612.9499	-2565.134	-2568.8201
256	256	-2274.601	-2200.1162	-2214.7635	74.484796	-2270.6616	-2188.3567	-2193.9948
257	257	-2730.5838	-2641.0311	-2656.6587	89.552718	-2696.3117	-2635.1717	-2635.1717
258	258	-2488.2757	-2446.3399	-2461.9825	41.935705	-2484.4184	-2439.7464	-2440.2354
259	259	-2025.8083	-1937.4271	-1953.0797	88.381218	-1991.4303	-1931.0897	-1931.2088
260	260	-2381.5335	-2311.6925	-2326.6365	69.840958	-2377.6323	-2297.335	-2305.5878
261	261	-2782.746	-2778.0077	-2785.6869	4.7383018	-2778.9422	-2769.803	-2770.2689
262	262	-2268.3119	-2243.2993	-2258.4262	25.012605	-2264.364	-2230.9558	-2236.9612
263	263	-2216.0909	-2181.9738	-2197.6245	34.117102	-2212.1313	-2173.152	-2175.6493
264	264	-2173.8588	-2088.5339	-2104.1685	85.324894	-2139.67	-2079.4554	-2081.0505
265	265	-2274.7172	-2233.5852	-2249.301	41.132004	-2270.7653	-2222.6148	-2226.5842
266	266	-3635.8268	-3609.29	-3625.2159	26.536803	-3632.2222	-3599.0997	-3603.4969
267	267	-1654.9525	-1620.4651	-1635.5296	34.487413	-1650.7491	-1608.2679	-1613.6189
268	268	-2260.3846	-2199.2377	-2214.8724	61.146919	-2256.4678	-2193.1192	-2193.118
269	269	-2599.6274	-2549.1893	-2564.8541	50.438108	-2595.8102	-2540.3514	-2543.1622
270	270	-2317.4793	-2210.8986	-2226.5573	106.58073	-2283.8409	-2203.6166	-2204.9691
271	271	-2124.5383	-1999.6136	-2015.2776	124.92472	-2090.2944	-1993.5956	-1993.5956
272	272	-2666.7245	-2603.5967	-2619.251	63.127845	-2631.3835	-2597.6492	-2597.6492
273	273	-2224.8071	-2174.4442	-2190.1043	50.362902	-2220.8339	-2167.3344	-2168.1988
274	274	-2227.2981	-2141.0808	-2156.7406	86.217248	-2223.359	-2134.5959	-2134.9313
275	275	-1581.3246	-1473.4505	-1489.0826	107.8741	-1577.0765	-1464.7994	-1466.9303
276	276	-1925.1508	-1839.9563	-1855.6188	85.194493	-1921.062	-1833.6483	-1833.6471
277	277	-2585.1243	-2524.8062	-2540.4628	60.318062	-2581.2611	-2518.8046	-2518.8048
278	278	-2152.3587	-2063.0759	-2078.7371	89.282799	-2148.3648	-2056.824	-2056.9075
279	279	-3161.9766	-3132.9086	-3144.6373	29.068052	-3158.2641	-3118.8385	-3125.8251
280	280	-2369.0472	-2264.9718	-2280.6053	104.07531	-2333.3176	-2259.0164	-2259.0159
281	281	-2112.2463	-2013.47	-2029.1309	98.776279	-2076.8179	-2006.4397	-2007.3065
282	282	-1687.2826	-1621.8253	-1637.4799	65.457324	-1683.0949	-1612.1172	-1615.322
283	283	-2511.0026	-2399.5531	-2415.2034	111.44948	-2477.0566	-2393.2119	-2393.6379
284	284	-2156.0104	-2057.1077	-2072.7545	98.902738	-2152.0289	-2050.3816	-2050.9618
285	285	-2914.8386	-2822.4859	-2838.1577	92.35264	-2881.191	-2815.3628	-2816.7211
286	286	-2502.819	-2348.9476	-2364.5823	153.87134	-2468.0614	-2343.1727	-2343.1723
287	287	-2965.4116	-2943.7321	-2954.2608	21.679422	-2961.6481	-2934.8689	-2936.42
288	288	-2251.8178	-2182.9012	-2198.5597	68.916657	-2247.8733	-2175.4149	-2176.7671
289	289	-2087.6034	-2021.2552	-2036.9264	66.348216	-2083.5823	-2014.6804	-2014.9779
290	290	-1629.8756	-1523.2394	-1538.9126	106.63616	-1625.6627	-1514.872	-1516.8003
291	291	-1812.5998	-1698.6852	-1714.1077	113.91458	-1777.7517	-1688.4728	-1692.4046
292	292	-2167.2	-2126.4495	-2142.0786	40.750523	-2163.2083	-2117.4303	-2120.1265
293	293	-2670.2826	-2644.7966	-2660.4386	25.485985	-2666.478	-2637.7645	-2638.6773
294	294	-2462.946	-2436.4132	-2452.0669	26.532791	-2459.0724	-2427.7181	-2430.1942
295	295	-3186.6156	-3166.2746	-3179.982	20.341049	-3182.9095	-3155.5668	-3159.9603
296	296	-2729.7809	-2646.4222	-2662.0626	83.358633	-2694.3618	-2639.1147	-2640.6151
297	297	-1479.8303	-1384.5182	-1399.9038	95.312108	-1475.5388	-1374.7507	-1377.8699
298	298	-2525.6245	-2499.9721	-2512.9911	25.652362	-2521.7807	-2491.2035	-2491.3127
299	299	-2247.5175	-2175.2944	-2190.6984	72.223156	-2243.5551	-2165.6414	-2169.1309
300	300	-1823.9176	-1720.5605	-1736.1855	103.3571	-1789.3614	-1714.0282	-1714.2425
301	301	-3165.3785	-3104.4845	-3119.863	60.894046	-3128.1124	-3094.3332	-3098.6862
302	302	-2524.7909	-2429.7773	-2445.4361	95.013654	-2490.6124	-2423.8812	-2423.8813
303	303	-2812.7191	-2736.7211	-2752.365	75.998054	-2776.6678	-2728.6897	-2730.8941
304	304	-2432.0848	-2404.6322	-2418.8841	27.452579	-2428.1714	-2388.8316	-2398.3815
305	305	-3127.0768	-3095.0072	-3108.9456	32.069567	-3123.3999	-3086.1706	-3088.9621
306	306	-1489.7368	-1392.0519	-1407.7	97.684878	-1455.0854	-1385.5211	-1385.5209
307	307	-1708.4893	-1629.6865	-1644.8628	78.80282	-1704.2893	-1618.9497	-1623.2288
308	308	-2806.3386	-2770.5124	-2786.1906	35.826166	-2802.5836	-2764.5288	-2764.5288
309	309	-2519.8028	-2458.7352	-2474.3897	61.067606	-2509.1551	-2452.4956	-2452.7229
310	310	-3766.1563	-3758.1239	-3767.4374	8.0324038	-3761.9965	-3739.8788	-3750.73
311	311	-2438.0127	-2369.0177	-2384.4376	68.99502	-2434.133	-2358.8164	-2362.9707
312	312	-2404.5106	-2318.4523	-2334.0954	86.058372	-2370.5977	-2311.8841	-2311.8891
313	313	-2546.3142	-2494.9564	-2510.607	51.357828	-2542.455	-2485.7989	-2488.9069
314	314	-3612.998	-3578.9083	-3594.5533	34.089685	-3609.4259	-3571.9758	-3573.2028
315	315	-1989.2137	-1926.1664	-1941.7923	63.047316	-1985.1651	-1917.6911	-1919.8098
316	316	-2975.5933	-2898.0127	-2913.6565	77.580581	-2940.8293	-2891.6729	-2892.2302
317	317	-2228.2786	-2217.4653	-2227.2266	10.813379	-2224.3467	-2208.3781	-2210.1896
318	318	-1791.9792	-1732.6647	-1747.7618	59.314535	-1787.8555	-1722.4897	-1726.1932
319	319	-1593.2631	-1563.4601	-1579.1218	29.803058	-1589.0377	-1554.6032	-1556.7399
320	320	-2081.425	-1989.9656	-2005.6128	91.45937	-2048.0535	-1983.7939	-1983.7953
321	321	-3429.9848	-3370.3508	-3385.995	59.63398	-3396.8233	-3362.5944	-3364.7023
322	322	-1456.7141	-1354.143	-1369.7902	102.57106	-1422.2278	-1347.5358	-1347.5357
323	323	-2115.2403	-2038.7138	-2054.3689	76.526573	-2111.2378	-2030.2336	-2032.4814
324	324	-1692.3917	-1584.1927	-1599.8673	108.19905	-1657.2543	-1577.791	-1577.791
325	325	-1538.2958	-1493.8178	-1505.6483	44.477968	-1534.0048	-1485.351	-1485.3481
326	326	-3746.6094	-3707.4332	-3723.0632	39.176217	-3726.0244	-3701.1414	-3701.6112
327	327	-1459.964	-1409.4947	-1425.1596	50.469365	-1455.6734	-1401.7499	-1402.7794
328	328	-2242.9641	-2225.9832	-2239.6334	16.980863	-2237.7607	-2215.4116	-2216.6422
329	329	-2434.4715	-2408.7514	-2423.9789	25.720103	-2430.6174	-2401.0151	-2402.524
330	330	-1454.3967	-1366.0863	-1381.75	88.310358	-1450.1032	-1359.4593	-1359.4594
331	331	-1617.3788	-1492.0692	-1507.7183	125.30965	-1581.9983	-1485.6279	-1485.6284
332	332	-2600.8606	-2521.2806	-2536.9248	79.579956	-2566.886	-2513.6045	-2515.3419
333	333	-2984.6061	-2939.6066	-2955.2186	44.999507	-2980.8205	-2932.1631	-2933.6465
334	334	-2492.5297	-2411.8218	-2426.6518	80.707868	-2456.6837	-2401.9923	-2405.8367
335	335	-2448.0787	-2341.195	-2356.8402	106.88371	-2413.6307	-2335.3353	-2335.3352
336	336	-1633.4894	-1557.4385	-1573.104	76.05084	-1629.2449	-1547.2168	-1550.9008
337	337	-2245.7038	-2187.6405	-2202.921	58.063317	-2241.7781	-2179.7102	-2181.4591
338	338	-2281.984	-2208.7906	-2224.4447	73.193433	-2278.0568	-2202.6582	-2202.6633
339	339	-3147.6341	-3093.1899	-3108.8058	54.444214	-3117.9712	-3086.2328	-3087.3952
340	340	-1604.8138	-1496.2876	-1511.9188	108.52619	-1570.3894	-1489.6769	-1489.8458
341	341	-3559.1539	-3507.9888	-3523.6293	51.165056	-3555.5409	-3502.2031	-3502.3006
342	342	-2956.5605	-2894.3766	-2910.016	62.183964	-2952.7736	-2884.8623	-2888.5307
343	343	-2689.7754	-2665.807	-2681.6138	23.968404	-2685.7014	-2657.8334	-2658.5258
344	344	-2550.845	-2503.7088	-2519.3597	47.136149	-2547.0189	-2494.961	-2497.676
345	345	-2745.3938	-2680.6772	-2695.9694	64.716542	-2711.9421	-2670.3241	-2674.7763
346	346	-2449.3777	-2397.75	-2412.2557	51.627774	-2445.4697	-2387.4541	-2391.5885
347	347	-3400.6797	-3365.4966	-3380.8205	35.183126	-3378.1967	-3354.44	-3354.4465
348	348	-2831.7403	-2747.1699	-2762.8229	84.570351	-2796.5096	-2741.1325	-2741.3827
349	349	-2555.8236	-2513.0686	-2528.718	42.755042	-2551.9762	-2506.5219	-2506.9594
350	350	-2430.4344	-2340.909	-2356.5753	89.525476	-2396.2437	-2334.9422	-2334.9418
351	351	-3051.8781	-2967.7605	-2983.4459	84.11764	-3017.9716	-2962.0301	-2962.0097
352	352	-1639.4238	-1604.3607	-1620.4247	35.063093	-1635.2494	-1595.6109	-1596.707
353	353	-1359.6599	-1251.7069	-1267.3727	107.95296	-1325.2965	-1245.0043	-1245.0039
354	354	-2422.6504	-2411.1515	-2424.9642	11.498913	-2418.7745	-2398.8175	-2404.8023
355	355	-2708.0446	-2641.0979	-2656.7307	66.946698	-2684.1105	-2631.4088	-2633.4666
356	356	-2575.5162	-2560.3341	-2575.5522	15.182112	-2571.6717	-2550.3847	-2554.1091
357	357	-2698.8271	-2634.4941	-2650.1342	64.333024	-2694.9897	-2628.4929	-2628.5844
358	358	-2009.6866	-1942.7325	-1958.3777	66.954164	-2005.6435	-1936.0377	-1936.4184
359	359	-2116.7951	-2019.1977	-2034.8408	97.597416	-2080.7608	-2012.4685	-2013.0783
360	360	-3329.3258	-3318.2066	-3331.6064	11.119138	-3325.6698	-3302.9322	-3312.1775
361	361	-2478.1568	-2439.4742	-2455.1115	38.682548	-2474.288	-2432.7761	-2433.3397
362	362	-3939.5067	-3911.6021	-3925.0904	27.904558	-3931.9366	-3900.8139	-3905.6913
363	363	-1687.4568	-1606.2393	-1621.8577	81.217529	-1683.2598	-1599.7563	-1599.7558
364	364	-2309.6457	-2208.9106	-2224.2707	100.73514	-2279.5577	-2200.3531	-2202.8685
365	365	-1815.7397	-1742.3587	-1758.016	73.381038	-1811.6221	-1735.4157	-1735.9323
366	366	-1370.8103	-1287.3615	-1303.0127	83.448726	-1366.48	-1280.6021	-1280.6033
367	367	-2118.141	-2015.1529	-2030.8196	102.98813	-2082.7431	-2009.0121	-2009.0119
368	368	-2882.1188	-2832.1664	-2847.7276	49.952361	-2878.2997	-2823.6283	-2825.4259
369	369	-2548.6877	-2491.6954	-2507.3317	56.992249	-2544.8306	-2484.3517	-2485.6492
370	370	-2185.3218	-2122.5725	-2138.5313	62.749386	-2181.3459	-2111.316	-2116.3389
371	371	-2337.8	-2279.4272	-2295.0675	58.372857	-2333.8504	-2271.994	-2273.2353
372	372	-2162.3655	-2067.6092	-2082.9092	94.756228	-2128.1922	-2058.8207	-2061.5387
373	373	-3165.3491	-3127.4952	-3142.2929	37.853933	-3146.3907	-3118.2105	-3121.035
374	374	-1790.8169	-1674.8889	-1690.5813	115.92803	-1756.3962	-1667.2033	-1668.5713
375	375	-1141.246	-1066.7606	-1082.2902	74.485402	-1136.7418	-1054.5915	-1059.6863
376	376	-2544.1931	-2470.6199	-2486.2484	73.57314	-2510.23	-2464.4143	-2464.7152
377	377	-2401.4767	-2301.0315	-2316.6758	100.44524	-2366.6894	-2293.6622	-2295.1107
378	378	-2867.7106	-2846.7409	-2859.9981	20.969776	-2863.9631	-2836.3112	-2839.6393
379	379	-2399.7414	-2343.7092	-2359.1849	56.032233	-2395.8333	-2333.6892	-2337.5553
380	380	-2476.6885	-2412.1667	-2427.8059	64.521807	-2472.8046	-2405.8425	-2406.1035
381	381	-2504.5622	-2422.8633	-2438.5268	81.698845	-2473.8454	-2416.2381	-2416.8616
382	382	-3840.7282	-3762.0693	-3777.689	78.658949	-3805.843	-3756.488	-3756.4927
383	383	-1578.7917	-1518.3522	-1533.6299	60.439479	-1574.53	-1508.9393	-1511.7481
384	384	-1576.0433	-1522.2378	-1537.8858	53.805555	-1571.7689	-1515.5573	-1515.5562
385	385	-1917.6004	-1795.8499	-1811.2804	121.75048	-1883.4025	-1787.9064	-1789.6478
386	386	-1463.1393	-1395.0653	-1410.7074	68.074042	-1458.8094	-1385.1247	-1388.3904
387	387	-1853.4686	-1825.1756	-1840.1366	28.293065	-1849.3999	-1817.4196	-1818.6391
388	388	-2570.6968	-2522.8112	-2538.4608	47.885585	-2566.8671	-2516.4431	-2516.7487
389	389	-1834.3603	-1696.8631	-1712.4844	137.49714	-1799.8961	-1690.6845	-1690.6845
390	390	-1811.6903	-1724.4441	-1740.1049	87.24625	-1807.5346	-1718.0384	-1718.0378
391	391	-1880.7542	-1794.9495	-1810.4459	85.804724	-1876.6362	-1786.8113	-1788.5519
392	392	-2890.9196	-2830.6143	-2846.1983	60.305294	-2887.1198	-2823.9807	-2824.3095
393	393	-3024.763	-2944.9101	-2960.5435	79.852876	-2990.2708	-2937.7916	-2939.1287
394	394	-1946.7926	-1866.4635	-1882.1267	80.329128	-1942.7196	-1857.1296	-1860.13
395	395	-2344.0658	-2245.9361	-2261.5802	98.129668	-2340.1731	-2239.775	-2239.9446
396	396	-2684.4234	-2587.1318	-2602.5883	97.291576	-2648.3385	-2577.6346	-2581.2904
397	397	-1882.7175	-1828.9515	-1844.6072	53.766033	-1878.6422	-1820.4729	-1822.5337
398	398	-1643.102	-1550.0887	-1565.7183	93.013323	-1638.8787	-1543.6156	-1543.6165
399	399	-2082.8359	-1978.1905	-1993.6212	104.64544	-2048.4254	-1969.8335	-1971.9852
400	400	-2498.6056	-2420.9403	-2436.5868	77.665322	-2464.8603	-2414.8216	-2414.9655
401	401	-1548.9903	-1472.2079	-1487.8502	76.782448	-1544.7096	-1465.0444	-1465.6049
402	402	-2576.1936	-2508.7552	-2524.1245	67.438409	-2572.3339	-2498.8981	-2502.7479
403	403	-2587.1993	-2514.355	-2529.9932	72.844249	-2583.374	-2507.8863	-2508.3773
404	404	-2359.0833	-2277.3718	-2293.0237	81.711552	-2324.8926	-2271.4062	-2271.4065
405	405	-2303.2956	-2243.4405	-2259.0747	59.855109	-2299.3688	-2236.26	-2237.281
406	406	-1976.3949	-1866.6707	-1882.3451	109.72421	-1942.3223	-1860.4686	-1860.468
407	407	-2329.6708	-2251.9706	-2266.8446	77.700116	-2325.7394	-2241.81	-2245.874
408	408	-2062.2878	-1958.7175	-1974.0747	103.57021	-2026.9627	-1949.9272	-1952.5289
409	409	-2038.9448	-1989.4493	-2004.9291	49.495476	-2034.881	-1976.4361	-1983.0674
410	410	-2372.568	-2289.8566	-2305.7008	82.711366	-2338.6862	-2283.3765	-2283.415
411	411	-4384.7138	-4327.4647	-4342.2239	57.249094	-4353.3197	-4320.68	-4320.6527
412	412	-2133.9464	-2061.4811	-2076.9962	72.465364	-2129.9669	-2053.6002	-2055.3091
413	413	-2074.3446	-2016.4976	-2031.9016	57.846948	-2070.3239	-2006.3653	-2010.1806
414	414	-2596.1498	-2482.154	-2497.7895	113.99585	-2561.1241	-2476.4136	-2476.4124
415	415	-2928.9403	-2874.7632	-2889.9569	54.177165	-2925.1614	-2864.4032	-2868.882
416	416	-2795.8128	-2726.9709	-2742.6021	68.841896	-2792.0495	-2719.8061	-2721.1194
417	417	-1844.2985	-1785.5577	-1801.1957	58.740831	-1840.1964	-1778.4835	-1779.0893
418	418	-2181.5771	-2102.65	-2118.2826	78.927099	-2147.1831	-2095.673	-2096.4689
419	419	-3019.6751	-2964.2032	-2979.5539	55.471935	-2993.0387	-2954.684	-2958.4037
420	420	-3020.1203	-3008.138	-3021.9292	11.982275	-3016.3703	-2998.1275	-3000.8137
421	421	-2690.5677	-2603.1991	-2618.8721	87.368555	-2657.1183	-2594.7957	-2597.3788
422	422	-3388.9852	-3307.0272	-3322.636	81.957995	-3385.3486	-3300.2727	-3301.3963
423	423	-1921.9176	-1848.2005	-1863.8514	73.717084	-1917.8361	-1841.2077	-1841.8601
424	424	-1527.5247	-1435.6574	-1451.2961	91.867275	-1523.2608	-1428.5553	-1429.0613
425	425	-2845.8223	-2762.1555	-2777.0736	83.66685	-2812.8107	-2752.9665	-2756.318
426	426	-1952.6708	-1854.585	-1870.2093	98.085856	-1948.5878	-1848.2764	-1848.2765
427	427	-1934.6167	-1896.8031	-1912.4495	37.813583	-1930.5625	-1890.217	-1890.3631
428	428	-1848.595	-1786.1909	-1801.8524	62.404099	-1844.4648	-1779.1766	-1779.7302
429	429	-1505.719	-1407.9689	-1423.4591	97.7501	-1501.4073	-1399.1103	-1401.3662
430	430	-1905.1138	-1891.3964	-1904.0747	13.71743	-1901.05	-1876.6185	-1884.6909
431	431	-2446.7487	-2399.6348	-2415.2966	47.113904	-2442.8593	-2392.1506	-2393.515
432	432	-1963.9256	-1899.4354	-1915.0946	64.49028	-1959.8309	-1892.3776	-1893.0643
433	433	-2832.7014	-2822.2759	-2836.1597	10.425472	-2828.9666	-2809.9982	-2816.0904
434	434	-2613.6539	-2522.0177	-2537.1372	91.636194	-2579.7621	-2513.0617	-2516.1705
435	435	-2550.0695	-2454.6298	-2470.2574	95.439704	-2515.8989	-2448.7887	-2448.7888
436	436	-1840.0777	-1778.133	-1793.6178	61.944699	-1835.9417	-1769.3675	-1771.6731
437	437	-1349.1999	-1274.3023	-1289.9746	74.897637	-1344.8302	-1264.2477	-1266.9563
438	438	-2879.652	-2856.0008	-2868.6127	23.651199	-2875.9149	-2847.6965	-2847.6967
439	439	-3012.1805	-2978.8883	-2994.529	33.292233	-3008.4184	-2972.5423	-2972.9306
440	440	-2111.0984	-2008.703	-2022.8253	102.39543	-2076.7743	-1997.8333	-2002.5222
441	441	-3376.729	-3324.5845	-3339.3882	52.144526	-3348.5854	-3316.8218	-3318.5756
442	442	-3741.6264	-3721.866	-3737.9497	19.760363	-3713.9669	-3709.276	-3710.6219
443	443	-2785.9274	-2725.7596	-2740.3529	60.167737	-2764.9702	-2714.7351	-2719.8253
444	444	-2769.9032	-2693.7573	-2708.5852	76.145911	-2733.475	-2682.8159	-2687.9598
445	445	-3172.706	-3104.6132	-3119.182	68.092801	-3135.4858	-3092.5288	-3098.8668
446	446	-1850.9978	-1750.4182	-1765.7742	100.57966	-1814.6911	-1741.489	-1744.1429
447	447	-2188.029	-2137.3314	-2152.9814	50.697575	-2184.0592	-2129.4156	-2131.1046
448	448	-1654.6202	-1608.2922	-1623.6937	46.328	-1650.4406	-1600.3103	-1601.7358
449	449	-3957.713	-3918.3905	-3934.0226	39.322501	-3931.7475	-3910.6449	-3911.9804
450	450	-2783.8478	-2710.1169	-2725.7627	73.730928	-2748.7471	-2701.3989	-2704.2716
451	451	-2661.6365	-2569.2599	-2585.0246	92.376669	-2627.4612	-2560.6638	-2560.6906
452	452	-3008.1271	-2990.6218	-3006.5635	17.505316	-3004.3498	-2977.4795	-2984.5796
453	453	-1989.7307	-1894.0768	-1909.724	95.653901	-1955.6114	-1887.8469	-1887.8465
454	454	-2432.4357	-2393.7674	-2409.4297	38.668249	-2428.5484	-2386.0063	-2387.5795
455	455	-3212.8107	-3180.2477	-3195.4461	32.562905	-3209.1034	-3168.0169	-3174.3503
456	456	-2954.579	-2894.2304	-2909.8818	60.348607	-2950.8308	-2886.1809	-2888.3921
457	457	-2883.9903	-2830.2656	-2845.925	53.7247	-2880.1622	-2821.4797	-2824.3479
458	458	-2447.118	-2353.2873	-2368.9237	93.830724	-2412.8494	-2344.3134	-2347.2756
459	459	-2478.9963	-2472.6436	-2482.0232	6.3527803	-2475.1508	-2465.4135	-2466.2276
460	460	-3454.3709	-3369.9542	-3385.4771	84.416734	-3420.3253	-3361.9917	-3364.3639
461	461	-2164.0049	-2050.5943	-2066.1116	113.41058	-2129.4072	-2042.8509	-2044.5721
462	462	-2226.1294	-2189.6063	-2205.2564	36.523046	-2222.1817	-2181.5717	-2183.3224
463	463	-1841.8138	-1759.589	-1773.5945	82.224764	-1837.6929	-1748.2607	-1753.2111
464	464	-2968.2735	-2870.8881	-2886.5438	97.385437	-2934.5554	-2865.2224	-2865.2229
465	465	-2847.0328	-2774.1542	-2789.6529	72.878691	-2813.1922	-2765.947	-2767.8081
466	466	-2208.5269	-2158.6547	-2174.3038	49.872132	-2204.5766	-2151.478	-2152.425
467	467	-2022.0597	-1983.4676	-1997.784	38.592077	-2018.0295	-1972.0939	-1975.9425
468	468	-2338.6016	-2259.7209	-2275.3709	78.880675	-2334.6992	-2253.6409	-2253.6404
469	469	-2132.0993	-2056.1506	-2071.7888	75.948773	-2103.7621	-2047.8304	-2048.3687
470	470	-2869.4534	-2832.1278	-2847.4371	37.325527	-2865.6526	-2822.2228	-2826.1221
471	471	-2670.6095	-2574.0228	-2589.4441	96.586731	-2636.5374	-2565.9695	-2568.2586
472	472	-1521.7386	-1493.7247	-1509.3826	28.013938	-1517.4497	-1485.8164	-1486.9352
473	473	-2900.0273	-2820.4841	-2836.1461	79.543156	-2865.7172	-2811.9301	-2814.7077
474	474	-2303.3419	-2219.0073	-2234.6439	84.334618	-2271.6917	-2212.9473	-2212.947
475	475	-1614.8109	-1541.1142	-1556.7544	73.696662	-1610.5719	-1534.0326	-1534.5735
476	476	-2950.3518	-2896.0658	-2911.5886	54.285978	-2946.5571	-2888.4465	-2890.1945
477	477	-1958.1976	-1893.1989	-1908.8658	64.998728	-1954.1438	-1884.2655	-1886.8667
478	478	-1512.6961	-1368.8828	-1384.5489	143.81332	-1478.3424	-1362.0935	-1362.4214
479	479	-1724.6879	-1652.334	-1667.9759	72.353884	-1720.51	-1645.8096	-1645.8098
480	480	-1792.5692	-1688.8672	-1704.3373	103.70202	-1788.404	-1680.6858	-1682.4914
481	481	-2465.6339	-2380.0289	-2395.6938	85.605003	-2426.5841	-2372.7557	-2374.0382
482	482	-2484.5907	-2413.4951	-2429.1298	71.095596	-2450.6272	-2404.6845	-2404.6847
483	483	-2581.5215	-2542.8735	-2558.036	38.647992	-2577.7003	-2536.4456	-2536.7783
484	484	-2429.0768	-2378.2459	-2393.8828	50.830903	-2425.1797	-2370.7192	-2372.1191
485	485	-3548.8852	-3505.4834	-3521.468	43.401764	-3545.277	-3496.7199	-3498.9771
486	486	-2313.494	-2248.4658	-2262.1737	65.028222	-2309.5675	-2232.5756	-2241.142
487	487	-3800.8019	-3785.6915	-3799.7455	15.110415	-3793.0412	-3775.5223	-3779.3821
488	488	-2707.2436	-2600.0908	-2615.5575	107.15277	-2673.2076	-2592.6097	-2594.377
489	489	-1687.4842	-1617.5403	-1631.8676	69.943861	-1683.2991	-1604.4002	-1611.0612
490	490	-2399.7384	-2309.0474	-2324.6835	90.690967	-2366.8102	-2302.4293	-2303.0295
491	491	-1447.4356	-1404.7848	-1420.3985	42.650784	-1443.1422	-1396.5961	-1397.9891
492	492	-2561.7738	-2537.0068	-2552.9594	24.766927	-2557.8949	-2528.4551	-2530.8009
493	493	-3077.5715	-3015.6048	-3031.0385	61.96669	-3041.8662	-3006.0944	-3009.8228
494	494	-2721.8976	-2698.5437	-2714.1766	23.353925	-2718.05	-2692.0919	-2692.4168
495	495	-2503.684	-2448.5426	-2464.1713	55.141416	-2499.8309	-2441.3292	-2442.4955
496	496	-1882.1119	-1825.3117	-1840.8117	56.800187	-1878.0279	-1812.0261	-1818.8943
497	497	-2227.8433	-2186.2608	-2201.0489	41.582508	-2223.8935	-2172.3194	-2178.8055
498	498	-2108.092	-2023.166	-2038.5332	84.926006	-2104.0935	-2011.5488	-2016.9724
499	499	-2422.791	-2318.2869	-2334.1716	104.50415	-2387.5543	-2310.4503	-2311.6804
