No.	ID	loglik_NUll	loglik_RES	loglik_all	log_ratio	loglik_Max1	loglik_Max2	loglik_Max3
0	0	-2509.3755	-2510.9018	-2475.5573	-1.5262189	-2487.5887	-2460.8329	-2488.3917
1	1	-3172.7554	-3174.2581	-3149.6856	-1.5027033	-3151.2649	-3128.3844	-3152.0685
2	2	-2018.9123	-2020.0273	-1972.3608	-1.1150745	-1996.8907	-1952.413	-1996.701
3	3	-3048.709	-3049.3852	-2994.2155	-0.67621109	-3026.5005	-2977.1141	-3025.0197
4	4	-3231.5842	-3233.048	-3188.8325	-1.463741	-3210.1553	-3165.1575	-3210.709
5	5	-2735.5514	-2737.0819	-2688.4415	-1.530545	-2713.8044	-2672.0179	-2714.6074
6	6	-1834.65	-1836.1876	-1780.7629	-1.5375989	-1812.7139	-1764.1729	-1813.5167
7	7	-2062.0288	-2063.5433	-2005.9353	-1.5144908	-2040.1406	-1990.7348	-2040.9437
8	8	-4558.4737	-4559.5615	-4545.3698	-1.0878176	-4536.7964	-4526.5243	-4536.7817
9	9	-2280.7589	-2282.2835	-2231.5602	-1.5246249	-2258.8364	-2211.9342	-2258.4703
10	10	-2452.1273	-2453.6594	-2391.4026	-1.5321228	-2430.2062	-2376.9448	-2431.0092
11	11	-3364.4609	-3366.4286	-3322.2712	-1.9677368	-3342.5606	-3308.1967	-3343.1941
12	12	-2650.1896	-2651.6836	-2615.293	-1.4940039	-2628.4554	-2597.1913	-2629.2587
13	13	-2744.9462	-2746.4569	-2700.9277	-1.5107584	-2722.8587	-2686.5782	-2723.6629
14	14	-2088.3087	-2089.8035	-2041.5812	-1.4948371	-2066.317	-2025.4783	-2067.1199
15	15	-2231.3079	-2231.8926	-2188.7868	-0.58479135	-2209.5438	-2170.5315	-2207.5705
16	16	-2442.4773	-2443.9841	-2404.1747	-1.506803	-2420.8255	-2387.0464	-2421.63
17	17	-2242.9803	-2243.9702	-2195.1356	-0.9898542	-2220.9783	-2180.5464	-2218.6497
18	18	-2112.6453	-2114.1443	-2036.7084	-1.4989601	-2090.5502	-2019.4101	-2091.3534
19	19	-1867.1523	-1868.6585	-1783.0329	-1.5062119	-1844.859	-1767.4361	-1845.6621
20	20	-1772.4825	-1773.9784	-1716.3094	-1.4959655	-1750.3334	-1700.4803	-1751.1369
21	21	-2781.03	-2782.2138	-2715.3844	-1.1838571	-2759.2434	-2698.0992	-2759.3571
22	22	-2716.0386	-2717.5288	-2677.8505	-1.4901944	-2692.7485	-2662.8951	-2693.555
23	23	-2302.5585	-2304.0871	-2269.7728	-1.5285844	-2279.3589	-2253.2378	-2280.1218
24	24	-2662.6416	-2664.1795	-2617.9881	-1.5379736	-2640.9809	-2602.1096	-2641.7853
25	25	-2496.8941	-2498.3995	-2466.0611	-1.505379	-2474.3581	-2449.7203	-2475.161
26	26	-2447.3526	-2448.841	-2410.7021	-1.4883749	-2425.4706	-2395.9364	-2426.2736
27	27	-1653.926	-1655.4505	-1582.4684	-1.5245169	-1631.582	-1564.5818	-1632.3849
28	28	-2013.8369	-2015.3631	-1951.2466	-1.5262407	-1991.7691	-1932.535	-1992.5722
29	29	-2073.2299	-2074.4135	-2035.8767	-1.1836269	-2051.2181	-2019.9048	-2051.2469
30	30	-3022.5591	-3024.0727	-2978.0938	-1.513584	-3000.0244	-2960.8354	-2999.9559
31	31	-1511.6248	-1513.1524	-1458.9201	-1.5276735	-1489.2377	-1443.4136	-1490.0407
32	32	-2900.347	-2901.8567	-2844.6782	-1.5097114	-2878.6016	-2828.5456	-2879.4049
33	33	-2452.0703	-2453.5615	-2394.966	-1.4912046	-2430.2889	-2376.8726	-2431.0925
34	34	-2105.3705	-2106.903	-2019.3435	-1.5325509	-2083.299	-2002.953	-2084.1018
35	35	-2161.4605	-2162.7683	-2102.1494	-1.3078397	-2139.5611	-2086.9125	-2139.4569
36	36	-2038.6117	-2040.147	-1986.3879	-1.5352796	-2016.605	-1968.8431	-2017.4082
37	37	-2155.2027	-2155.1538	-2100.3227	0.048923443	-2129.755	-2082.743	-2127.1592
38	38	-2096.1548	-2097.6783	-2046.2356	-1.523516	-2072.9819	-2028.6637	-2073.799
39	39	-1953.4606	-1954.9829	-1926.3823	-1.5222618	-1931.4528	-1909.712	-1932.2557
40	40	-2462.8055	-2464.0644	-2399.3833	-1.2588672	-2441.0312	-2384.5512	-2440.7861
41	41	-2112.9292	-2114.4484	-2066.8325	-1.5192867	-2089.9799	-2048.6185	-2090.7814
42	42	-1560.5341	-1562.06	-1504.8281	-1.5258973	-1538.1691	-1482.5393	-1538.972
43	43	-2053.8803	-2055.3434	-2030.322	-1.4631455	-2031.8472	-2010.488	-2032.6508
44	44	-2045.944	-2047.425	-1969.2867	-1.4809732	-2023.8578	-1954.247	-2024.6606
45	45	-2644.161	-2645.6597	-2605.3532	-1.4986071	-2622.5463	-2588.5344	-2623.3508
46	46	-2788.9394	-2790.4513	-2744.5433	-1.511877	-2767.2061	-2729.6535	-2768.0099
47	47	-2661.1122	-2662.6158	-2624.3652	-1.5036653	-2639.338	-2607.8552	-2640.1413
48	48	-2577.6087	-2574.819	-2549.3024	2.7896703	-2555.052	-2532.3568	-2557.5235
49	49	-2264.454	-2265.9989	-2199.9084	-1.5448702	-2241.8968	-2183.6574	-2242.7062
50	50	-2366.6305	-2368.0103	-2314.8393	-1.3797758	-2343.1487	-2297.5618	-2343.9522
51	51	-3092.8119	-3092.4572	-3063.7226	0.35464571	-3068.8972	-3044.3803	-3068.7658
52	52	-2332.1715	-2333.671	-2293.5238	-1.4994813	-2309.8778	-2274.9506	-2310.6808
53	53	-3030.5188	-3031.993	-3012.8806	-1.4741837	-3009.1349	-2995.8002	-3009.5261
54	54	-2504.506	-2506.0062	-2473.5636	-1.500208	-2482.8779	-2458.765	-2483.681
55	55	-2366.9938	-2367.944	-2251.3189	-0.95015243	-2345.0575	-2236.8713	-2343.1834
56	56	-2586.8344	-2588.3938	-2545.2969	-1.5593951	-2564.2668	-2526.3133	-2562.4208
57	57	-2355.1101	-2356.6303	-2300.1948	-1.5201911	-2333.1494	-2282.4232	-2333.9523
58	58	-1720.0364	-1720.8907	-1660.556	-0.85427899	-1697.7072	-1640.4218	-1696.8732
59	59	-2464.5636	-2465.7319	-2434.0316	-1.1683789	-2442.7194	-2417.5055	-2442.7869
60	60	-2503.6305	-2503.7527	-2482.3092	-0.12218998	-2480.699	-2464.4473	-2477.6205
61	61	-2379.5761	-2380.7777	-2333.9592	-1.2016764	-2357.7104	-2318.8823	-2357.9088
62	62	-2574.7517	-2576.2595	-2516.2583	-1.5078897	-2552.9193	-2500.3892	-2553.7225
63	63	-2216.2291	-2217.3907	-2181.9929	-1.1615926	-2194.3984	-2165.7251	-2194.2789
64	64	-2210.566	-2212.0589	-2168.0696	-1.4928742	-2188.5843	-2153.3969	-2189.3873
65	65	-3147.3759	-3145.6068	-3078.2847	1.769136	-3124.0961	-3058.5453	-3120.5836
66	66	-2379.2982	-2380.83	-2332.0268	-1.531836	-2357.5765	-2315.9749	-2358.3797
67	67	-3010.3804	-3011.9084	-2928.041	-1.5280429	-2988.6864	-2913.9771	-2989.4898
68	68	-3243.9286	-3241.8876	-3216.2294	2.0410963	-3222.1866	-3197.9279	-3215.7975
69	69	-2920.7575	-2921.1278	-2844.7717	-0.37027581	-2898.9888	-2827.2173	-2897.3874
70	70	-2209.8671	-2211.3961	-2159.5594	-1.5289788	-2187.9064	-2144.501	-2188.7108
71	71	-2221.7646	-2223.4526	-2189.5106	-1.6879768	-2200.0344	-2172.2897	-2199.073
72	72	-1848.8672	-1850.3587	-1781.2413	-1.4915531	-1826.7	-1766.0018	-1827.503
73	73	-2963.7887	-2965.2184	-2925.6425	-1.4297113	-2941.7606	-2908.9961	-2941.6527
74	74	-3828.3895	-3830.1268	-3803.6486	-1.7372487	-3807.1199	-3787.4567	-3807.9276
75	75	-2341.089	-2342.5835	-2315.1769	-1.4944285	-2319.363	-2300.0743	-2320.1663
76	76	-2989.7146	-2991.2138	-2958.8039	-1.4991568	-2967.0202	-2942.155	-2967.3294
77	77	-2930.4425	-2931.6994	-2893.3868	-1.2568921	-2908.82	-2877.3795	-2909.1616
78	78	-2359.027	-2360.5436	-2302.2546	-1.5166109	-2337.1262	-2287.7776	-2337.9293
79	79	-2523.6694	-2521.0299	-2472.8785	2.6395498	-2501.8084	-2458.1131	-2495.4978
80	80	-3226.1721	-3227.6186	-3187.8628	-1.4464948	-3204.8296	-3172.1767	-3205.2797
81	81	-3783.9955	-3785.4912	-3769.1703	-1.4956748	-3760.2228	-3747.5897	-3761.1892
82	82	-1718.0302	-1719.5215	-1642.953	-1.4912244	-1695.5966	-1628.0374	-1696.3997
83	83	-2820.4426	-2821.7475	-2794.5208	-1.304892	-2798.7816	-2777.7492	-2799.4048
84	84	-2968.6079	-2970.1203	-2935.8756	-1.5123736	-2947.2087	-2919.9814	-2948.0115
85	85	-2395.6494	-2396.4298	-2324.5049	-0.78044035	-2373.6419	-2308.1411	-2371.0213
86	86	-2229.6481	-2231.1584	-2110.7063	-1.510317	-2207.5035	-2096.1661	-2207.6802
87	87	-2762.9125	-2764.4596	-2687.4102	-1.5470855	-2741.2595	-2671.8239	-2742.063
88	88	-2298.4342	-2299.9387	-2257.6891	-1.5045007	-2276.509	-2240.648	-2277.3125
89	89	-2216.6746	-2218.1812	-2158.2505	-1.5066147	-2194.8341	-2143.6352	-2195.6374
90	90	-2502.1781	-2503.4504	-2447.6374	-1.2723593	-2480.2802	-2432.9185	-2479.4125
91	91	-3066.0137	-3067.5039	-3041.392	-1.4901956	-3044.4409	-3025.128	-3045.2474
92	92	-2170.0542	-2169.1658	-2112.0515	0.88842801	-2146.959	-2096.2567	-2142.4074
93	93	-2370.9028	-2372.4367	-2338.4662	-1.5339515	-2348.2876	-2322.3265	-2348.2551
94	94	-1719.7863	-1721.2845	-1674.5915	-1.4981295	-1698.0118	-1657.8873	-1698.8147
95	95	-3356.0436	-3357.7652	-3326.5725	-1.7216226	-3333.4655	-3309.662	-3333.2121
96	96	-2464.6706	-2466.1791	-2435.1529	-1.5084528	-2442.1699	-2420.1852	-2442.9728
97	97	-2906.6622	-2908.5591	-2869.8237	-1.8969465	-2882.0068	-2853.1445	-2882.4638
98	98	-1962.9058	-1964.3919	-1906.8856	-1.486154	-1940.8512	-1890.2572	-1941.6546
99	99	-2555.8133	-2556.1541	-2495.5596	-0.340735	-2534.1373	-2478.7584	-2532.2426
100	100	-1641.2536	-1642.9223	-1569.915	-1.6686357	-1618.9119	-1554.9253	-1619.715
101	101	-2608.5729	-2609.9037	-2568.8798	-1.3308481	-2586.5297	-2552.8219	-2584.7877
102	102	-2486.3355	-2487.8508	-2428.8901	-1.5152587	-2463.1496	-2414.0238	-2463.9566
103	103	-2328.853	-2323.3149	-2249.3773	5.5380963	-2306.8438	-2234.8866	-2297.5304
104	104	-1653.6762	-1655.16	-1597.0007	-1.4838632	-1631.3386	-1582.0543	-1632.1422
105	105	-2088.5147	-2090.0276	-2033.7872	-1.5129025	-2065.139	-2016.6685	-2065.9421
106	106	-2093.9353	-2095.4336	-2055.8707	-1.4983072	-2072.0084	-2039.3388	-2072.814
107	107	-3288.9243	-3289.8418	-3224.8032	-0.91746635	-3267.5107	-3206.5284	-3266.4246
108	108	-2774.9481	-2776.4396	-2677.282	-1.4915048	-2753.1181	-2663.0965	-2753.9213
109	109	-2452.0263	-2453.4498	-2416.7629	-1.4235634	-2430.3968	-2401.0456	-2430.2554
110	110	-1618.4095	-1619.9045	-1574.1346	-1.4950496	-1595.2177	-1557.3561	-1596.0207
111	111	-2180.944	-2182.4473	-2148.7259	-1.5033536	-2158.4135	-2131.2426	-2159.217
112	112	-3277.4708	-3278.7331	-3226.2951	-1.2623045	-3255.8421	-3208.8102	-3255.8107
113	113	-3687.8782	-3688.7565	-3660.2766	-0.87826191	-3666.2801	-3644.1199	-3667.0854
114	114	-3370.2923	-3369.8092	-3345.2985	0.48308173	-3346.6762	-3327.3373	-3345.6395
115	115	-3439.3719	-3439.4621	-3365.0532	-0.090139798	-3416.2224	-3350.2159	-3415.2731
116	116	-3438.6523	-3440.4988	-3421.866	-1.8465361	-3417.5269	-3407.1374	-3417.7256
117	117	-2930.5273	-2932.0314	-2898.1478	-1.5041536	-2905.6881	-2882.0918	-2906.4927
118	118	-2540.013	-2541.5131	-2508.5729	-1.5000657	-2518.3725	-2492.6882	-2519.1801
119	119	-1994.2884	-1995.3995	-1939.4888	-1.1111073	-1972.1894	-1924.0313	-1971.9673
120	120	-1701.9215	-1703.443	-1643.5991	-1.5214639	-1679.1643	-1627.4131	-1679.9678
121	121	-2679.6784	-2680.9147	-2641.9924	-1.2362945	-2655.9191	-2625.4515	-2654.1432
122	122	-1782.9338	-1784.4613	-1735.6894	-1.5274415	-1760.8328	-1720.1448	-1761.6356
123	123	-1684.5612	-1686.1034	-1637.8577	-1.5422491	-1662.3927	-1621.8764	-1663.1956
124	124	-1966.3813	-1967.8899	-1915.9828	-1.5086016	-1944.3773	-1899.1956	-1945.1834
125	125	-2089.7124	-2089.4625	-2046.2224	0.24990121	-2067.6629	-2026.0342	-2065.2678
126	126	-1723.7943	-1725.4066	-1665.2204	-1.612303	-1701.6422	-1649.7911	-1702.4452
127	127	-3175.1665	-3173.8045	-3145.8512	1.3620299	-3153.8002	-3129.1905	-3150.2336
128	128	-1706.3849	-1707.8666	-1669.1717	-1.4817309	-1682.4445	-1653.067	-1683.2473
129	129	-2630.8244	-2632.6066	-2592.4042	-1.7822706	-2607.7536	-2577.5325	-2608.0669
130	130	-2500.6599	-2502.186	-2471.8117	-1.5260999	-2478.5246	-2456.3312	-2479.3327
131	131	-2562.5204	-2564.06	-2483.3939	-1.5395583	-2536.6711	-2465.7987	-2536.0819
132	132	-1906.4548	-1907.3989	-1821.9041	-0.94408492	-1884.2107	-1805.2194	-1883.569
133	133	-1920.5413	-1922.034	-1840.2284	-1.4927057	-1898.3184	-1825.2497	-1899.1218
134	134	-2443.4251	-2442.6581	-2408.4101	0.76701276	-2420.6216	-2389.6039	-2416.074
135	135	-1606.1704	-1607.6799	-1523.783	-1.5094645	-1583.6205	-1508.8004	-1584.4241
136	136	-2187.6415	-2180.3598	-2152.0763	7.2817484	-2183.6667	-2130.197	-2172.7003
137	137	-2175.4074	-2176.9383	-2109.5525	-1.5309201	-2153.7265	-2095.0048	-2154.5316
138	138	-2181.1641	-2182.6746	-2114.05	-1.5104616	-2158.5604	-2096.6585	-2159.3744
139	139	-2058.9983	-2060.5578	-2014.6693	-1.5595745	-2037.2719	-1999.1546	-2038.0748
140	140	-3353.3306	-3355.3124	-3336.5095	-1.9818638	-3330.3398	-3316.7226	-3331.1749
141	141	-1955.702	-1957.2031	-1886.7129	-1.5010596	-1932.9583	-1872.0323	-1933.7619
142	142	-2034.9664	-2036.4696	-2007.2582	-1.5031406	-2013.0814	-1988.7334	-2013.885
143	143	-2110.7938	-2111.9613	-2081.5907	-1.167493	-2088.515	-2064.4823	-2087.6076
144	144	-3254.6357	-3256.1259	-3215.7907	-1.4901938	-3233.0432	-3199.6966	-3233.7216
145	145	-2121.7976	-2123.3148	-2065.9912	-1.5172113	-2099.8058	-2050.6663	-2100.6086
146	146	-2734.231	-2735.7321	-2703.8165	-1.5010582	-2712.3621	-2685.2236	-2712.6424
147	147	-3228.5799	-3230.0873	-3210.6668	-1.5073415	-3203.8356	-3193.6368	-3204.5776
148	148	-2163.869	-2165.365	-2128.5723	-1.496085	-2140.981	-2112.4211	-2141.7841
149	149	-1218.5876	-1220.1564	-1148.6462	-1.5688385	-1195.6095	-1133.0617	-1196.4127
150	150	-2336.029	-2337.5333	-2294.2975	-1.5043867	-2314.1089	-2279.7422	-2314.913
151	151	-1981.1629	-1982.2487	-1939.729	-1.0858081	-1959.1461	-1923.5439	-1958.8386
152	152	-2377.8373	-2377.9014	-2355.9441	-0.06404051	-2359.6248	-2335.8972	-2370.3474
153	153	-3115.8179	-3117.3333	-3055.7018	-1.5153584	-3092.4103	-3040.6448	-3092.5797
154	154	-2019.0401	-2020.5492	-1891.0987	-1.5091339	-1996.6811	-1876.4806	-1997.4842
155	155	-3787.7785	-3789.4766	-3747.7357	-1.6981316	-3765.0686	-3732.802	-3765.8792
156	156	-1510.1645	-1511.7056	-1433.5906	-1.5411023	-1487.7749	-1415.593	-1488.578
157	157	-2886.7361	-2888.2234	-2840.7018	-1.4872809	-2865.162	-2823.116	-2865.9649
158	158	-2901.959	-2903.4782	-2869.3392	-1.5192041	-2878.4665	-2851.9215	-2879.3896
159	159	-2618.4305	-2619.9529	-2583.2451	-1.5223425	-2596.4593	-2565.2491	-2597.2672
160	160	-2582.6004	-2584.0856	-2558.0891	-1.4852331	-2559.7791	-2538.9906	-2560.5858
161	161	-2212.8623	-2214.3637	-2172.6259	-1.5013638	-2189.7039	-2155.0604	-2190.5077
162	162	-2056.5271	-2058.0752	-1987.5366	-1.5480972	-2034.4685	-1972.5311	-2035.2714
163	163	-2929.4268	-2930.9407	-2891.5987	-1.5139417	-2907.749	-2874.3463	-2908.5524
164	164	-2794.5804	-2796.0908	-2770.768	-1.5104469	-2770.5773	-2752.8932	-2771.4465
165	165	-3093.1341	-3091.0967	-3052.9078	2.0374566	-3063.9131	-3036.7403	-3064.597
166	166	-1421.6049	-1423.1194	-1362.0462	-1.5144819	-1399.2178	-1346.5725	-1400.0206
167	167	-2126.4498	-2127.9497	-2083.7003	-1.4998266	-2101.7801	-2067.8395	-2102.5871
168	168	-1742.734	-1744.246	-1693.6652	-1.5120032	-1720.532	-1678.3509	-1721.3354
169	169	-3066.0607	-3063.3168	-2939.3367	2.7438731	-3044.3181	-2925.3586	-3037.8883
170	170	-2549.8079	-2551.0576	-2493.9223	-1.2496908	-2527.6965	-2479.0804	-2528.1876
171	171	-1799.6713	-1801.1881	-1751.2444	-1.516712	-1777.4842	-1735.5749	-1778.2872
172	172	-2411.9923	-2413.4383	-2342.8921	-1.4459419	-2389.3781	-2328.509	-2390.2357
173	173	-2289.6359	-2291.1489	-2239.336	-1.5129539	-2267.6965	-2222.9394	-2268.4996
174	174	-3003.7126	-3005.2226	-2970.4966	-1.5099544	-2981.1159	-2953.3894	-2981.9202
175	175	-1933.6926	-1935.1955	-1876.9336	-1.5029049	-1911.1317	-1860.3661	-1911.9345
176	176	-2290.4402	-2291.6795	-2253.3534	-1.2392523	-2268.9	-2231.8773	-2268.5319
177	177	-1924.5016	-1926.0178	-1852.6988	-1.5161525	-1902.2713	-1837.5453	-1903.0743
178	178	-1781.2773	-1782.7853	-1738.769	-1.5079919	-1759.1629	-1723.0314	-1759.9657
179	179	-2924.4522	-2925.9491	-2897.0671	-1.4969324	-2901.8413	-2880.3918	-2902.6554
180	180	-1923.8726	-1924.96	-1869.5146	-1.0874758	-1901.8097	-1852.6003	-1901.3668
181	181	-2697.8347	-2699.2891	-2666.8835	-1.4543897	-2670.6636	-2650.9139	-2671.076
182	182	-2051.875	-2053.4059	-2010.642	-1.5309102	-2029.9156	-1993.8947	-2030.7188
183	183	-1664.9963	-1666.5066	-1607.9491	-1.5103243	-1642.7067	-1592.9754	-1643.511
184	184	-2710.6443	-2712.1851	-2657.8287	-1.5408129	-2688.9335	-2638.4808	-2689.3432
185	185	-3407.034	-3408.5182	-3379.3622	-1.4842223	-3384.5514	-3363.3692	-3384.3469
186	186	-3254.3076	-3256.3945	-3232.554	-2.0868786	-3231.1564	-3212.106	-3231.9033
187	187	-3507.5932	-3509.3019	-3459.1687	-1.7086248	-3486.2693	-3443.3197	-3487.0733
188	188	-3652.9835	-3654.4947	-3627.7045	-1.5111214	-3631.3098	-3610.6337	-3632.1131
189	189	-2211.3114	-2212.8294	-2164.4732	-1.5180669	-2187.0491	-2145.3584	-2187.852
190	190	-1429.8301	-1431.3373	-1361.7165	-1.5072152	-1407.3576	-1343.8991	-1408.1605
191	191	-2740.0149	-2738.8643	-2715.697	1.1506237	-2718.1712	-2699.2494	-2714.6986
192	192	-2403.0418	-2404.2506	-2339.8422	-1.2087579	-2381.1004	-2323.1409	-2381.2058
193	193	-3940.8334	-3932.8992	-3849.6833	7.9342963	-3916.2351	-3834.3227	-3906.9907
194	194	-1973.8539	-1975.3745	-1935.1113	-1.520577	-1951.1382	-1920.3016	-1951.9414
195	195	-2197.6034	-2199.0964	-2067.7042	-1.492948	-2175.3902	-2053.273	-2176.1931
196	196	-2609.6756	-2611.2004	-2536.5704	-1.5247845	-2587.7235	-2520.3581	-2588.5287
197	197	-2798.3006	-2799.6931	-2695.9186	-1.3924846	-2776.5902	-2681.7638	-2776.8129
198	198	-2140.5032	-2131.5354	-2106.4276	8.9677969	-2118.7402	-2087.4204	-2123.8185
199	199	-1600.5184	-1602.0465	-1560.9082	-1.5280939	-1578.7079	-1545.8089	-1578.5363
200	200	-2481.6145	-2481.9968	-2422.1186	-0.38234961	-2459.9042	-2406.9507	-2456.6646
201	201	-1738.4845	-1739.8714	-1680.1953	-1.3869102	-1716.3537	-1662.9208	-1715.3037
202	202	-3438.4105	-3439.8963	-3385.8728	-1.4857908	-3416.9002	-3369.5125	-3417.7083
203	203	-1826.6703	-1828.1998	-1782.5981	-1.529433	-1804.9924	-1765.0954	-1805.7958
204	204	-3097.0071	-3098.0844	-3068.9833	-1.0773094	-3075.391	-3050.7071	-3075.4052
205	205	-2129.861	-2131.3867	-2077.7986	-1.5256595	-2107.9538	-2063.1823	-2108.7576
206	206	-2072.6967	-2074.2366	-2039.6777	-1.5399278	-2049.9676	-2022.7884	-2050.7709
207	207	-2691.9133	-2693.5558	-2635.3941	-1.6425678	-2668.8562	-2619.9047	-2669.6593
208	208	-4028.7371	-4027.8834	-3974.9181	0.8536285	-4007.4642	-3959.6003	-4001.9065
209	209	-1979.9803	-1981.501	-1929.7829	-1.5206983	-1957.3001	-1913.3509	-1958.1162
210	210	-2909.7025	-2911.2156	-2833.4883	-1.5131725	-2888.1152	-2815.1038	-2888.9183
211	211	-3522.8789	-3524.7538	-3495.4799	-1.8748399	-3495.8446	-3477.8901	-3496.7496
212	212	-3377.4516	-3378.9933	-3337.9888	-1.5417022	-3355.615	-3319.0698	-3356.5875
213	213	-2364.1427	-2365.6475	-2296.5521	-1.504803	-2342.1744	-2280.3893	-2342.9782
214	214	-3133.2547	-3135.1993	-3129.0395	-1.944575	-3129.5404	-3108.9223	-3129.1565
215	215	-2403.991	-2404.3779	-2369.4008	-0.38682923	-2382.2823	-2352.517	-2380.5022
216	216	-3032.2308	-3033.7277	-2984.833	-1.4969002	-3010.7496	-2967.8736	-3011.5529
217	217	-2530.4058	-2531.8961	-2465.8845	-1.4903071	-2508.6524	-2451.509	-2509.4554
218	218	-2317.0972	-2318.6	-2272.7778	-1.5028719	-2295.1918	-2256.759	-2295.9948
219	219	-2428.6132	-2430.079	-2316.4305	-1.4658093	-2406.7473	-2302.1077	-2407.5502
220	220	-2460.3848	-2461.9119	-2425.869	-1.5271143	-2438.5838	-2409.4242	-2439.3868
221	221	-2092.1568	-2093.6829	-2021.8246	-1.5260851	-2070.1217	-2006.9431	-2070.9245
222	222	-2959.1097	-2960.3283	-2928.1286	-1.2186158	-2936.9736	-2913.4957	-2936.5668
223	223	-3221.6165	-3223.6062	-3210.0764	-1.9896758	-3199.4278	-3188.2829	-3197.6836
224	224	-2534.9923	-2536.4653	-2492.8684	-1.4730737	-2513.1874	-2478.159	-2513.9902
225	225	-2522.8243	-2521.9961	-2412.11	0.82817428	-2500.835	-2397.7939	-2496.2003
226	226	-2489.8979	-2491.4033	-2421.8841	-1.5053254	-2467.9873	-2407.5056	-2468.7904
227	227	-1862.6181	-1863.7948	-1814.8242	-1.1767312	-1840.5861	-1796.3035	-1840.4047
228	228	-2594.2399	-2595.7663	-2566.135	-1.52645	-2572.7749	-2549.0086	-2573.6283
229	229	-1627.2154	-1628.0276	-1557.6996	-0.81225457	-1604.7881	-1537.7308	-1603.8465
230	230	-2242.0733	-2243.5966	-2200.1236	-1.5232917	-2220.181	-2185.3053	-2220.9838
231	231	-3198.9527	-3200.2838	-3161.0421	-1.3310994	-3177.4419	-3144.8576	-3176.206
232	232	-3194.2293	-3195.6664	-3129.9395	-1.4371098	-3172.737	-3114.7666	-3173.2516
233	233	-3248.6916	-3241.8375	-3227.9695	6.8541274	-3225.832	-3212.8715	-3218.5622
234	234	-2001.6331	-2003.1429	-1933.5438	-1.5098466	-1979.788	-1917.9173	-1980.5911
235	235	-1566.1328	-1567.6147	-1518.1866	-1.4819323	-1541.0587	-1503.0362	-1541.8667
236	236	-2619.2202	-2621.1849	-2610.9572	-1.9646995	-2615.3794	-2587.3883	-2616.1822
237	237	-3034.5789	-3036.0721	-3009.9836	-1.4932234	-3013.0189	-2991.4761	-3012.7493
238	238	-1570.7174	-1571.4807	-1512.5985	-0.76332226	-1548.2868	-1495.019	-1547.3317
239	239	-2314.4126	-2314.3784	-2245.0399	0.034249745	-2292.547	-2224.7474	-2290.2574
240	240	-1849.1467	-1850.6704	-1805.3113	-1.5237571	-1826.9347	-1789.5087	-1827.7376
241	241	-2579.9987	-2581.5238	-2535.6697	-1.5250722	-2556.6446	-2519.9976	-2557.4656
242	242	-1573.0924	-1574.6132	-1503.6007	-1.5207585	-1550.6176	-1487.1876	-1551.4211
243	243	-1808.1743	-1809.6613	-1740.7412	-1.486968	-1785.1537	-1725.1703	-1785.9567
244	244	-2575.009	-2576.5173	-2508.4024	-1.5083019	-2553.2874	-2493.7989	-2554.0905
245	245	-3236.4489	-3230.7116	-3121.4516	5.7373083	-3214.2468	-3105.4007	-3204.2815
246	246	-2553.825	-2555.3551	-2527.6331	-1.5301502	-2530.7716	-2512.0264	-2531.5758
247	247	-2722.2611	-2723.7524	-2652.279	-1.4913387	-2700.4111	-2638.067	-2701.214
248	248	-2292.8641	-2294.0457	-2236.812	-1.1815805	-2270.9359	-2221.1821	-2270.836
249	249	-2234.1293	-2235.6533	-2173.8214	-1.5239086	-2212.1013	-2158.7501	-2212.9056
250	250	-1924.6241	-1926.1491	-1877.5347	-1.5250834	-1902.5953	-1858.4875	-1903.3983
251	251	-2179.0719	-2180.2628	-2131.4503	-1.190967	-2157.0691	-2114.9927	-2156.3942
252	252	-2824.807	-2826.1345	-2767.141	-1.3274281	-2803.1345	-2751.5782	-2803.4825
253	253	-2020.1671	-2021.4568	-1971.1224	-1.2896405	-1998.3719	-1955.1788	-1998.3707
254	254	-1802.858	-1804.39	-1765.6216	-1.5320443	-1780.702	-1750.7404	-1781.5048
255	255	-3099.6522	-3101.1653	-3063.8596	-1.5131352	-3077.756	-3046.9356	-3076.9843
256	256	-2508.1712	-2509.6838	-2451.3735	-1.5126164	-2486.4593	-2436.9006	-2487.2633
257	257	-3037.4804	-3038.9997	-2974.8463	-1.5192965	-3015.8086	-2959.3625	-3016.6122
258	258	-2660.1081	-2661.8037	-2631.8201	-1.6956668	-2637.4312	-2612.1332	-2637.6435
259	259	-2356.5758	-2358.1238	-2293.9262	-1.54798	-2334.6065	-2277.3308	-2335.4096
260	260	-2618.9154	-2620.4161	-2564.7568	-1.5007662	-2597.0915	-2548.5027	-2597.8946
261	261	-2788.719	-2790.5527	-2784.8223	-1.8336992	-2784.9347	-2763.0282	-2784.6614
262	262	-2587.8256	-2589.2865	-2560.9748	-1.4608967	-2566.2721	-2543.3833	-2566.6565
263	263	-2310.3151	-2311.8393	-2279.4607	-1.524194	-2287.5381	-2263.5718	-2288.3415
264	264	-2461.4208	-2462.9185	-2418.4883	-1.4976501	-2439.6709	-2402.0969	-2440.4741
265	265	-2477.0781	-2478.5551	-2426.7429	-1.4769343	-2455.2643	-2408.6861	-2456.0671
266	266	-4002.8539	-4004.3585	-3972.9983	-1.5045841	-3980.15	-3959.0266	-3980.6562
267	267	-1787.3854	-1788.904	-1734.2384	-1.5186298	-1765.7068	-1717.6316	-1766.5101
268	268	-2455.4148	-2457.0477	-2429.3697	-1.6328918	-2433.6982	-2411.7128	-2434.5011
269	269	-2791.3516	-2792.8753	-2748.6866	-1.523744	-2769.6013	-2728.3479	-2770.4054
270	270	-2762.9481	-2764.2821	-2663.354	-1.3339394	-2740.0978	-2649.1832	-2740.2658
271	271	-2442.0801	-2443.6016	-2336.9871	-1.5215297	-2420.1632	-2322.6918	-2420.5904
272	272	-2595.1832	-2596.7121	-2568.5065	-1.5289457	-2573.0261	-2549.3746	-2573.829
273	273	-2573.1955	-2574.8241	-2541.2882	-1.6285839	-2551.5115	-2523.6438	-2552.3156
274	274	-2483.8394	-2485.3424	-2443.2583	-1.5030683	-2459.8913	-2428.7938	-2460.6964
275	275	-1790.1125	-1791.6179	-1734.6925	-1.5054543	-1768.2174	-1717.0405	-1769.0211
276	276	-2275.0043	-2274.7007	-2219.1572	0.30365905	-2253.0122	-2199.9863	-2250.3865
277	277	-2775.3486	-2776.6211	-2736.1723	-1.2725237	-2753.5985	-2720.2184	-2754.0535
278	278	-2343.8278	-2345.3196	-2276.2582	-1.4917503	-2320.7756	-2261.6603	-2321.5784
279	279	-3611.0886	-3610.8699	-3586.6184	0.21870536	-3588.3842	-3567.8596	-3589.2796
280	280	-2620.2301	-2621.7283	-2554.2203	-1.4982351	-2597.5286	-2537.8174	-2597.2723
281	281	-2391.1121	-2387.8981	-2330.7201	3.2139733	-2369.1231	-2312.8493	-2362.0054
282	282	-2240.5557	-2241.7521	-2200.9789	-1.1964122	-2218.5835	-2185.1557	-2218.6592
283	283	-2958.4932	-2959.8793	-2832.0172	-1.3861403	-2936.8052	-2817.9419	-2935.9274
284	284	-2212.2782	-2213.8094	-2159.5759	-1.5311892	-2190.1313	-2142.038	-2190.9356
285	285	-3394.7164	-3395.112	-3318.6247	-0.3955592	-3370.0205	-3303.0203	-3366.258
286	286	-2727.3891	-2728.5481	-2603.2181	-1.1590794	-2705.5676	-2588.4215	-2703.7274
287	287	-3256.1501	-3257.662	-3236.2256	-1.5119159	-3234.1019	-3217.1354	-3234.9058
288	288	-2504.9693	-2506.4488	-2459.9083	-1.4795108	-2483.2338	-2445.3553	-2484.037
289	289	-2310.9069	-2312.1445	-2276.0573	-1.2375479	-2289.0559	-2257.474	-2289.1356
290	290	-2271.2331	-2272.3851	-2173.0933	-1.1520022	-2249.2091	-2158.2316	-2249.0677
291	291	-2008.5766	-2010.0973	-1951.3261	-1.5206469	-1986.6233	-1934.9619	-1987.4263
292	292	-2457.6664	-2459.1719	-2428.7054	-1.5054822	-2434.5198	-2412.8541	-2435.3232
293	293	-2829.2252	-2830.6981	-2800.3426	-1.4728872	-2807.9082	-2783.1275	-2808.4025
294	294	-2770.7882	-2772.0447	-2730.6699	-1.2565557	-2746.9392	-2713.6915	-2747.3276
295	295	-3305.2005	-3306.6977	-3277.177	-1.4972519	-3283.8426	-3261.7466	-3284.6454
296	296	-3002.1922	-3003.8752	-2948.2688	-1.6830171	-2978.0705	-2933.6256	-2978.4228
297	297	-1618.2276	-1619.7287	-1564.135	-1.501129	-1595.9313	-1546.7295	-1596.7341
298	298	-2763.306	-2764.8151	-2740.1764	-1.5090328	-2740.6588	-2719.4327	-2738.8006
299	299	-2400.3839	-2401.6805	-2363.9296	-1.2965856	-2378.6595	-2346.5773	-2378.7131
300	300	-2185.4922	-2186.9946	-2124.7707	-1.5023376	-2162.582	-2105.9747	-2163.3972
301	301	-3323.6529	-3323.6662	-3292.444	-0.013340607	-3301.3185	-3275.4332	-3298.6637
302	302	-2724.5962	-2726.0889	-2675.3441	-1.4927396	-2702.3486	-2661.0828	-2703.1534
303	303	-3075.1196	-3076.6156	-3030.6368	-1.4960184	-3053.4689	-3013.0916	-3054.2718
304	304	-2700.9053	-2699.6967	-2676.4489	1.2085987	-2679.1806	-2654.1893	-2675.7099
305	305	-3646.3077	-3647.073	-3585.8783	-0.76526668	-3624.8149	-3568.6383	-3624.2126
306	306	-1819.3071	-1821.0319	-1754.644	-1.7247793	-1795.9857	-1738.7313	-1795.4724
307	307	-1776.6315	-1777.6343	-1729.1322	-1.0028061	-1754.4846	-1711.4193	-1753.9531
308	308	-2925.4523	-2926.9558	-2903.5041	-1.5034649	-2903.9039	-2882.6109	-2904.7071
309	309	-2822.7573	-2824.2428	-2782.1871	-1.4855017	-2801.2022	-2767.7597	-2802.0056
310	310	-3918.0409	-3916.2127	-3907.3305	1.8281655	-3891.6112	-3885.0665	-3894.2002
311	311	-2862.2156	-2863.4574	-2816.9665	-1.2418332	-2840.519	-2799.4887	-2839.3827
312	312	-3232.8941	-3234.4187	-3164.6298	-1.5246666	-3210.668	-3149.3152	-3211.471
313	313	-2800.5348	-2802.069	-2758.0888	-1.5342491	-2778.5682	-2742.0974	-2778.9806
314	314	-3540.3228	-3541.8283	-3514.9545	-1.5055143	-3517.9253	-3500.4597	-3518.6522
315	315	-2437.1186	-2438.6464	-2357.4709	-1.5278474	-2415.1717	-2339.2835	-2415.9745
316	316	-3083.1215	-3079.0518	-3024.0802	4.0696886	-3061.2966	-3008.9699	-3053.5371
317	317	-2292.7765	-2292.3007	-2259.4817	0.47575335	-2276.8445	-2241.597	-2284.3351
318	318	-2051.689	-2053.1789	-1994.264	-1.4899728	-2029.6295	-1977.9082	-2030.4323
319	319	-1917.1119	-1918.6494	-1874.9528	-1.5375099	-1895.1406	-1858.8428	-1895.9441
320	320	-2383.0726	-2384.5788	-2314.5758	-1.5061744	-2361.1134	-2299.8048	-2361.9166
321	321	-3541.2624	-3540.7736	-3499.5592	0.48878127	-3519.2954	-3481.3588	-3516.5898
322	322	-1672.1186	-1673.6493	-1619.6646	-1.5306763	-1649.782	-1603.3115	-1650.5854
323	323	-2217.0888	-2218.3182	-2165.5044	-1.2294417	-2195.1888	-2150.2957	-2195.2287
324	324	-1804.085	-1805.583	-1749.4307	-1.4980278	-1781.9856	-1734.4163	-1782.7885
325	325	-1722.9113	-1724.4195	-1682.3562	-1.5082175	-1700.7928	-1666.4556	-1701.596
326	326	-3947.3203	-3949.0936	-3921.3597	-1.7733343	-3925.7513	-3905.5451	-3926.1169
327	327	-1790.1071	-1791.6195	-1718.1406	-1.512331	-1767.8435	-1697.8568	-1768.647
328	328	-2459.1154	-2460.6202	-2428.3424	-1.5048133	-2437.383	-2407.9195	-2437.1946
329	329	-2745.9556	-2747.2984	-2721.7292	-1.3427279	-2724.5673	-2704.4402	-2725.011
330	330	-1748.6311	-1750.1395	-1691.0198	-1.5083793	-1725.5111	-1674.9746	-1726.3143
331	331	-1821.6688	-1823.172	-1751.4312	-1.5032314	-1799.421	-1732.7994	-1800.2239
332	332	-2906.0579	-2907.3276	-2837.533	-1.2696391	-2884.3335	-2823.1756	-2884.7372
333	333	-3028.3165	-3030.2997	-2999.0952	-1.9832023	-3005.2499	-2981.613	-3004.8729
334	334	-2910.9781	-2912.6168	-2861.7601	-1.6386385	-2887.2535	-2847.0904	-2888.0567
335	335	-2671.2749	-2672.4514	-2589.4379	-1.1765023	-2649.4176	-2574.588	-2649.4488
336	336	-1958.7028	-1960.2021	-1897.9068	-1.4992462	-1936.6193	-1881.8607	-1937.4222
337	337	-2784.9227	-2786.4236	-2739.4038	-1.5009072	-2762.939	-2723.3607	-2763.7424
338	338	-2351.7228	-2353.2226	-2315.6506	-1.4998065	-2330.1646	-2296.9271	-2330.631
339	339	-3348.8221	-3350.3723	-3286.7188	-1.5501581	-3327.4557	-3270.9999	-3328.259
340	340	-1842.1397	-1843.6343	-1791.8595	-1.4946176	-1819.9409	-1775.6429	-1820.7438
341	341	-3751.2813	-3752.6869	-3727.3891	-1.405605	-3730.0112	-3710.9665	-3730.2847
342	342	-3393.1002	-3394.4931	-3362.2035	-1.39289	-3371.6761	-3346.1398	-3372.1495
343	343	-2962.7746	-2964.4116	-2943.3139	-1.6370149	-2940.2041	-2926.0687	-2940.7677
344	344	-2772.4924	-2774.1561	-2736.4583	-1.6637261	-2751.001	-2722.1018	-2751.8047
345	345	-2990.7925	-2992.0929	-2941.267	-1.3004291	-2969.1181	-2926.5636	-2969.396
346	346	-2326.126	-2327.6255	-2286.3787	-1.4994865	-2304.2432	-2269.6658	-2305.0468
347	347	-3636.3011	-3637.9589	-3591.8636	-1.6577521	-3613.2245	-3574.9513	-3612.9212
348	348	-2944.8447	-2946.3451	-2895.4904	-1.5004557	-2922.4145	-2880.7467	-2923.2175
349	349	-2694.9537	-2696.4712	-2631.6646	-1.5175532	-2673.3062	-2614.0663	-2674.1092
350	350	-2690.6707	-2692.1616	-2624.6995	-1.4909273	-2668.1915	-2610.2841	-2668.9954
351	351	-3438.3091	-3439.8078	-3363.0372	-1.498682	-3414.7148	-3345.9069	-3415.5429
352	352	-1883.2016	-1884.364	-1839.7342	-1.162411	-1858.3873	-1821.3799	-1857.9289
353	353	-1641.6106	-1643.1304	-1561.9667	-1.5197846	-1619.2142	-1545.9314	-1620.0183
354	354	-2749.897	-2740.4185	-2721.7043	9.4785965	-2726.1164	-2704.9642	-2733.0601
355	355	-3056.4273	-3057.9321	-3017.4888	-1.5047799	-3032.0982	-3003.3102	-3032.9052
356	356	-2671.0697	-2672.7128	-2652.1822	-1.6430879	-2667.252	-2629.2912	-2665.7358
357	357	-2909.2981	-2910.8123	-2864.9528	-1.5141997	-2887.771	-2846.1249	-2888.5752
358	358	-2351.3468	-2352.8612	-2299.1705	-1.5143417	-2328.4206	-2280.8113	-2329.2237
359	359	-2493.5264	-2494.9837	-2413.1019	-1.4573615	-2471.7536	-2398.5744	-2472.5564
360	360	-3567.5687	-3569.0885	-3550.0492	-1.5198177	-3544.9407	-3533.9872	-3543.8146
361	361	-2560.6249	-2562.1284	-2523.0102	-1.5034474	-2538.8707	-2507.3251	-2538.5481
362	362	-4297.6259	-4298.7927	-4256.5408	-1.1667793	-4275.4551	-4242.7118	-4276.2118
363	363	-1845.1968	-1846.3356	-1798.2627	-1.1388696	-1823.3508	-1779.6442	-1822.8834
364	364	-2452.2078	-2453.6916	-2405.7054	-1.4837373	-2429.666	-2390.2067	-2430.4692
365	365	-1974.8707	-1976.3857	-1925.2896	-1.5150669	-1952.8279	-1909.9393	-1953.6308
366	366	-1556.6169	-1558.1168	-1492.4546	-1.4998538	-1534.1992	-1477.3936	-1535.0025
367	367	-2573.8909	-2575.1872	-2509.3498	-1.2963675	-2551.3363	-2489.2316	-2551.3193
368	368	-3198.957	-3200.5479	-3161.2124	-1.5908791	-3177.4173	-3145.4875	-3178.2225
369	369	-2654.3804	-2655.8835	-2622.8307	-1.5031505	-2631.3786	-2604.3941	-2632.1824
370	370	-2433.765	-2435.2784	-2373.5256	-1.513445	-2411.8926	-2359.1063	-2412.6956
371	371	-2593.4132	-2594.9499	-2541.9741	-1.5366273	-2570.791	-2527.2085	-2571.5969
372	372	-2565.0924	-2566.6214	-2530.5366	-1.5290104	-2543.3208	-2515.8116	-2544.1238
373	373	-3560.2175	-3561.6995	-3523.1232	-1.4820013	-3538.7337	-3509.0505	-3539.3354
374	374	-1892.873	-1894.3863	-1835.322	-1.5133341	-1870.7516	-1820.5521	-1871.5545
375	375	-1380.4438	-1381.988	-1319.3419	-1.5442224	-1357.9874	-1300.1035	-1358.2439
376	376	-2782.0656	-2782.4517	-2705.674	-0.38608516	-2760.2926	-2686.9631	-2758.6751
377	377	-2889.3768	-2890.5522	-2821.8472	-1.1753654	-2867.7776	-2805.3443	-2866.9549
378	378	-2859.8737	-2861.5582	-2826.8989	-1.6844571	-2837.9203	-2811.1758	-2838.4136
379	379	-2691.2383	-2692.7551	-2639.1311	-1.5167416	-2669.435	-2624.5763	-2670.2381
380	380	-2556.1971	-2557.7187	-2528.8784	-1.5216493	-2534.4324	-2512.1392	-2535.2353
381	381	-2563.8623	-2565.2475	-2506.3005	-1.3852542	-2542.1707	-2491.02	-2540.4782
382	382	-4183.6056	-4185.4348	-4115.9853	-1.8291946	-4160.8238	-4101.25	-4161.6321
383	383	-1943.3229	-1944.4442	-1895.2087	-1.121238	-1921.2231	-1879.4646	-1921.0378
384	384	-2008.6723	-2010.1689	-1950.2217	-1.4965986	-1986.6383	-1932.2868	-1987.4412
385	385	-2329.121	-2330.6087	-2218.1544	-1.4876314	-2307.0639	-2203.6676	-2307.8667
386	386	-1612.9785	-1614.4983	-1556.7027	-1.5198044	-1590.8034	-1540.8952	-1591.6076
387	387	-2095.18	-2096.3262	-2049.3178	-1.1461603	-2073.2254	-2028.8243	-2073.0817
388	388	-2748.7284	-2750.2436	-2707.3791	-1.5151799	-2726.9979	-2692.3326	-2727.8007
389	389	-2170.2318	-2171.3916	-2081.2925	-1.1598394	-2147.9028	-2065.9111	-2147.5216
390	390	-2057.3319	-2058.8657	-1995.415	-1.533802	-2034.5983	-1980.8029	-2035.4201
391	391	-2145.8599	-2147.3525	-2080.5917	-1.4926642	-2124.2048	-2063.2982	-2125.0077
392	392	-3303.5642	-3305.0513	-3257.6529	-1.4871202	-3281.4599	-3238.1503	-3282.0743
393	393	-3267.8059	-3269.3458	-3208.3738	-1.5399052	-3245.4159	-3192.5744	-3245.8789
394	394	-2116.3142	-2117.8575	-2066.5363	-1.5432553	-2094.3303	-2051.0225	-2095.1331
395	395	-2572.2175	-2573.5837	-2509.4817	-1.3662179	-2550.4938	-2489.4309	-2550.7127
396	396	-3000.1721	-3001.7714	-2913.7273	-1.59927	-2978.5559	-2896.5631	-2979.3593
397	397	-2067.2238	-2068.7432	-2023.3764	-1.5194207	-2044.2387	-2004.978	-2045.0476
398	398	-1885.6313	-1887.2482	-1819.1591	-1.6168285	-1863.1747	-1800.3674	-1863.9788
399	399	-2274.2649	-2275.0697	-2200.22	-0.80473786	-2252.2702	-2184.9373	-2250.4913
400	400	-2826.6031	-2828.1375	-2767.8738	-1.5343366	-2804.8819	-2752.3302	-2805.6847
401	401	-1681.0787	-1681.3581	-1647.3461	-0.27932018	-1658.17	-1629.5086	-1656.3514
402	402	-2860.0069	-2861.6688	-2808.0737	-1.6618949	-2838.4476	-2793.7227	-2839.0158
403	403	-3001.8069	-3003.3504	-2951.0371	-1.5435144	-2978.5774	-2936.8378	-2979.3807
404	404	-2479.236	-2480.5244	-2413.9495	-1.288363	-2457.488	-2399.0302	-2457.4314
405	405	-2429.1679	-2430.6983	-2388.3267	-1.5304435	-2407.3084	-2370.4169	-2408.1113
406	406	-1954.4977	-1955.9997	-1904.5416	-1.5019379	-1932.406	-1889.8052	-1933.2093
407	407	-2536.4647	-2537.1571	-2497.6171	-0.69236303	-2514.6359	-2482.3653	-2513.5907
408	408	-2220.4138	-2221.9608	-2153.7445	-1.5469801	-2198.4269	-2139.1455	-2199.2302
409	409	-2225.078	-2226.6014	-2182.0464	-1.5233593	-2203.2963	-2167.1926	-2204.0991
410	410	-2343.6463	-2345.2876	-2301.3836	-1.6412572	-2319.2239	-2286.628	-2320.0368
411	411	-4715.7517	-4717.1043	-4659.6923	-1.3525917	-4690.994	-4642.7979	-4691.7258
412	412	-2249.8512	-2251.3409	-2202.7267	-1.4897496	-2228.068	-2187.9676	-2228.8716
413	413	-2359.0378	-2360.5344	-2314.0133	-1.4966327	-2337.2387	-2291.3776	-2338.0414
414	414	-2966.7817	-2965.3092	-2858.0108	1.4725144	-2945.1482	-2843.4894	-2939.9832
415	415	-3068.2184	-3069.9271	-3033.4028	-1.7087293	-3045.2044	-3016.5431	-3044.6325
416	416	-2782.619	-2784.1379	-2750.2328	-1.5188549	-2760.94	-2730.2276	-2761.695
417	417	-1906.6796	-1908.1902	-1855.5804	-1.5105606	-1884.6296	-1838.4083	-1885.4328
418	418	-2633.9601	-2634.2243	-2596.9876	-0.26419895	-2608.805	-2578.3817	-2608.3648
419	419	-3147.385	-3148.9153	-3123.6669	-1.5302852	-3125.5189	-3104.3516	-3126.3235
420	420	-3036.0666	-3038.1646	-3006.3637	-2.0979151	-3012.2074	-2986.3623	-3012.7832
421	421	-3004.2587	-3005.7778	-2940.7527	-1.5191027	-2981.7012	-2924.1735	-2982.5737
422	422	-3461.0146	-3462.328	-3401.9246	-1.3133785	-3439.4988	-3386.7614	-3438.3315
423	423	-2075.1863	-2076.6595	-2028.0436	-1.4731995	-2053.3101	-2012.5232	-2054.0998
424	424	-1894.4813	-1895.9975	-1851.923	-1.5161979	-1872.3613	-1834.3359	-1873.1644
425	425	-3116.6813	-3118.3892	-3071.8875	-1.7079003	-3095.0796	-3053.8259	-3093.7985
426	426	-2084.9645	-2086.4525	-2025.2701	-1.4879339	-2062.7484	-2006.6567	-2063.5516
427	427	-2008.0796	-2009.1921	-1976.5925	-1.1124982	-1986.0225	-1960.45	-1984.0539
428	428	-1960.7479	-1961.2219	-1919.0369	-0.47402015	-1938.6923	-1901.3336	-1937.3889
429	429	-1603.0171	-1604.5503	-1546.9337	-1.5332416	-1580.7719	-1530.0963	-1579.9637
430	430	-2027.072	-2018.6237	-2004.8084	8.4482673	-2023.0474	-1982.56	-2010.2075
431	431	-2533.5817	-2535.0845	-2501.6891	-1.5028412	-2511.794	-2484.6099	-2512.5974
432	432	-2186.7629	-2187.9803	-2152.2849	-1.2174271	-2164.8191	-2134.5751	-2164.8316
433	433	-3128.8833	-3128.4827	-3103.5342	0.40061654	-3107.1925	-3085.5477	-3104.1575
434	434	-2857.3868	-2858.8907	-2774.8392	-1.5039043	-2833.1811	-2760.3733	-2832.7357
435	435	-2425.6664	-2427.1751	-2347.6223	-1.5086527	-2403.6817	-2333.006	-2404.4861
436	436	-2229.3727	-2230.8736	-2184.1763	-1.5008433	-2207.3914	-2166.8605	-2208.1943
437	437	-1507.003	-1508.5072	-1438.2842	-1.5041524	-1484.6269	-1420.9907	-1485.4297
438	438	-3121.7646	-3123.432	-3094.1902	-1.6674573	-3099.8675	-3079.0603	-3100.1734
439	439	-3370.284	-3372.2485	-3335.402	-1.9644831	-3343.0678	-3319.9688	-3343.7422
440	440	-2404.4711	-2405.9908	-2333.6906	-1.5196891	-2382.5192	-2318.2361	-2383.3228
441	441	-3782.0434	-3783.559	-3723.5576	-1.5156599	-3759.4138	-3703.5809	-3760.2533
442	442	-4020.3679	-4021.7673	-3996.073	-1.3993861	-3998.0422	-3979.4893	-3998.7901
443	443	-2900.6676	-2902.1654	-2857.9505	-1.497801	-2878.9904	-2842.5313	-2878.8552
444	444	-3210.5738	-3211.822	-3119.0511	-1.2482005	-3187.4903	-3105.0853	-3184.5231
445	445	-3373.731	-3375.2316	-3341.38	-1.5006403	-3350.6907	-3327.132	-3352.0054
446	446	-2163.7822	-2165.3026	-2096.0241	-1.5203316	-2140.733	-2080.1471	-2141.536
447	447	-2687.3964	-2686.1926	-2659.7778	1.2037881	-2665.7802	-2637.7701	-2662.171
448	448	-1849.9959	-1851.5136	-1805.2722	-1.5177647	-1826.6379	-1790.4038	-1827.4415
449	449	-4073.6718	-4072.7329	-4050.0139	0.93885661	-4047.649	-4033.4825	-4048.5263
450	450	-2938.7466	-2940.5293	-2894.2178	-1.7827317	-2916.8495	-2878.0491	-2916.5295
451	451	-2822.5935	-2823.0206	-2763.1644	-0.42713064	-2798.6211	-2748.9651	-2796.6168
452	452	-3241.7275	-3243.2066	-3215.2861	-1.4790744	-3220.137	-3198.5232	-3219.5017
453	453	-2098.4773	-2099.5653	-2060.545	-1.0880066	-2076.1843	-2044.8626	-2075.9514
454	454	-2523.9797	-2525.4795	-2487.2058	-1.4997844	-2500.8021	-2469.3628	-2501.6067
455	455	-3761.8457	-3760.907	-3698.6086	0.93874768	-3739.6793	-3682.2726	-3734.7189
456	456	-3164.1081	-3164.6371	-3130.9305	-0.52900105	-3141.5797	-3112.7054	-3139.6885
457	457	-2974.1706	-2974.68	-2939.4368	-0.50946067	-2952.2175	-2920.3292	-2951.076
458	458	-2890.5971	-2891.8627	-2805.5013	-1.265595	-2868.8291	-2790.1079	-2869.1577
459	459	-2674.7326	-2676.4073	-2646.9868	-1.6747445	-2652.8081	-2624.9196	-2653.6115
460	460	-3608.4088	-3609.4017	-3552.1115	-0.99289048	-3585.2078	-3537.7447	-3584.9458
461	461	-2442.8753	-2443.984	-2358.4364	-1.1087266	-2420.9324	-2343.275	-2420.8085
462	462	-2430.0246	-2431.5112	-2393.8694	-1.4865559	-2406.9422	-2374.6129	-2408.1704
463	463	-2327.9988	-2328.6242	-2263.2815	-0.6253764	-2305.8717	-2245.0716	-2304.6246
464	464	-3294.8088	-3296.3058	-3225.2583	-1.496963	-3273.1869	-3206.4362	-3273.8251
465	465	-3018.1541	-3019.6691	-2972.5522	-1.5149356	-2995.1777	-2958.3844	-2995.9883
466	466	-2700.5875	-2701.8527	-2639.7624	-1.2651764	-2678.8053	-2621.9331	-2679.1209
467	467	-2248.0592	-2249.5682	-2202.732	-1.5089196	-2225.2421	-2187.9203	-2226.0453
468	468	-2546.4017	-2547.9066	-2509.7332	-1.5048898	-2523.652	-2495.3017	-2523.1641
469	469	-2288.9075	-2290.5803	-2240.5802	-1.6727661	-2264.837	-2225.5123	-2265.5117
470	470	-2987.2734	-2988.7762	-2955.4596	-1.5027814	-2965.6759	-2940.3799	-2966.3129
471	471	-3048.968	-3047.1842	-2943.5836	1.7837586	-3027.221	-2927.0488	-3021.4909
472	472	-1788.2312	-1789.3756	-1742.5494	-1.1443773	-1766.4395	-1726.4626	-1767.2456
473	473	-3197.5094	-3198.0285	-3144.2495	-0.51912717	-3175.8811	-3128.1136	-3174.5488
474	474	-2454.1372	-2455.6488	-2417.7607	-1.5116362	-2429.3244	-2401.8647	-2430.1294
475	475	-1779.7723	-1780.8267	-1733.978	-1.0544436	-1757.5847	-1717.2353	-1757.205
476	476	-3288.3775	-3289.8963	-3252.6117	-1.5187765	-3265.5234	-3238.2186	-3266.4076
477	477	-1990.9826	-1992.5144	-1943.0345	-1.531807	-1968.8879	-1924.4618	-1969.6908
478	478	-1714.7996	-1716.3267	-1631.7435	-1.5270991	-1692.3107	-1616.6242	-1693.114
479	479	-1779.058	-1780.5666	-1745.0125	-1.5086364	-1756.4767	-1729.3036	-1757.2798
480	480	-2041.8475	-2042.1079	-1975.0159	-0.26038979	-2019.7194	-1960.3957	-2016.0654
481	481	-2746.2203	-2747.6546	-2705.8491	-1.4342995	-2724.125	-2689.8518	-2724.466
482	482	-2945.1438	-2945.507	-2879.2662	-0.3632295	-2922.6002	-2864.3178	-2919.0576
483	483	-2730.5435	-2731.91	-2700.8672	-1.3665122	-2708.9433	-2684.6619	-2709.2041
484	484	-2568.1615	-2569.1733	-2532.5462	-1.0118741	-2546.172	-2513.182	-2544.5517
485	485	-3908.7226	-3910.2372	-3863.2102	-1.5146465	-3887.2972	-3849.2995	-3888.1004
486	486	-2572.5999	-2574.2703	-2523.9818	-1.6703427	-2551.1019	-2509.4636	-2550.0606
487	487	-4015.7222	-4017.45	-4008.98	-1.7278533	-4012.2411	-3989.7979	-4005.201
488	488	-3032.0605	-3032.2305	-2877.6017	-0.1700071	-3010.0665	-2862.0335	-3006.7044
489	489	-1986.8617	-1988.3488	-1936.3514	-1.4871071	-1964.7819	-1918.8524	-1965.585
490	490	-2368.7377	-2370.23	-2308.1768	-1.4922693	-2345.9864	-2293.6713	-2346.7894
491	491	-1772.2436	-1772.5631	-1720.3077	-0.31948179	-1750.1092	-1700.7617	-1748.5251
492	492	-2797.0102	-2798.4606	-2761.9987	-1.4503702	-2775.1235	-2745.2945	-2775.8041
493	493	-3254.8187	-3256.3314	-3201.7803	-1.5126547	-3233.4772	-3187.7137	-3234.28
494	494	-2962.8285	-2964.342	-2934.938	-1.5135724	-2941.2072	-2917.6887	-2942.0159
495	495	-2643.3605	-2644.8433	-2604.5306	-1.4828091	-2621.8309	-2584.2582	-2622.6342
496	496	-2031.3301	-2032.4075	-1986.4025	-1.0774715	-2009.3132	-1968.3384	-2009.068
497	497	-2514.1151	-2515.6665	-2477.8912	-1.5513522	-2492.5056	-2457.912	-2493.3087
498	498	-2114.3917	-2115.9448	-2062.1035	-1.5531115	-2092.4109	-2039.9262	-2093.2192
499	499	-2459.5104	-2461.0072	-2373.9821	-1.4967771	-2437.5037	-2357.2425	-2438.3075
